#Frame             d1
       1      10.4585
       2      10.6288
       3      10.4793
       4      10.6349
       5      10.4913
       6      10.4406
       7      10.5858
       8      10.7746
       9      10.8360
      10      10.9818
      11      11.0159
      12      11.1901
      13      10.9582
      14      10.9358
      15      10.7872
      16      10.6375
      17      10.3846
      18      10.4210
      19      10.4547
      20      10.5584
      21      10.4055
      22      10.5318
      23      10.5082
      24      10.5649
      25      10.7285
      26      10.4757
      27      10.2954
      28      10.4433
      29      10.3801
      30      10.3222
      31      10.0281
      32      10.0702
      33      10.2628
      34      10.1251
      35      10.1522
      36      10.0830
      37      10.3596
      38      10.2659
      39      10.3011
      40      10.3677
      41      10.2705
      42      10.1506
      43      10.0207
      44       9.9651
      45       9.9270
      46       9.9142
      47      10.0612
      48      10.1406
      49      10.0444
      50      10.1187
      51      10.0335
      52      10.1939
      53      10.3537
      54      10.4552
      55      10.3161
      56      10.2636
      57      10.1175
      58      10.0858
      59      10.0254
      60      10.2442
      61      10.2144
      62      10.1389
      63      10.1608
      64      10.2128
      65      10.1298
      66      10.1548
      67      10.1198
      68      10.0923
      69      10.1909
      70       9.9432
      71      10.0380
      72      10.0361
      73      10.1861
      74      10.1514
      75      10.2619
      76      10.0774
      77       9.9716
      78       9.8585
      79       9.8838
      80      10.0198
      81      10.1693
      82      10.3849
      83      10.4359
      84      10.4481
      85      10.3088
      86      10.1933
      87      10.0360
      88      10.1447
      89      10.1165
      90      10.1151
      91      10.2580
      92      10.2970
      93      10.3339
      94      10.5057
      95      10.4587
      96      10.5985
      97      10.5561
      98      10.3019
      99      10.3491
     100      10.2341
     101      10.1582
     102      10.2045
     103      10.1306
     104      10.2227
     105      10.4392
     106      10.3112
     107      10.3903
     108      10.2986
     109      10.2542
     110      10.2095
     111      10.1996
     112      10.1535
     113      10.1007
     114      10.0088
     115      10.2442
     116      10.3465
     117      10.5031
     118      10.6501
     119      10.6037
     120      10.6063
     121      10.5551
     122      10.4847
     123      10.4278
     124      10.3333
     125      10.3166
     126      10.2992
     127      10.3378
     128      10.4097
     129      10.4423
     130      10.4366
     131      10.3998
     132      10.5826
     133      10.7474
     134      10.8144
     135      10.7613
     136      10.7943
     137      10.7473
     138      10.6305
     139      10.5759
     140      10.5009
     141      10.4096
     142      10.3243
     143      10.3190
     144      10.4175
     145      10.5589
     146      10.4750
     147      10.4821
     148      10.4485
     149      10.3152
     150      10.3207
     151      10.4331
     152      10.5323
     153      10.4912
     154      10.6531
     155      10.4491
     156      10.2939
     157       9.8720
     158       9.7733
     159       9.7562
     160      10.0118
     161      10.1963
     162      10.3374
     163      10.6203
     164      10.8166
     165      10.7153
     166      10.5708
     167      10.4066
     168      10.3134
     169      10.1615
     170       9.9602
     171       9.9501
     172       9.9901
     173      10.1505
     174      10.2662
     175      10.0108
     176       9.9867
     177      10.1123
     178      10.2595
     179      10.3721
     180      10.3993
     181      10.3742
     182      10.3750
     183      10.0887
     184      10.0102
     185      10.0118
     186      10.0150
     187      10.1789
     188      10.2452
     189      10.2770
     190      10.1942
     191      10.3396
     192      10.4685
     193      10.4369
     194      10.3157
     195      10.2682
     196      10.1947
     197      10.2442
     198      10.3392
     199      10.2832
     200      10.3959
     201      10.3460
     202      10.3569
     203      10.4009
     204      10.3584
     205      10.1590
     206      10.2172
     207       9.8552
     208       9.7669
     209       9.7590
     210       9.8477
     211       9.8007
     212      10.0932
     213      10.1777
     214      10.3366
     215      10.2081
     216      10.3235
     217      10.2250
     218      10.1020
     219      10.4065
     220      10.5782
     221      10.5755
     222      10.4502
     223      10.4624
     224      10.4050
     225      10.3839
     226      10.5623
     227      10.4888
     228      10.3474
     229      10.3631
     230      10.1661
     231      10.0580
     232      10.0188
     233       9.8929
     234      10.0522
     235      10.1305
     236      10.1163
     237      10.3869
     238      10.2505
     239      10.2072
     240      10.4491
     241      10.3713
     242      10.3378
     243      10.4695
     244      10.4682
     245      10.3437
     246      10.2248
     247      10.1359
     248      10.0902
     249      10.1100
     250      10.0691
     251      10.2274
     252      10.4629
     253      10.3951
     254      10.2814
     255      10.2789
     256      10.1416
     257      10.2623
     258      10.1169
     259      10.0179
     260      10.2932
     261      10.5058
     262      10.5103
     263      10.6374
     264      10.5724
     265      10.6698
     266      10.4893
     267      10.5044
     268      10.5061
     269      10.3719
     270      10.1780
     271      10.4283
     272      10.5346
     273      10.6186
     274      10.4361
     275      10.3563
     276      10.5039
     277      10.3003
     278      10.2058
     279      10.1692
     280      10.3428
     281      10.3533
     282      10.1390
     283      10.1437
     284      10.1294
     285      10.2278
     286      10.1374
     287      10.1381
     288      10.2734
     289      10.3548
     290      10.3475
     291      10.1592
     292      10.1451
     293      10.2169
     294      10.3422
     295      10.5513
     296      10.5289
     297      10.4126
     298      10.5247
     299      10.5274
     300      10.6293
     301      10.5819
     302      10.4187
     303      10.3375
     304      10.4408
     305      10.4293
     306      10.3688
     307      10.3168
     308      10.3870
     309      10.5314
     310      10.6913
     311      10.7862
     312      10.5185
     313      10.4437
     314      10.4407
     315      10.3911
     316      10.4234
     317      10.4394
     318      10.4987
     319      10.6524
     320      10.7237
     321      10.5919
     322      10.6615
     323      10.5388
     324      10.4039
     325      10.3228
     326      10.4094
     327      10.4827
     328      10.4328
     329      10.3068
     330      10.3461
     331      10.3329
     332      10.1275
     333      10.2175
     334      10.3746
     335      10.4968
     336      10.4662
     337      10.4468
     338      10.2873
     339      10.3057
     340      10.3471
     341      10.3194
     342      10.1255
     343      10.1577
     344      10.0110
     345      10.1435
     346      10.1961
     347      10.3750
     348      10.6263
     349      10.7483
     350      10.8582
     351      10.7364
     352      10.6738
     353      10.7449
     354      10.8418
     355      10.8147
     356      10.7052
     357      10.6786
     358      10.4967
     359      10.4056
     360      10.4231
     361      10.6283
     362      10.5475
     363      10.8249
     364      10.7719
     365      10.6496
     366      10.4174
     367      10.2656
     368      10.4673
     369      10.6418
     370      10.5036
     371      10.5292
     372      10.4688
     373      10.3844
     374      10.2355
     375      10.2645
     376      10.3890
     377      10.4514
     378      10.6207
     379      10.6752
     380      10.6055
     381      10.6171
     382      10.6430
     383      10.4896
     384      10.4549
     385      10.6891
     386      10.5875
     387      10.7434
     388      10.6424
     389      10.6675
     390      10.4419
     391      10.3214
     392      10.3733
     393      10.2565
     394      10.4343
     395      10.4446
     396      10.3942
     397      10.4090
     398      10.2544
     399      10.1594
     400      10.3775
