#Frame             d3
       1       8.7684
       2       8.7348
       3       8.9490
       4       9.0818
       5       8.8751
       6       8.6545
       7       8.7084
       8       8.9494
       9       9.0809
      10       9.0433
      11       9.1159
      12       9.2400
      13       9.5012
      14       9.4174
      15       9.4467
      16       9.4577
      17       9.4994
      18       9.3639
      19       9.3056
      20       9.1726
      21       8.9845
      22       8.8185
      23       8.7589
      24       8.6239
      25       8.6152
      26       8.7461
      27       8.6799
      28       8.6626
      29       8.6406
      30       8.7162
      31       8.7474
      32       8.6118
      33       8.4529
      34       8.6534
      35       8.5753
      36       8.5682
      37       8.7338
      38       8.4249
      39       8.4752
      40       8.5910
      41       8.5782
      42       8.4235
      43       8.5991
      44       8.3098
      45       8.4242
      46       8.4607
      47       8.3849
      48       8.6344
      49       8.4936
      50       8.5685
      51       8.4534
      52       8.2043
      53       8.2809
      54       8.3165
      55       8.5155
      56       8.5826
      57       8.8028
      58       8.8920
      59       8.9718
      60       8.8292
      61       8.9429
      62       8.9900
      63       8.9835
      64       8.8525
      65       8.7785
      66       8.8444
      67       8.7356
      68       8.4689
      69       8.6795
      70       8.6617
      71       8.6901
      72       8.5685
      73       8.6465
      74       8.7756
      75       8.8587
      76       8.9387
      77       8.8504
      78       8.9070
      79       8.7952
      80       8.9646
      81       8.9171
      82       8.8847
      83       8.7923
      84       8.7733
      85       8.8917
      86       8.7348
      87       8.9355
      88       8.9205
      89       8.9082
      90       8.7417
      91       8.6163
      92       8.8244
      93       8.9245
      94       8.8383
      95       8.7124
      96       8.2711
      97       8.0024
      98       8.0228
      99       8.2302
     100       8.1640
     101       8.3344
     102       8.2138
     103       8.1063
     104       8.2056
     105       8.2116
     106       8.2043
     107       8.0993
     108       8.0303
     109       8.2532
     110       8.5305
     111       8.6713
     112       8.7181
     113       8.7529
     114       8.7723
     115       8.8692
     116       8.6942
     117       8.7283
     118       8.7402
     119       8.5687
     120       8.5908
     121       8.7177
     122       9.0042
     123       9.1824
     124       9.3395
     125       9.3561
     126       9.1830
     127       9.1044
     128       9.0015
     129       9.0733
     130       9.0407
     131       9.1248
     132       9.0811
     133       9.0319
     134       9.0984
     135       8.9206
     136       8.9079
     137       8.9625
     138       9.0239
     139       8.9345
     140       8.7729
     141       8.6106
     142       8.5646
     143       8.7715
     144       8.7845
     145       8.9221
     146       8.8216
     147       8.8889
     148       9.0784
     149       9.0058
     150       8.9099
     151       8.9032
     152       9.0373
     153       8.9425
     154       8.9152
     155       8.9022
     156       8.8906
     157       8.8523
     158       8.8951
     159       9.0457
     160       9.1651
     161       9.3230
     162       9.1154
     163       9.0418
     164       9.0366
     165       9.0353
     166       8.8911
     167       8.8726
     168       8.8265
     169       8.9985
     170       9.1173
     171       9.1766
     172       9.3563
     173       9.4722
     174       9.3566
     175       9.3133
     176       9.0334
     177       9.1917
     178       9.0961
     179       9.0997
     180       9.0798
     181       9.0230
     182       9.0972
     183       8.8589
     184       9.1275
     185       9.0869
     186       9.0970
     187       9.2281
     188       9.0887
     189       9.1037
     190       9.2332
     191       9.2811
     192       9.4685
     193       9.1283
     194       9.0481
     195       9.0025
     196       8.9736
     197       8.8901
     198       9.0856
     199       8.9498
     200       9.0705
     201       9.0365
     202       8.8251
     203       8.7975
     204       8.6956
     205       8.7780
     206       8.7468
     207       8.8446
     208       8.8580
     209       8.9019
     210       9.0983
     211       8.9935
     212       9.0142
     213       9.0944
     214       9.1185
     215       9.2426
     216       9.1180
     217       8.8762
     218       8.6769
     219       8.3252
     220       8.1204
     221       8.0930
     222       8.0801
     223       8.0814
     224       8.1690
     225       8.2921
     226       8.1449
     227       8.1124
     228       8.3219
     229       8.4497
     230       8.2928
     231       8.3786
     232       8.3679
     233       8.3150
     234       8.3974
     235       8.5628
     236       8.5954
     237       8.7491
     238       8.7033
     239       8.7618
     240       8.6726
     241       8.7163
     242       8.7508
     243       8.7945
     244       9.0102
     245       9.1006
     246       8.8687
     247       9.0083
     248       8.9916
     249       8.8418
     250       8.6968
     251       8.7522
     252       8.9246
     253       8.9041
     254       8.9045
     255       8.9541
     256       8.8929
     257       8.9695
     258       8.9129
     259       9.0547
     260       8.8715
     261       8.9463
     262       9.1083
     263       9.4394
     264       9.4636
     265       9.3950
     266       9.4507
     267       9.4579
     268       9.3666
     269       9.5361
     270       9.2860
     271       9.3074
     272       9.1174
     273       8.9243
     274       8.8761
     275       8.8784
     276       8.8651
     277       9.0464
     278       9.0744
     279       8.9898
     280       8.9676
     281       9.0945
     282       8.9613
     283       9.1204
     284       8.8816
     285       9.0399
     286       8.9207
     287       8.7207
     288       8.7480
     289       8.6429
     290       8.5456
     291       8.6033
     292       8.5605
     293       8.6025
     294       8.5133
     295       8.2360
     296       8.1848
     297       8.2536
     298       8.1953
     299       8.1206
     300       8.1220
     301       8.2471
     302       7.9868
     303       7.8098
     304       7.8246
     305       7.7339
     306       7.6534
     307       7.4505
     308       7.4224
     309       7.4690
     310       7.5218
     311       7.6245
     312       7.5537
     313       7.5786
     314       7.5658
     315       7.7056
     316       7.5781
     317       7.5605
     318       7.6186
     319       7.6061
     320       7.4828
     321       7.6397
     322       7.6073
     323       7.6443
     324       7.5153
     325       7.3831
     326       7.1583
     327       7.2376
     328       7.2371
     329       7.2671
     330       7.2362
     331       7.3183
     332       7.4386
     333       7.3839
     334       7.4060
     335       7.4545
     336       7.4701
     337       7.5127
     338       7.3940
     339       7.4731
     340       7.3648
     341       7.4383
     342       7.2618
     343       7.3751
     344       7.2518
     345       7.2219
     346       7.2470
     347       7.4317
     348       7.5781
     349       7.7731
     350       7.7951
     351       7.8988
     352       7.8764
     353       7.8899
     354       7.7657
     355       7.9265
     356       7.9228
     357       8.0921
     358       8.1481
     359       8.0075
     360       7.9834
     361       7.8784
     362       7.7643
     363       7.6627
     364       7.7975
     365       8.0410
     366       8.2030
     367       8.4410
     368       8.2345
     369       8.1881
     370       8.0367
     371       7.9500
     372       7.7659
     373       7.9674
     374       8.0910
     375       8.1938
     376       8.2394
     377       8.2906
     378       8.2024
     379       8.0342
     380       8.0830
     381       8.1926
     382       7.9497
     383       7.9251
     384       7.8853
     385       8.0002
     386       8.1412
     387       8.2694
     388       8.1631
     389       8.1016
     390       8.1120
     391       7.9530
     392       7.9000
     393       7.7996
     394       8.0365
     395       7.9664
     396       7.9475
     397       8.1795
     398       8.0786
     399       8.0143
     400       8.0691
