1			-9.2622E+04
5			-9.4423E+04
10			-9.6199E+04
15			-9.8204E+04
20			-1.0139E+05
25			-1.0547E+05
30			-1.1000E+05
35			-1.1202E+05
40			-1.1322E+05
45			-1.1413E+05
50			-1.1493E+05
55			-1.1566E+05
60			-1.1675E+05
65			-1.1726E+05
70			-1.1782E+05
75			-1.1831E+05
80			-1.1868E+05
85			-1.1907E+05
90			-1.1940E+05
95			-1.1972E+05
100			-1.2005E+05
105			-1.2029E+05
110			-1.2253E+05
115			-1.2392E+05
120			-1.2438E+05
125			-1.2565E+05
130			-1.2565E+05
135			-1.2599E+05
140			-1.2643E+05
145			-1.2699E+05
150			-1.2737E+05
155			-1.2737E+05
160			-1.2763E+05
165			-1.2787E+05
170			-1.2819E+05
175			-1.2841E+05
180			-1.2842E+05
185			-1.2863E+05
190			-1.2884E+05
195			-1.2904E+05
200			-1.2921E+05
205			-1.2921E+05
210			-1.2938E+05
215			-1.2946E+05
220			-1.2983E+05
225			-1.3009E+05
230			-1.3010E+05
235			-1.3035E+05
240			-1.3053E+05
245			-1.3067E+05
250			-1.3074E+05
255			-1.3075E+05
260			-1.3084E+05
265			-1.3091E+05
270			-1.3114E+05
275			-1.3131E+05
280			-1.3131E+05
285			-1.3152E+05
290			-1.3165E+05
295			-1.3175E+05
300			-1.3180E+05
305			-1.3180E+05
310			-1.3188E+05
315			-1.3194E+05
320			-1.3211E+05
325			-1.3223E+05
330			-1.3223E+05
335			-1.3239E+05
340			-1.3248E+05
345			-1.3257E+05
350			-1.3261E+05
355			-1.3261E+05
360			-1.3267E+05
365			-1.3273E+05
370			-1.3286E+05
375			-1.3296E+05
380			-1.3297E+05
385			-1.3310E+05
390			-1.3317E+05
395			-1.3324E+05
400			-1.3328E+05
405			-1.3328E+05
410			-1.3334E+05
415			-1.3338E+05
420			-1.3349E+05
425			-1.3358E+05
430			-1.3358E+05
435			-1.3370E+05
440			-1.3376E+05
445			-1.3382E+05
450			-1.3385E+05
455			-1.3386E+05
460			-1.3390E+05
465			-1.3394E+05
470			-1.3404E+05
475			-1.3411E+05
480			-1.3412E+05
485			-1.3422E+05
490			-1.3427E+05
495			-1.3432E+05
500			-1.3435E+05
500			-1.3435E+05
