#Frame              T
       1    2969.3700
       2    2801.2178
       3    2542.1482
       4    2258.9802
       5    2016.8831
       6    1859.0229
       7    1794.7901
       8    1800.3910
       9    1830.9212
      10    1838.9621
      11    1792.7761
      12    1687.8372
      13    1548.0933
      14    1416.8842
      15    1340.8607
      16    1352.6735
      17    1458.7100
      18    1636.1790
      19    1840.2420
      20    2018.3787
      21    2126.8136
      22    2143.3582
      23    2072.6390
      24    1942.5666
      25    1793.8947
      26    1666.8554
      27    1589.4974
      28    1571.2608
      29    1603.0651
      30    1662.8969
      31    1724.4074
      32    1765.5479
      33    1774.6129
      34    1752.1034
      35    1708.3915
      36    1658.7052
      37    1617.6894
      38    1595.3794
      39    1595.3924
      40    1615.1249
      41    1647.2597
      42    1681.8781
      43    1708.6912
      44    1719.1139
      45    1708.0158
      46    1674.9920
      47    1624.8723
      48    1567.1546
      49    1514.2129
      50    1478.5917
      51    1470.0194
      52    1492.7347
      53    1543.6623
      54    1612.0909
      55    1681.4587
      56    1733.2677
      57    1752.2303
      58    1731.2320
      59    1674.4861
      60    1597.4291
      61    1522.8339
      62    1474.0384
      63    1467.3461
      64    1506.1497
      65    1578.9648
      66    1662.4025
      67    1728.4358
      68    1753.7037
      69    1727.6899
      70    1656.8168
      71    1562.8155
      72    1475.7165
      73    1423.6802
      74    1423.0587
      75    1472.2051
      76    1551.4418
      77    1629.6084
      78    1675.2500
      79    1668.2960
      80    1607.4863
      81    1510.8361
      82    1409.5972
      83    1337.9224
      84    1321.1732
      85    1366.6986
      86    1460.7026
      87    1572.7718
      88    1666.7267
      89    1713.8099
      90    1703.0177
      91    1644.4672
      92    1564.6444
      93    1495.7148
      94    1463.2178
      95    1476.7713
      96    1527.1594
      97    1590.7789
      98    1639.5016
      99    1651.8494
     100    1621.1170
     101    1557.5223
     102    1483.8436
     103    1426.4530
     104    1405.3019
     105    1426.6824
     106    1481.3722
     107    1548.6099
     108    1604.1429
     109    1629.1539
     110    1616.6767
     111    1573.2017
     112    1515.1271
     113    1461.8241
     114    1428.3262
     115    1420.4579
     116    1433.9268
     117    1457.2535
     118    1477.0657
     119    1483.5558
     120    1474.0264
     121    1453.3554
     122    1431.5219
     123    1419.5108
     124    1425.3539
     125    1451.6703
     126    1495.2490
     127    1548.4693
     128    1601.9063
     129    1647.1416
     130    1678.7769
     131    1695.0713
     132    1697.3387
     133    1688.7563
     134    1673.2314
     135    1654.6363
     136    1636.3723
     137    1620.9965
     138    1609.6837
     139    1601.6337
     140    1594.0579
     141    1583.2727
     142    1566.5271
     143    1543.5539
     144    1517.1288
     145    1492.5077
     146    1475.9429
     147    1472.6790
     148    1485.0026
     149    1511.0285
     150    1544.7734
     151    1577.6615
     152    1601.0596
     153    1608.9908
     154    1600.0608
     155    1577.8686
     156    1549.7301
     157    1524.1569
     158    1507.9780
     159    1504.1194
     160    1510.8125
     161    1522.5181
     162    1532.2126
     163    1534.1685
     164    1526.1570
     165    1510.2578
     166    1492.0379
     167    1478.5115
     168    1475.7342
     169    1486.8834
     170    1511.3498
     171    1544.9391
     172    1580.9826
     173    1611.9983
     174    1631.4438
     175    1635.1119
     176    1621.8727
     177    1593.6984
     178    1555.1008
     179    1512.1195
     180    1470.9983
     181    1436.8540
     182    1412.7679
     183    1399.2961
     184    1394.0166
     185    1391.9024
     186    1387.9314
     187    1380.4607
     188    1372.5182
     189    1370.4958
     190    1381.4402
     191    1410.1460
     192    1456.9410
     193    1516.8613
     194    1580.6237
     195    1637.2086
     196    1677.1957
     197    1695.6036
     198    1693.1210
     199    1675.2453
     200    1649.7033
     201    1623.2416
     202    1599.1774
     203    1576.7610
     204    1552.6149
     205    1523.5545
     206    1489.4335
     207    1454.5776
     208    1426.9690
     209    1415.3763
     210    1425.6222
     211    1457.6312
     212    1504.6235
     213    1554.9184
     214    1595.7367
     215    1617.5987
     216    1617.5818
     217    1600.0234
     218    1574.2318
     219    1550.1458
     220    1533.8658
     221    1525.0452
     222    1517.2782
     223    1501.3048
     224    1469.6409
     225    1420.6436
     226    1360.2761
     227    1300.8172
     228    1256.9634
     229    1240.7730
     230    1257.3450
     231    1302.8897
     232    1365.9533
     233    1431.2893
     234    1484.8530
     235    1518.0423
     236    1529.7137
     237    1525.3922
     238    1514.1911
     239    1504.7703
     240    1501.9059
     241    1504.8704
     242    1508.0661
     243    1503.5274
     244    1484.2834
     245    1447.3516
     246    1395.3746
     247    1336.3831
     248    1281.7707
     249    1243.1393
     250    1229.0523
     251    1242.6923
     252    1281.0341
     253    1335.6375
     254    1394.8119
     255    1446.6540
     256    1482.2184
     257    1497.8800
     258    1496.0476
     259    1483.8931
     260    1470.5043
     261    1463.4477
     262    1465.9826
     263    1475.9199
     264    1486.5551
     265    1489.3681
     266    1477.5316
     267    1448.9724
     268    1407.8336
     269    1363.6889
     270    1328.5996
     271    1312.9535
     272    1321.6007
     273    1351.8133
     274    1393.9390
     275    1434.5753
     276    1461.1572
     277    1466.3274
     278    1450.4890
     279    1421.5701
     280    1392.0450
     281    1374.2924
     282    1376.0369
     283    1397.6220
     284    1432.1388
     285    1468.2688
     286    1494.6459
     287    1504.0097
     288    1495.5863
     289    1474.8890
     290    1451.1679
     291    1433.6253
     292    1427.9383
     293    1434.4063
     294    1448.2875
     295    1461.9630
     296    1467.8961
     297    1461.1971
     298    1440.9165
     299    1409.8318
     300    1373.1307
     301    1336.7616
     302    1306.1591
     303    1285.6302
     304    1278.2030
     305    1285.5466
     306    1307.6941
     307    1342.5990
     308    1385.8062
     309    1430.6463
     310    1469.2427
     311    1494.3101
     312    1501.3018
     313    1490.1611
     314    1465.9056
     315    1437.5696
     316    1415.5875
     317    1408.3528
     318    1419.1326
     319    1444.5626
     320    1475.4945
     321    1500.1193
     322    1508.3461
     323    1495.8082
     324    1465.9041
     325    1429.0005
     326    1398.9885
     327    1388.3706
     328    1403.6087
     329    1442.4424
     330    1494.2546
     331    1543.4652
     332    1574.7838
     333    1578.4263
     334    1553.4013
     335    1507.6771
     336    1455.2165
     337    1411.0395
     338    1386.1686
     339    1384.2823
     340    1401.1925
     341    1427.1709
     342    1451.0611
     343    1464.4899
     344    1464.5595
     345    1454.1393
     346    1439.8839
     347    1428.9878
     348    1426.0596
     349    1431.3301
     350    1440.7660
     351    1447.8970
     352    1446.5294
     353    1433.2383
     354    1408.7057
     355    1377.4657
     356    1346.2870
     357    1321.9985
     358    1309.6478
     359    1311.3389
     360    1325.7078
     361    1348.3277
     362    1373.3634
     363    1395.7852
     364    1412.8671
     365    1424.4493
     366    1432.2611
     367    1438.7846
     368    1446.0305
     369    1454.5316
     370    1462.8076
     371    1467.4795
     372    1464.0684
     373    1448.3401
     374    1417.8647
     375    1373.3349
     376    1319.1798
     377    1263.1553
     378    1214.8602
     379    1183.4748
     380    1175.3535
     381    1192.2752
     382    1231.0005
     383    1284.3268
     384    1343.2368
     385    1399.3553
     386    1446.8843
     387    1483.4631
     388    1509.7988
     389    1528.3581
     390    1541.7417
     391    1551.4290
     392    1557.3412
     393    1558.2566
     394    1552.7150
     395    1539.8706
     396    1519.8023
     397    1493.1077
     398    1460.2097
     399    1421.2353
     400    1376.8801
     401    1329.6766
     402    1284.7008
     403    1249.1571
     404    1230.7912
     405    1235.4327
     406    1264.3466
     407    1312.5440
     408    1369.2787
     409    1421.0772
     410    1456.2465
     411    1469.0303
     412    1461.7789
     413    1444.2683
     414    1430.2456
     415    1432.2427
     416    1456.4393
     417    1499.5909
     418    1549.4152
     419    1588.5612
     420    1600.8211
     421    1577.2728
     422    1519.9837
     423    1441.7837
     424    1362.1320
     425    1300.5811
     426    1270.2727
     427    1273.8329
     428    1303.1026
     429    1342.6571
     430    1375.7185
     431    1390.2727
     432    1383.1939
     433    1360.9073
     434    1336.4005
     435    1323.7939
     436    1332.6262
     437    1364.1188
     438    1410.8091
     439    1459.5246
     440    1496.3236
     441    1511.3760
     442    1501.9560
     443    1472.6470
     444    1432.9690
     445    1393.5825
     446    1362.6096
     447    1343.4264
     448    1334.5678
     449    1331.4769
     450    1329.1433
     451    1324.4634
     452    1317.3874
     453    1310.4917
     454    1307.3450
     455    1310.5521
     456    1320.4471
     457    1335.0054
     458    1350.9438
     459    1365.4423
     460    1377.6383
     461    1389.0758
     462    1402.7836
     463    1421.4430
     464    1445.6446
     465    1473.0548
     466    1498.5706
     467    1515.3091
     468    1516.7938
     469    1500.1560
     470    1468.3868
     471    1429.8934
     472    1395.5750
     473    1374.8730
     474    1372.3528
     475    1386.0212
     476    1407.9418
     477    1426.9177
     478    1432.3005
     479    1417.6449
     480    1383.0303
     481    1335.3494
     482    1286.4874
     483    1249.9097
     484    1236.5927
     485    1251.4580
     486    1291.4392
     487    1345.9299
     488    1399.7042
     489    1437.5716
     490    1449.3861
     491    1433.7548
     492    1399.0293
     493    1360.9563
     494    1337.4675
     495    1342.2170
     496    1379.1373
     497    1440.1475
     498    1507.1201
     499    1557.6672
     500    1572.8492
     501    1544.0850
     502    1476.6587
     503    1388.3315
     504    1303.4578
     505    1244.8026
     506    1226.0064
     507    1247.2644
     508    1295.7414
     509    1350.6034
     510    1390.7436
     511    1402.2419
     512    1382.8499
     513    1342.0201
     514    1296.7000
     515    1264.6397
     516    1257.7710
     517    1278.0626
     518    1317.2251
     519    1360.1495
     520    1390.6089
     521    1397.0302
     522    1376.2573
     523    1334.1038
     524    1282.7455
     525    1236.1804
     526    1205.6027
     527    1196.3829
     528    1207.5328
     529    1233.3870
     530    1266.3732
     531    1299.5961
     532    1328.4396
     533    1350.9518
     534    1367.1821
     535    1378.0370
     536    1384.4140
     537    1387.0576
     538    1386.9578
     539    1385.6982
     540    1385.2492
     541    1387.1239
     542    1391.3075
     543    1395.6515
     544    1396.3211
     545    1389.4051
     546    1373.0847
     547    1349.1099
     548    1322.5530
     549    1300.1176
     550    1288.2194
     551    1291.3712
     552    1310.6752
     553    1342.7748
     554    1380.0975
     555    1412.7262
     556    1431.3872
     557    1430.4713
     558    1409.9695
     559    1375.6152
     560    1337.1719
     561    1305.4750
     562    1289.2131
     563    1292.4432
     564    1313.5119
     565    1345.5965
     566    1378.7155
     567    1402.7333
     568    1410.6294
     569    1401.1141
     570    1379.6777
     571    1357.4061
     572    1347.2437
     573    1358.2954
     574    1390.7784
     575    1435.0516
     576    1475.1720
     577    1494.4612
     578    1480.8981
     579    1431.2000
     580    1352.6155
     581    1261.7006
     582    1180.1361
     583    1128.5498
     584    1119.9910
     585    1155.1577
     586    1221.5715
     587    1297.7371
     588    1360.8760
     589    1394.9872
     590    1396.0699
     591    1372.6749
     592    1341.7894
     593    1321.8422
     594    1325.5886
     595    1355.4517
     596    1402.8092
     597    1451.3075
     598    1482.9103
     599    1484.4499
     600    1452.3022
     601    1393.5806
     602    1323.5603
     603    1260.4456
     604    1219.4913
     605    1208.5633
     606    1226.5036
     607    1264.5323
     608    1309.8507
     609    1349.9485
     610    1376.0774
     611    1384.8776
     612    1377.9497
     613    1359.9540
     614    1336.2765
     615    1311.3099
     616    1287.9053
     617    1267.8359
     618    1252.6114
     619    1243.9181
     620    1243.2984
     621    1251.2083
     622    1265.9720
     623    1283.2312
     624    1296.4915
     625    1299.2454
     626    1288.2916
     627    1266.5233
     628    1243.1883
     629    1230.9632
     630    1240.8834
     631    1277.2428
     632    1334.7301
     633    1399.2583
     634    1452.4394
     635    1478.1224
     636    1468.5135
     637    1427.4927
     638    1369.7696
     639    1316.1107
     640    1286.2981
     641    1292.2907
     642    1333.9706
     643    1399.0618
     644    1467.4252
     645    1518.1882
     646    1536.9133
     647    1520.1371
     648    1475.8932
     649    1420.3737
     650    1372.1235
     651    1345.8470
     652    1347.8411
     653    1374.3991
     654    1413.4990
     655    1449.0725
     656    1466.3225
     657    1456.2968
     658    1418.3314
     659    1359.8600
     660    1293.8916
     661    1235.0432
     662    1195.3115
     663    1180.8011
     664    1190.3196
     665    1216.2111
     666    1247.1395
     667    1271.9306
     668    1283.2466
     669    1279.8985
     670    1266.9989
     671    1253.8964
     672    1250.6483
     673    1264.3526
     674    1296.7081
     675    1343.5946
     676    1396.5502
     677    1445.3599
     678    1480.9430
     679    1497.8677
     680    1495.6450
     681    1478.0894
     682    1451.0423
     683    1419.7091
     684    1386.9723
     685    1353.3949
     686    1318.6789
     687    1283.4766
     688    1250.2482
     689    1222.7708
     690    1205.0085
     691    1199.8856
     692    1208.0137
     693    1226.8844
     694    1251.3221
     695    1275.3301
     696    1294.5504
     697    1308.1334
     698    1319.0325
     699    1332.4280
     700    1352.8507
     701    1381.2494
     702    1413.4015
     703    1440.5937
     704    1452.5542
     705    1441.5962
     706    1406.2839
     707    1352.9918
     708    1294.4683
     709    1245.7384
     710    1218.8396
     711    1218.4856
     712    1240.4761
     713    1273.5358
     714    1303.7909
     715    1319.9952
     716    1317.4822
     717    1299.5537
     718    1275.9440
     719    1258.8560
     720    1257.9790
     721    1276.4996
     722    1309.8223
     723    1347.5115
     724    1377.5342
     725    1390.9503
     726    1385.1244
     727    1364.2640
     728    1337.2087
     729    1313.5196
     730    1299.5455
     731    1296.1151
     732    1298.7642
     733    1300.2956
     734    1294.4236
     735    1278.8199
     736    1256.2176
     737    1233.2000
     738    1217.3243
     739    1213.8818
     740    1223.6733
     741    1242.7104
     742    1263.9497
     743    1280.3065
     744    1287.6510
     745    1286.5023
     746    1281.6736
     747    1279.9987
     748    1287.0952
     749    1304.5821
     750    1329.0005
     751    1352.8946
     752    1367.5262
     753    1366.0600
     754    1346.0056
     755    1310.1389
     756    1265.7124
     757    1222.3579
     758    1189.4273
     759    1173.5700
     760    1177.1847
     761    1198.1315
     762    1230.7552
     763    1267.8670
     764    1302.9913
     765    1332.0912
     766    1354.1855
     767    1370.7248
     768    1384.1012
     769    1396.0257
     770    1406.4649
     771    1413.4850
     772    1413.9626
     773    1404.8366
     774    1384.4264
     775    1353.3531
     776    1314.7470
     777    1273.6568
     778    1235.8120
     779    1206.1127
     780    1187.3702
     781    1179.8003
     782    1181.4978
     783    1189.7119
     784    1202.3454
     785    1218.9526
     786    1240.6852
     787    1269.1321
     788    1304.5464
     789    1344.3253
     790    1382.5892
     791    1411.3165
     792    1422.8509
     793    1412.9091
     794    1382.8759
     795    1340.3433
     796    1297.3389
     797    1266.3360
     798    1255.1601
     799    1263.3206
     800    1282.2391
     801    1299.2638
     802    1303.1709
     803    1288.9297
     804    1260.1636
     805    1228.3162
     806    1208.4966
     807    1213.3352
     808    1247.2610
     809    1303.7108
     810    1366.6844
     811    1416.2143
     812    1435.6216
     813    1417.6879
     814    1367.3443
     815    1299.8349
     816    1235.0966
     817    1190.5613
     818    1175.1969
     819    1187.0409
     820    1215.0139
     821    1244.0558
     822    1261.3671
     823    1261.2605
     824    1246.8031
     825    1227.7144
     826    1215.4856
     827    1217.9212
     828    1235.6379
     829    1262.0801
     830    1286.8159
     831    1300.3763
     832    1298.3478
     833    1282.9534
     834    1261.6435
     835    1243.6449
     836    1236.1511
     837    1241.6687
     838    1257.4324
     839    1277.0112
     840    1293.3509
     841    1301.8879
     842    1302.3786
     843    1298.7236
     844    1296.9595
     845    1302.3558
     846    1316.8567
     847    1337.9203
     848    1359.2077
     849    1372.8235
     850    1372.2015
     851    1354.5098
     852    1321.7189
     853    1280.0260
     854    1237.9229
     855    1203.6015
     856    1182.5487
     857    1176.1042
     858    1181.4271
     859    1192.8509
     860    1204.0969
     861    1210.5358
     862    1210.7119
     863    1206.6355
     864    1202.7919
     865    1204.2519
     866    1214.5766
     867    1234.2644
     868    1260.3060
     869    1287.0223
     870    1307.9160
     871    1317.8969
     872    1315.1041
     873    1301.6799
     874    1283.1826
     875    1266.7812
     876    1258.8056
     877    1262.5124
     878    1276.9280
     879    1297.2984
     880    1317.0421
     881    1330.4852
     882    1335.2866
     883    1333.5286
     884    1330.9168
     885    1334.2802
     886    1348.3024
     887    1372.8428
     888    1402.0982
     889    1426.1698
     890    1434.6095
     891    1420.6086
     892    1384.1259
     893    1332.5623
     894    1278.5342
     895    1235.4633
     896    1212.6362
     897    1211.7130
     898    1226.1669
     899    1243.9944
     900    1252.7019
     901    1244.5818
     902    1220.0990
     903    1187.9310
     904    1161.5424
     905    1153.6390
     906    1170.7555
     907    1210.2452
     908    1260.9780
     909    1307.5102
     910    1336.0342
     911    1339.6600
     912    1320.8837
     913    1290.3027
     914    1262.1836
     915    1248.7307
     916    1255.3735
     917    1278.9022
     918    1309.1113
     919    1333.1734
     920    1340.8953
     921    1328.7148
     922    1300.9048
     923    1267.6240
     924    1240.7434
     925    1229.2396
     926    1236.0399
     927    1257.4957
     928    1285.4549
     929    1310.8226
     930    1327.0138
     931    1331.9309
     932    1327.9077
     933    1319.9509
     934    1313.2545
     935    1311.0917
     936    1313.8493
     937    1319.3918
     938    1324.3946
     939    1325.9970
     940    1323.0954
     941    1316.7956
     942    1309.8523
     943    1305.3647
     944    1305.3469
     945    1309.8862
     946    1317.3016
     947    1325.1509
     948    1331.4951
     949    1335.7898
     950    1339.0363
     951    1343.1749
     952    1350.0118
     953    1360.1293
     954    1372.2249
     955    1383.1528
     956    1388.7027
     957    1384.9600
     958    1369.8564
     959    1344.2913
     960    1312.2819
     961    1280.0007
     962    1254.0291
     963    1239.4340
     964    1238.3155
     965    1249.2659
     966    1267.8776
     967    1288.1125
     968    1304.1264
     969    1312.0096
     970    1310.9324
     971    1303.3118
     972    1293.9188
     973    1288.1802
     974    1290.1873
     975    1301.0352
     976    1318.0574
     977    1335.3524
     978    1345.6599
     979    1343.1297
     980    1325.9563
     981    1297.5877
     982    1265.6528
     983    1238.9699
     984    1224.2203
     985    1223.8502
     986    1235.6756
     987    1253.9742
     988    1271.6986
     989    1283.1646
     990    1286.2141
     991    1282.9095
     992    1278.3739
     993    1278.2331
     994    1285.8088
     995    1300.3576
     996    1317.1798
     997    1329.5683
     998    1331.7730
     999    1321.6809
    1000    1302.0137
    1001    1279.0581
    1002    1260.2789
    1003    1250.9328
    1004    1252.0924
    1005    1260.5559
    1006    1270.5634
    1007    1276.4141
    1008    1274.8585
    1009    1266.3818
    1010    1254.9764
    1011    1246.4944
    1012    1246.1740
    1013    1256.3134
    1014    1275.1067
    1015    1297.1746
    1016    1315.5945
    1017    1324.5980
    1018    1321.8428
    1019    1309.3644
    1020    1292.7788
    1021    1278.8848
    1022    1272.5778
    1023    1274.7645
    1024    1282.5920
    1025    1291.5547
    1026    1297.8845
    1027    1300.0517
    1028    1299.0095
    1029    1297.2958
    1030    1297.4619
    1031    1300.5812
    1032    1305.5805
    1033    1309.7545
    1034    1310.2432
    1035    1305.7454
    1036    1297.6029
    1037    1289.6521
    1038    1286.7894
    1039    1292.8122
    1040    1308.4762
    1041    1330.6727
    1042    1353.1967
    1043    1368.9182
    1044    1372.5633
    1045    1362.9658
    1046    1343.7537
    1047    1322.0454
    1048    1305.5662
    1049    1299.3255
    1050    1303.2840
    1051    1312.1489
    1052    1317.4923
    1053    1311.3072
    1054    1289.4883
    1055    1253.8147
    1056    1211.7249
    1057    1174.0411
    1058    1151.5058
    1059    1151.2557
    1060    1174.3022
    1061    1214.8551
    1062    1261.9174
    1063    1302.8430
    1064    1327.5752
    1065    1331.8553
    1066    1318.2253
    1067    1294.6664
    1068    1271.5826
    1069    1258.2282
    1070    1259.6685
    1071    1275.1064
    1072    1298.0383
    1073    1318.2412
    1074    1325.0829
    1075    1311.1846
    1076    1275.2931
    1077    1223.4036
    1078    1167.6199
    1079    1122.8361
    1080    1102.0421
    1081    1111.7788
    1082    1149.5789
    1083    1204.5367
    1084    1260.7933
    1085    1302.6402
    1086    1319.5776
    1087    1309.7575
    1088    1280.6372
    1089    1246.4513
    1090    1223.1630
    1091    1222.5977
    1092    1247.9562
    1093    1292.4720
    1094    1341.7450
    1095    1378.8636
    1096    1390.4685
    1097    1371.6125
    1098    1327.6722
    1099    1272.5718
    1100    1223.9029
    1101    1196.7203
    1102    1198.3216
    1103    1225.9424
    1104    1268.1545
    1105    1309.3221
    1106    1335.3398
    1107    1338.4577
    1108    1319.4348
    1109    1286.4174
    1110    1251.2909
    1111    1225.1749
    1112    1214.8077
    1113    1220.9300
    1114    1238.9080
    1115    1261.0404
    1116    1279.5568
    1117    1289.1827
    1118    1288.4253
    1119    1279.2712
    1120    1265.7036
    1121    1251.9233
    1122    1241.1575
    1123    1235.4631
    1124    1236.2835
    1125    1245.0659
    1126    1263.2723
    1127    1291.5488
    1128    1328.4115
    1129    1369.2383
    1130    1406.3848
    1131    1430.8348
    1132    1435.0687
    1133    1416.1296
    1134    1377.5754
    1135    1329.2957
    1136    1284.9201
    1137    1257.5055
    1138    1254.9365
    1139    1276.7653
    1140    1313.8409
    1141    1351.1356
    1142    1372.9114
    1143    1368.3844
    1144    1335.8003
    1145    1283.4176
    1146    1227.0396
    1147    1184.9417
    1148    1171.8168
    1149    1193.5925
    1150    1244.8943
    1151    1310.4018
    1152    1369.8587
    1153    1404.7632
    1154    1404.2031
    1155    1367.9642
    1156    1306.1468
    1157    1235.6539
    1158    1174.8747
    1159    1138.2822
    1160    1132.4638
    1161    1154.6221
    1162    1193.8773
    1163    1234.9077
    1164    1262.8306
    1165    1267.9696
    1166    1249.1163
    1167    1214.0935
    1168    1177.1860
    1169    1154.1923
    1170    1156.7808
    1171    1188.0771
    1172    1241.0335
    1173    1300.2583
    1174    1346.8382
    1175    1364.6032
    1176    1345.6852
    1177    1293.4424
    1178    1221.7192
    1179    1150.6491
    1180    1100.3854
    1181    1084.8122
    1182    1107.2814
    1183    1159.7651
    1184    1225.7359
    1185    1285.8963
    1186    1324.7883
    1187    1335.8554
    1188    1323.0809
    1189    1298.6949
    1190    1277.9489
    1191    1273.0084
    1192    1288.3200
    1193    1319.1978
    1194    1354.0576
    1195    1379.1987
    1196    1384.0525
    1197    1364.7941
    1198    1325.0995
    1199    1274.1084
    1200    1222.7234
    1201    1179.8898
    1202    1150.2736
    1203    1133.9980
    1204    1128.1458
    1205    1129.0377
    1206    1134.0973
    1207    1142.4940
    1208    1154.4689
    1209    1169.9751
    1210    1187.6347
    1211    1204.7638
    1212    1218.4057
    1213    1226.5544
    1214    1229.0357
    1215    1228.1362
    1216    1228.4876
    1217    1235.3320
    1218    1251.6390
    1219    1275.7907
    1220    1301.3663
    1221    1319.4689
    1222    1322.7031
    1223    1308.9896
    1224    1283.3489
    1225    1256.6266
    1226    1241.4660
    1227    1247.0960
    1228    1275.0931
    1229    1317.9470
    1230    1361.1757
    1231    1388.3393
    1232    1387.1194
    1233    1354.1344
    1234    1296.5915
    1235    1230.0521
    1236    1173.0492
    1237    1140.5332
    1238    1138.6295
    1239    1162.7250
    1240    1199.5958
    1241    1232.6768
    1242    1248.3931
    1243    1241.1576
    1244    1215.2471
    1245    1182.9808
    1246    1159.9715
    1247    1159.2296
    1248    1186.2354
    1249    1236.7119
    1250    1297.8170
    1251    1352.2769
    1252    1383.9969
    1253    1383.2514
    1254    1349.7651
    1255    1292.7298
    1256    1227.8160
    1257    1172.2181
    1258    1139.3902
    1259    1135.1959
    1260    1156.6381
    1261    1193.4425
    1262    1231.8399
    1263    1259.2430
    1264    1268.2946
    1265    1259.0202
    1266    1238.4255
    1267    1217.7271
    1268    1208.1606
    1269    1216.8135
    1270    1243.9176
    1271    1282.5454
    1272    1320.8109
    1273    1345.8201
    1274    1348.0198
    1275    1324.4442
    1276    1279.7356
    1277    1224.5885
    1278    1172.1780
    1279    1133.8709
    1280    1115.8182
    1281    1117.6692
    1282    1133.7593
    1283    1156.0844
    1284    1177.6499
    1285    1194.8154
    1286    1207.9999
    1287    1220.8435
    1288    1238.1473
    1289    1263.1937
    1290    1295.5321
    1291    1330.3395
    1292    1359.7670
    1293    1375.7245
    1294    1372.9330
    1295    1350.9514
    1296    1314.3608
    1297    1271.1063
    1298    1229.8024
    1299    1197.1555
    1300    1176.4029
    1301    1167.1036
    1302    1166.2304
    1303    1170.1733
    1304    1176.7264
    1305    1185.8939
    1306    1199.0473
    1307    1217.0436
    1308    1238.5091
    1309    1259.3428
    1310    1273.8318
    1311    1276.9583
    1312    1266.8314
    1313    1245.9950
    1314    1220.8101
    1315    1199.0246
    1316    1186.5914
    1317    1185.2039
    1318    1191.7245
    1319    1199.7706
    1320    1202.7564
    1321    1197.0413
    1322    1183.7964
    1323    1168.7663
    1324    1160.0014
    1325    1164.4610
    1326    1184.8934
    1327    1218.3377
    1328    1256.9531
    1329    1290.8843
    1330    1311.9992
    1331    1316.9393
    1332    1308.2210
    1333    1292.9353
    1334    1279.6246
    1335    1274.6714
    1336    1279.7159
    1337    1291.1473
    1338    1301.8129
    1339    1304.1749
    1340    1293.5783
    1341    1270.3001
    1342    1239.5618
    1343    1209.5350
    1344    1188.1616
    1345    1180.0807
    1346    1184.9003
    1347    1197.5055
    1348    1210.2597
    1349    1216.1849
    1350    1211.8087
    1351    1198.5393
    1352    1182.0274
    1353    1169.7916
    1354    1168.0767
    1355    1179.2315
    1356    1200.6692
    1357    1225.7925
    1358    1246.4532
    1359    1255.9361
    1360    1251.3732
    1361    1234.7359
    1362    1212.0168
    1363    1190.8892
    1364    1177.7601
    1365    1175.3918
    1366    1181.9998
    1367    1192.1061
    1368    1198.7598
    1369    1196.2663
    1370    1182.4378
    1371    1159.6057
    1372    1134.0572
    1373    1114.0746
    1374    1107.1975
    1375    1117.6197
    1376    1144.6458
    1377    1182.7860
    1378    1223.4269
    1379    1257.4531
    1380    1277.9220
    1381    1281.9774
    1382    1271.4693
    1383    1252.1338
    1384    1231.6238
    1385    1217.0249
    1386    1212.6751
    1387    1218.9937
    1388    1232.6655
    1389    1248.0805
    1390    1259.4901
    1391    1263.0655
    1392    1258.1252
    1393    1247.1007
    1394    1234.3265
    1395    1224.1468
    1396    1219.0635
    1397    1218.6447
    1398    1219.7027
    1399    1217.7961
    1400    1209.4436
    1401    1193.9627
    1402    1174.0291
    1403    1154.7590
    1404    1141.7665
    1405    1138.9892
    1406    1147.1219
    1407    1163.2602
    1408    1181.9583
    1409    1197.3512
    1410    1205.5329
    1411    1206.1742
    1412    1202.6056
    1413    1200.2545
    1414    1204.0822
    1415    1216.1425
    1416    1234.3393
    1417    1252.9235
    1418    1264.5390
    1419    1263.0121
    1420    1245.8015
    1421    1215.1880
    1422    1177.7486
    1423    1142.3205
    1424    1117.2264
    1425    1107.7825
    1426    1114.9217
    1427    1135.3057
    1428    1162.8824
    1429    1191.3841
    1430    1216.6371
    1431    1237.4741
    1432    1254.9250
    1433    1270.4628
    1434    1284.3869
    1435    1295.1193
    1436    1299.6759
    1437    1295.0373
    1438    1279.7365
    1439    1254.8750
    1440    1224.0969
    1441    1192.5098
    1442    1164.9678
    1443    1144.4037
    1444    1130.9331
    1445    1122.2435
    1446    1115.2428
    1447    1108.2054
    1448    1102.2333
    1449    1101.1676
    1450    1109.9050
    1451    1131.8818
    1452    1166.8589
    1453    1210.0201
    1454    1252.8868
    1455    1285.8197
    1456    1301.1970
    1457    1296.0449
    1458    1273.1110
    1459    1239.9861
    1460    1206.6373
    1461    1182.2684
    1462    1172.5761
    1463    1178.2460
    1464    1195.0497
    1465    1215.4120
    1466    1230.9354
    1467    1235.1560
    1468    1225.7083
    1469    1205.1995
    1470    1180.4367
    1471    1160.2008
    1472    1152.2554
    1473    1160.5840
    1474    1183.8091
    1475    1215.3739
    1476    1245.4875
    1477    1264.2325
    1478    1264.8496
    1479    1246.1371
    1480    1213.1267
    1481    1175.7062
    1482    1145.5331
    1483    1132.1849
    1484    1139.8608
    1485    1165.8124
    1486    1201.1234
    1487    1233.6187
    1488    1251.9245
    1489    1249.2850
    1490    1225.8243
    1491    1188.4907
    1492    1148.6968
    1493    1118.4757
    1494    1106.4781
    1495    1115.1899
    1496    1140.3289
    1497    1172.6119
    1498    1201.2644
    1499    1217.9876
    1500    1219.9221
    1501    1210.4772
    1502    1197.7240
    1503    1191.0512
    1504    1197.4739
    1505    1219.0054
    1506    1251.9146
    1507    1287.9714
    1508    1317.2401
    1509    1331.5418
    1510    1327.2754
    1511    1306.3716
    1512    1275.0243
    1513    1240.9552
    1514    1210.5404
    1515    1187.0537
    1516    1170.5638
    1517    1159.1574
    1518    1150.6776
    1519    1144.2498
    1520    1140.9886
    1521    1143.4514
    1522    1154.0207
    1523    1173.1090
    1524    1198.1985
    1525    1224.2935
    1526    1245.7102
    1527    1258.4394
    1528    1261.8979
    1529    1259.0776
    1530    1254.9113
    1531    1253.6365
    1532    1256.4602
    1533    1260.7153
    1534    1260.9901
    1535    1251.7808
    1536    1230.4833
    1537    1199.3333
    1538    1165.3245
    1539    1137.9916
    1540    1125.8716
    1541    1133.0537
    1542    1157.2472
    1543    1190.2215
    1544    1220.5575
    1545    1237.7075
    1546    1235.8105
    1547    1215.7685
    1548    1184.7712
    1549    1153.4888
    1550    1132.0721
    1551    1126.5146
    1552    1136.7228
    1553    1156.9439
    1554    1178.3051
    1555    1192.4176
    1556    1194.6124
    1557    1185.5853
    1558    1170.9070
    1559    1158.7038
    1560    1156.4520
    1561    1168.0803
    1562    1192.4120
    1563    1223.4698
    1564    1252.4797
    1565    1270.7882
    1566    1272.6188
    1567    1256.7242
    1568    1226.4960
    1569    1188.7215
    1570    1151.5848
    1571    1122.5444
    1572    1106.6000
    1573    1105.3214
    1574    1116.8184
    1575    1136.5987
    1576    1158.9807
    1577    1178.6180
    1578    1191.7313
    1579    1196.8051
    1580    1194.6327
    1581    1187.7403
    1582    1179.3168
    1583    1171.9397
    1584    1166.5390
    1585    1162.0586
    1586    1156.0368
    1587    1145.8314
    1588    1129.8299
    1589    1108.2097
    1590    1083.3212
    1591    1059.5968
    1592    1042.5883
    1593    1037.2075
    1594    1045.9905
    1595    1068.2535
    1596    1100.4727
    1597    1137.6057
    1598    1174.7171
    1599    1208.2244
    1600    1236.3309
    1601    1258.5898
    1602    1274.9849
    1603    1285.0913
    1604    1287.8150
    1605    1281.8488
    1606    1266.5850
    1607    1242.9420
    1608    1213.6027
    1609    1182.4577
    1610    1153.4464
    1611    1129.3258
    1612    1110.9537
    1613    1097.4331
    1614    1087.0551
    1615    1078.5600
    1616    1072.0733
    1617    1069.2341
    1618    1072.4721
    1619    1083.7578
    1620    1103.4240
    1621    1129.6263
    1622    1158.7397
    1623    1186.5415
    1624    1209.6625
    1625    1226.6477
    1626    1238.1143
    1627    1245.9160
    1628    1251.7170
    1629    1255.7285
    1630    1256.2827
    1631    1250.5006
    1632    1235.7465
    1633    1211.2784
    1634    1179.4270
    1635    1145.6931
    1636    1117.3976
    1637    1101.2157
    1638    1100.5991
    1639    1114.2668
    1640    1136.4876
    1641    1159.1300
    1642    1174.7267
    1643    1179.3753
    1644    1174.3076
    1645    1165.4295
    1646    1160.9100
    1647    1167.7103
    1648    1188.4063
    1649    1219.6036
    1650    1252.6598
    1651    1276.5285
    1652    1281.7183
    1653    1263.8663
    1654    1225.5731
    1655    1175.7676
    1656    1126.8149
    1657    1090.4168
    1658    1073.8028
    1659    1077.6203
    1660    1096.2907
    1661    1120.5945
    1662    1141.3507
    1663    1152.7300
    1664    1154.0286
    1665    1149.4199
    1666    1145.9614
    1667    1150.7108
    1668    1168.0082
    1669    1197.7972
    1670    1235.3674
    1671    1272.4947
    1672    1299.7730
    1673    1309.6168
    1674    1298.8659
    1675    1269.8567
    1676    1229.5923
    1677    1187.4703
    1678    1152.4148
    1679    1130.2978
    1680    1122.3937
    1681    1125.3166
    1682    1132.4644
    1683    1136.5197
    1684    1132.2117
    1685    1118.3876
    1686    1098.6348
    1687    1080.1601
    1688    1071.2341
    1689    1078.0587
    1690    1102.2132
    1691    1139.7033
    1692    1182.0524
    1693    1219.0717
    1694    1242.3049
    1695    1247.8799
    1696    1237.7211
    1697    1218.6480
    1698    1199.6894
    1699    1188.6317
    1700    1189.1564
    1701    1199.6917
    1702    1214.4145
    1703    1225.9364
    1704    1228.5021
    1705    1220.3542
    1706    1204.3204
    1707    1186.4647
    1708    1173.4078
    1709    1169.4107
    1710    1174.4418
    1711    1184.1673
    1712    1192.0118
    1713    1192.3426
    1714    1183.1929
    1715    1167.2207
    1716    1150.4935
    1717    1139.6644
    1718    1138.8070
    1719    1147.3556
    1720    1160.1452
    1721    1169.6151
    1722    1169.2226
    1723    1156.5469
    1724    1134.6323
    1725    1110.8394
    1726    1093.5858
    1727    1088.3902
    1728    1095.1025
    1729    1107.7383
    1730    1117.1015
    1731    1115.0565
    1732    1098.5785
    1733    1071.8126
    1734    1045.1696
    1735    1031.6707
    1736    1041.8784
    1737    1079.3765
    1738    1138.6397
    1739    1206.2862
    1740    1265.4376
    1741    1301.6972
    1742    1308.5006
    1743    1289.6254
    1744    1257.6430
    1745    1228.7124
    1746    1215.7364
    1747    1222.7058
    1748    1242.6529
    1749    1260.3488
    1750    1258.9121
    1751    1227.4127
    1752    1166.0450
    1753    1086.8191
    1754    1009.6872
    1755     955.6344
    1756     939.2752
    1757     963.6627
    1758    1019.2312
    1759    1087.2813
    1760    1146.6999
    1761    1181.3926
    1762    1185.6915
    1763    1165.8146
    1764    1136.9470
    1765    1117.0428
    1766    1119.5213
    1767    1147.6202
    1768    1192.9252
    1769    1238.9148
    1770    1267.7839
    1771    1267.4265
    1772    1235.9155
    1773    1182.1310
    1774    1122.6029
    1775    1075.8260
    1776    1056.0576
    1777    1068.7024
    1778    1108.7662
    1779    1162.7692
    1780    1213.3650
    1781    1245.0891
    1782    1249.3583
    1783    1227.1253
    1784    1188.3095
    1785    1148.0273
    1786    1120.6825
    1787    1114.2397
    1788    1127.4616
    1789    1151.2655
    1790    1173.0058
    1791    1181.6481
    1792    1172.0437
    1793    1146.9452
    1794    1116.0756
    1795    1092.5462
    1796    1087.8727
    1797    1107.4130
    1798    1148.0070
    1799    1198.8241
    1800    1245.1672
    1801    1273.7624
    1802    1277.4812
    1803    1257.7107
    1804    1223.5245
    1805    1188.0290
    1806    1163.3330
    1807    1156.1476
    1808    1165.7391
    1809    1184.9563
    1810    1203.7490
    1811    1213.6067
    1812    1211.0288
    1813    1198.6617
    1814    1183.7530
    1815    1174.6755
    1816    1177.0377
    1817    1191.0393
    1818    1211.1883
    1819    1228.5250
    1820    1234.4184
    1821    1224.3262
    1822    1199.8882
    1823    1168.3982
    1824    1139.8085
    1825    1122.5032
    1826    1119.6947
    1827    1128.1085
    1828    1139.6304
    1829    1145.2255
    1830    1139.3965
    1831    1123.1960
    1832    1104.3764
    1833    1094.4354
    1834    1103.6260
    1835    1135.9232
    1836    1186.1081
    1837    1240.5322
    1838    1281.7873
    1839    1295.6175
    1840    1276.9820
    1841    1232.4218
    1842    1177.6252
    1843    1131.2497
    1844    1107.6550
    1845    1111.5573
    1846    1136.5252
    1847    1167.6000
    1848    1187.0930
    1849    1181.6457
    1850    1147.8911
    1851    1094.2589
    1852    1038.0450
    1853     998.9489
    1854     991.6404
    1855    1020.2034
    1856    1076.5015
    1857    1143.0603
    1858    1199.3730
    1859    1229.2654
    1860    1226.5462
    1861    1196.8916
    1862    1155.3680
    1863    1120.6442
    1864    1108.0484
    1865    1123.9506
    1866    1163.5233
    1867    1212.7720
    1868    1253.9829
    1869    1272.3154
    1870    1261.0206
    1871    1223.5687
    1872    1172.1409
    1873    1123.1502
    1874    1091.3922
    1875    1084.8526
    1876    1101.9763
    1877    1132.3542
    1878    1160.6037
    1879    1172.0759
    1880    1158.3416
    1881    1120.4694
    1882    1068.9243
    1883    1020.1248
    1884     990.8408
    1885     992.2840
    1886    1025.9452
    1887    1082.8749
    1888    1146.8807
    1889    1200.3387
    1890    1230.2415
    1891    1232.2851
    1892    1211.7285
    1893    1180.9083
    1894    1154.3922
    1895    1143.5406
    1896    1152.4543
    1897    1176.7577
    1898    1205.6004
    1899    1226.0228
    1900    1227.9758
    1901    1208.1270
    1902    1171.0958
    1903    1127.7214
    1904    1091.0460
    1905    1071.5488
    1906    1073.4879
    1907    1093.7764
    1908    1123.6644
    1909    1152.3290
    1910    1170.8673
    1911    1175.2262
    1912    1167.1107
    1913    1152.6889
    1914    1139.7319
    1915    1134.4114
    1916    1139.0240
    1917    1151.4786
    1918    1166.6097
    1919    1178.6389
    1920    1183.6774
    1921    1181.1937
    1922    1173.8823
    1923    1166.0979
    1924    1161.6596
    1925    1162.0657
    1926    1165.9118
    1927    1169.7081
    1928    1169.6291
    1929    1163.3327
    1930    1151.0191
    1931    1135.2982
    1932    1120.0156
    1933    1108.6425
    1934    1102.9748
    1935    1102.6883
    1936    1105.8744
    1937    1110.2455
    1938    1114.4131
    1939    1118.6395
    1940    1124.6952
    1941    1134.9028
    1942    1150.8526
    1943    1172.4321
    1944    1197.6327
    1945    1223.1482
    1946    1245.4159
    1947    1261.6200
    1948    1270.2911
    1949    1271.3536
    1950    1265.7018
    1951    1254.5984
    1952    1239.2705
    1953    1220.8988
    1954    1200.8748
    1955    1180.9689
    1956    1163.1391
    1957    1148.9979
    1958    1139.2234
    1959    1133.3048
    1960    1129.8562
    1961    1127.4220
    1962    1125.3860
    1963    1124.4725
    1964    1126.4765
    1965    1133.2540
    1966    1145.4221
    1967    1161.4466
    1968    1177.6802
    1969    1189.4269
    1970    1192.5786
    1971    1185.1243
    1972    1168.0356
    1973    1145.2345
    1974    1122.4821
    1975    1105.3958
    1976    1097.3576
    1977    1098.2764
    1978    1104.7799
    1979    1111.7648
    1980    1114.6386
    1981    1111.3140
    1982    1103.1378
    1983    1094.3612
    1984    1090.3218
    1985    1095.0573
    1986    1109.3609
    1987    1130.1722
    1988    1151.6481
    1989    1167.4710
    1990    1173.3582
    1991    1168.6654
    1992    1156.4836
    1993    1142.3591
    1994    1132.2305
    1995    1130.3350
    1996    1137.7914
    1997    1152.3660
    1998    1169.4904
    1999    1184.0701
    2000    1192.3025
