#Frame              T
       1    2993.4454
       2    2871.4581
       3    2658.0898
       4    2395.6843
       5    2133.2836
       6    1913.4404
       7    1761.4139
       8    1680.1236
       9    1652.4105
      10    1649.4958
      11    1642.3851
      12    1612.2896
      13    1556.8485
      14    1490.4044
      15    1438.3519
      16    1427.3414
      17    1474.6449
      18    1580.6942
      19    1727.7285
      20    1884.7831
      21    2016.7296
      22    2094.1654
      23    2101.2321
      24    2039.3648
      25    1926.2471
      26    1790.5148
      27    1663.7346
      28    1571.8648
      29    1528.8588
      30    1534.6107
      31    1577.3340
      32    1638.5239
      33    1698.5585
      34    1741.6556
      35    1759.0870
      36    1749.8597
      37    1719.5075
      38    1678.6018
      39    1640.9333
      40    1620.1395
      41    1625.2130
      42    1656.8074
      43    1706.0119
      44    1756.2317
      45    1787.7832
      46    1783.9208
      47    1736.5007
      48    1649.4634
      49    1538.8507
      50    1429.0605
      51    1346.2040
      52    1310.4933
      53    1330.0287
      54    1398.0476
      55    1494.6483
      56    1592.5984
      57    1665.5114
      58    1695.8383
      59    1680.0578
      60    1629.3319
      61    1565.4151
      62    1513.2363
      63    1492.6659
      64    1512.1617
      65    1566.2940
      66    1637.8277
      67    1703.6037
      68    1742.2901
      69    1741.4753
      70    1701.6973
      71    1635.9197
      72    1564.7051
      73    1509.1736
      74    1484.4073
      75    1495.0307
      76    1533.9047
      77    1584.6880
      78    1628.1094
      79    1649.5342
      80    1643.7793
      81    1614.7871
      82    1572.8879
      83    1532.8170
      84    1510.6226
      85    1518.4843
      86    1560.0714
      87    1628.8723
      88    1710.0421
      89    1784.9044
      90    1836.4856
      91    1854.3055
      92    1837.0124
      93    1792.1822
      94    1733.4593
      95    1676.0624
      96    1632.1824
      97    1607.8075
      98    1601.9096
      99    1608.0073
     100    1617.2781
     101    1621.9348
     102    1617.6579
     103    1604.3822
     104    1585.4855
     105    1566.0215
     106    1550.7829
     107    1542.7772
     108    1542.4653
     109    1547.9175
     110    1555.7525
     111    1562.4563
     112    1565.5596
     113    1564.2982
     114    1559.7405
     115    1554.5461
     116    1552.3099
     117    1556.4301
     118    1568.9799
     119    1590.1932
     120    1618.5093
     121    1650.7815
     122    1682.6225
     123    1709.0875
     124    1725.7197
     125    1729.6688
     126    1720.4986
     127    1700.3644
     128    1673.4645
     129    1644.8905
     130    1619.1937
     131    1599.1018
     132    1584.8213
     133    1574.1976
     134    1563.7082
     135    1549.9751
     136    1531.3010
     137    1508.6720
     138    1485.7782
     139    1467.9438
     140    1460.2830
     141    1465.7393
     142    1483.7753
     143    1510.2608
     144    1538.6666
     145    1562.1670
     146    1575.8707
     147    1578.3846
     148    1572.1930
     149    1562.7687
     150    1556.6591
     151    1559.0577
     152    1571.7114
     153    1592.1195
     154    1614.3632
     155    1631.1004
     156    1635.9698
     157    1625.5991
     158    1600.5290
     159    1564.8831
     160    1525.0778
     161    1488.0618
     162    1459.6113
     163    1443.1155
     164    1438.9812
     165    1444.5579
     166    1454.7153
     167    1463.4530
     168    1466.2944
     169    1462.2976
     170    1454.5649
     171    1449.0844
     172    1452.4655
     173    1469.4086
     174    1500.6974
     175    1542.2850
     176    1585.8355
     177    1620.8070
     178    1637.6866
     179    1631.3226
     180    1603.0286
     181    1560.5198
     182    1515.5832
     183    1480.2538
     184    1462.8844
     185    1465.5715
     186    1483.8930
     187    1508.9769
     188    1530.8431
     189    1541.4980
     190    1537.2179
     191    1520.3216
     192    1499.5687
     193    1487.6793
     194    1496.2572
     195    1530.4540
     196    1586.1060
     197    1650.6918
     198    1707.4076
     199    1740.6031
     200    1740.6955
     201    1707.0294
     202    1647.8848
     203    1577.8188
     204    1513.2533
     205    1467.5787
     206    1447.1778
     207    1449.7840
     208    1465.9815
     209    1483.2297
     210    1490.5713
     211    1482.1598
     212    1458.6543
     213    1426.4891
     214    1395.5945
     215    1376.3086
     216    1376.1944
     217    1397.5418
     218    1436.3059
     219    1482.9271
     220    1524.9145
     221    1550.4826
     222    1552.1195
     223    1528.9010
     224    1486.7599
     225    1436.6368
     226    1391.1563
     227    1360.9335
     228    1351.6935
     229    1363.0579
     230    1389.2857
     231    1421.6087
     232    1451.2927
     233    1472.3359
     234    1482.9565
     235    1485.5918
     236    1485.5688
     237    1488.8818
     238    1499.7351
     239    1518.6910
     240    1542.1171
     241    1563.1968
     242    1574.1372
     243    1568.7601
     244    1544.5830
     245    1503.7640
     246    1452.6478
     247    1400.1125
     248    1355.3274
     249    1325.6857
     250    1315.4855
     251    1325.5713
     252    1353.7619
     253    1395.6613
     254    1445.4498
     255    1496.4962
     256    1541.9240
     257    1575.4484
     258    1592.6424
     259    1592.3895
     260    1577.8373
     261    1556.1398
     262    1536.7278
     263    1528.5065
     264    1536.8596
     265    1561.4837
     266    1595.9203
     267    1629.2722
     268    1649.9058
     269    1649.9597
     270    1628.7812
     271    1593.7268
     272    1557.8749
     273    1535.4115
     274    1536.3190
     275    1562.3132
     276    1605.6094
     277    1651.1179
     278    1681.4091
     279    1682.6787
     280    1649.5704
     281    1587.1838
     282    1509.6282
     283    1435.6669
     284    1382.9359
     285    1362.6630
     286    1376.5210
     287    1416.4790
     288    1467.6664
     289    1513.4539
     290    1541.0332
     291    1545.4354
     292    1530.6082
     293    1507.3774
     294    1489.1333
     295    1486.7688
     296    1504.6466
     297    1539.0672
     298    1579.8022
     299    1614.0188
     300    1630.8868
     301    1625.0252
     302    1597.9344
     303    1557.5026
     304    1515.6220
     305    1484.1903
     306    1470.8386
     307    1476.2137
     308    1493.9473
     309    1513.2852
     310    1523.3251
     311    1517.2671
     312    1495.0874
     313    1463.5926
     314    1433.7775
     315    1416.4955
     316    1418.2001
     317    1438.5472
     318    1470.8028
     319    1504.7611
     320    1530.8818
     321    1543.9694
     322    1544.9846
     323    1540.3243
     324    1538.8737
     325    1548.0013
     326    1570.0944
     327    1601.0534
     328    1631.4228
     329    1649.8004
     330    1647.2378
     331    1620.9131
     332    1575.5966
     333    1522.2699
     334    1474.3759
     335    1443.1313
     336    1433.7142
     337    1443.7829
     338    1464.8381
     339    1485.8408
     340    1497.6327
     341    1496.4362
     342    1485.0751
     343    1471.4848
     344    1465.1640
     345    1473.0073
     346    1496.1861
     347    1529.2922
     348    1562.0611
     349    1583.0001
     350    1583.5507
     351    1561.2629
     352    1520.9171
     353    1473.3459
     354    1432.2900
     355    1409.6654
     356    1410.5357
     357    1431.2455
     358    1462.5150
     359    1494.4577
     360    1520.2331
     361    1537.6409
     362    1548.8379
     363    1558.4676
     364    1570.9317
     365    1587.9347
     366    1607.3636
     367    1623.9878
     368    1631.6189
     369    1625.7356
     370    1605.3915
     371    1573.6087
     372    1536.1477
     373    1499.2352
     374    1467.2427
     375    1441.3098
     376    1419.4862
     377    1398.3105
     378    1375.0999
     379    1349.8796
     380    1326.0481
     381    1309.4564
     382    1306.2921
     383    1320.6421
     384    1352.6402
     385    1397.7910
     386    1447.6697
     387    1491.9804
     388    1521.6145
     389    1531.7315
     390    1523.5202
     391    1503.7628
     392    1482.3007
     393    1468.3647
     394    1467.1241
     395    1477.7105
     396    1493.4639
     397    1504.4302
     398    1501.3463
     399    1479.7634
     400    1442.7318
     401    1400.6934
     402    1368.0090
     403    1357.1883
     404    1373.6619
     405    1413.5946
     406    1465.0822
     407    1511.9509
     408    1539.0938
     409    1537.6310
     410    1508.0160
     411    1459.9671
     412    1409.2751
     413    1372.5812
     414    1361.8551
     415    1380.4024
     416    1421.7692
     417    1471.9662
     418    1514.2955
     419    1535.1017
     420    1528.4480
     421    1498.1513
     422    1456.6081
     423    1420.6890
     424    1405.2571
     425    1416.0640
     426    1446.5557
     427    1481.6885
     428    1505.5044
     429    1507.6410
     430    1486.8392
     431    1451.0264
     432    1414.0831
     433    1390.4351
     434    1389.5752
     435    1412.6736
     436    1452.4768
     437    1496.3505
     438    1531.1199
     439    1547.6963
     440    1543.6871
     441    1523.2402
     442    1494.6861
     443    1467.2262
     444    1447.8327
     445    1439.2954
     446    1440.0100
     447    1445.4998
     448    1450.9012
     449    1453.2697
     450    1452.7157
     451    1451.9636
     452    1454.6479
     453    1463.2255
     454    1477.5250
     455    1494.6066
     456    1509.9640
     457    1519.4348
     458    1520.8951
     459    1514.9695
     460    1504.5168
     461    1493.1832
     462    1483.6543
     463    1476.3319
     464    1469.1335
     465    1458.7217
     466    1442.6612
     467    1421.3803
     468    1398.8802
     469    1381.7207
     470    1376.5410
     471    1387.1696
     472    1412.7641
     473    1447.8884
     474    1484.4827
     475    1514.9095
     476    1534.3011
     477    1540.7057
     478    1534.5516
     479    1519.2156
     480    1500.8993
     481    1486.3275
     482    1479.7564
     483    1481.2027
     484    1486.6419
     485    1489.9120
     486    1485.4514
     487    1470.7388
     488    1447.5089
     489    1421.3376
     490    1399.8088
     491    1389.9567
     492    1395.8842
     493    1417.3471
     494    1449.7412
     495    1485.4674
     496    1516.1855
     497    1535.1834
     498    1539.0844
     499    1528.4458
     500    1507.1927
     501    1481.1926
     502    1456.4879
     503    1437.7563
     504    1427.3584
     505    1425.0315
     506    1428.1803
     507    1432.9208
     508    1435.7294
     509    1434.8869
     510    1430.9175
     511    1425.9502
     512    1422.4215
     513    1421.6829
     514    1423.0612
     515    1423.7871
     516    1419.9321
     517    1408.1163
     518    1387.3496
     519    1360.1680
     520    1332.3921
     521    1311.4242
     522    1303.6858
     523    1312.2145
     524    1335.4167
     525    1367.5522
     526    1400.8101
     527    1428.1582
     528    1445.7850
     529    1454.1353
     530    1457.1313
     531    1459.9572
     532    1466.3863
     533    1476.8205
     534    1487.8967
     535    1493.8357
     536    1488.9533
     537    1470.2629
     538    1439.0772
     539    1400.9406
     540    1363.9176
     541    1335.9253
     542    1322.1761
     543    1323.7212
     544    1337.5958
     545    1358.3894
     546    1380.5300
     547    1400.3505
     548    1417.1603
     549    1432.9398
     550    1450.8019
     551    1472.8698
     552    1498.5546
     553    1524.0693
     554    1543.4161
     555    1550.3782
     556    1540.6938
     557    1513.5951
     558    1472.1969
     559    1422.6339
     560    1372.2689
     561    1327.6489
     562    1292.9543
     563    1269.4443
     564    1255.9917
     565    1250.3669
     566    1250.5633
     567    1255.4516
     568    1264.6229
     569    1277.9162
     570    1295.1077
     571    1315.7588
     572    1339.0702
     573    1363.7855
     574    1388.2425
     575    1410.5248
     576    1428.5944
     577    1440.4136
     578    1444.2097
     579    1439.0104
     580    1425.3537
     581    1405.8332
     582    1385.0550
     583    1368.7493
     584    1362.1409
     585    1368.0553
     586    1385.4534
     587    1409.0963
     588    1430.7519
     589    1441.8165
     590    1436.5869
     591    1414.9180
     592    1382.8556
     593    1350.5222
     594    1328.2327
     595    1323.0003
     596    1336.6874
     597    1365.7638
     598    1402.5105
     599    1437.5131
     600    1462.7180
     601    1473.9492
     602    1471.9391
     603    1461.5025
     604    1449.2915
     605    1441.1790
     606    1440.2655
     607    1445.9905
     608    1454.4570
     609    1459.8020
     610    1456.1541
     611    1439.5323
     612    1409.1576
     613    1367.8914
     614    1321.7440
     615    1278.6084
     616    1246.5068
     617    1231.7114
     618    1237.1637
     619    1261.6626
     620    1300.1731
     621    1345.2492
     622    1389.1527
     623    1425.9394
     624    1452.8346
     625    1470.4840
     626    1482.0513
     627    1491.5087
     628    1501.7614
     629    1513.3234
     630    1523.9938
     631    1529.6198
     632    1525.6416
     633    1508.8924
     634    1479.0450
     635    1439.1882
     636    1395.2911
     637    1354.6726
     638    1323.9794
     639    1307.3519
     640    1305.3689
     641    1315.0892
     642    1331.1624
     643    1347.6170
     644    1359.6679
     645    1364.8932
     646    1363.4406
     647    1357.3945
     648    1349.7196
     649    1343.1921
     650    1339.6303
     651    1339.6414
     652    1342.9537
     653    1349.0266
     654    1357.4050
     655    1367.5508
     656    1378.3841
     657    1387.9981
     658    1393.8731
     659    1393.6216
     660    1386.0202
     661    1371.8336
     662    1353.9328
     663    1336.4708
     664    1323.3022
     665    1316.2324
     666    1313.8787
     667    1311.7741
     668    1303.9116
     669    1285.3331
     670    1254.8313
     671    1216.5863
     672    1179.8105
     673    1156.2088
     674    1156.0062
     675    1184.0118
     676    1237.2360
     677    1305.0217
     678    1371.8209
     679    1421.8328
     680    1443.9766
     681    1435.4320
     682    1402.4472
     683    1358.0931
     684    1317.7428
     685    1293.8429
     686    1291.7924
     687    1308.3092
     688    1332.8502
     689    1351.6126
     690    1352.7062
     691    1330.6517
     692    1288.5802
     693    1237.3398
     694    1191.8231
     695    1165.8373
     696    1167.2852
     697    1195.3219
     698    1240.4769
     699    1287.7148
     700    1321.4191
     701    1330.5843
     702    1312.4462
     703    1273.3317
     704    1226.5045
     705    1187.7846
     706    1170.4147
     707    1180.8714
     708    1216.9852
     709    1268.9642
     710    1322.9326
     711    1365.7058
     712    1389.0731
     713    1392.0621
     714    1380.4777
     715    1364.0431
     716    1352.3180
     717    1350.9363
     718    1359.5185
     719    1371.9858
     720    1379.1479
     721    1372.5906
     722    1348.3618
     723    1308.9747
     724    1262.9230
     725    1221.8588
     726    1196.5254
     727    1193.0193
     728    1210.8248
     729    1243.3428
     730    1280.6245
     731    1313.1702
     732    1335.2745
     733    1346.6309
     734    1351.6013
     735    1356.5117
     736    1366.1426
     737    1380.9654
     738    1396.3711
     739    1404.2561
     740    1396.2785
     741    1367.4917
     742    1319.0559
     743    1258.9967
     744    1200.4087
     745    1157.4067
     746    1140.2854
     747    1151.9177
     748    1186.9369
     749    1234.0465
     750    1280.4785
     751    1316.7403
     752    1339.6888
     753    1352.7087
     754    1362.9953
     755    1377.2155
     756    1397.6046
     757    1420.3760
     758    1437.1630
     759    1438.7687
     760    1419.4288
     761    1379.6270
     762    1326.3054
     763    1270.5286
     764    1223.6988
     765    1193.8553
     766    1183.4460
     767    1189.3085
     768    1204.7372
     769    1222.6852
     770    1238.7002
     771    1252.2451
     772    1265.8320
     773    1282.7546
     774    1304.9853
     775    1332.0702
     776    1360.9997
     777    1387.0496
     778    1405.5039
     779    1413.6428
     780    1412.0301
     781    1404.4150
     782    1396.2276
     783    1392.2913
     784    1394.7016
     785    1401.7685
     786    1408.5503
     787    1408.9200
     788    1398.4405
     789    1376.7671
     790    1348.3152
     791    1320.7396
     792    1301.8861
     793    1296.6011
     794    1304.7061
     795    1320.9357
     796    1336.9339
     797    1344.6450
     798    1339.7716
     799    1323.8092
     800    1303.7244
     801    1289.3628
     802    1289.6626
     803    1309.2045
     804    1346.1597
     805    1392.0864
     806    1434.1532
     807    1459.9018
     808    1462.5584
     809    1443.9369
     810    1413.5114
     811    1384.3599
     812    1368.1286
     813    1371.2353
     814    1393.2700
     815    1427.5849
     816    1463.7807
     817    1491.3165
     818    1502.9311
     819    1496.6325
     820    1475.6997
     821    1446.9817
     822    1418.2917
     823    1395.8683
     824    1382.7328
     825    1378.3287
     826    1379.3371
     827    1381.2072
     828    1379.7906
     829    1372.5718
     830    1359.1886
     831    1341.1730
     832    1321.0613
     833    1301.3150
     834    1283.5845
     835    1268.6492
     836    1256.9734
     837    1249.4884
     838    1248.0819
     839    1255.3844
     840    1273.7621
     841    1303.7941
     842    1342.9086
     843    1385.0268
     844    1421.8053
     845    1445.3340
     846    1451.2164
     847    1440.5147
     848    1419.5613
     849    1397.6003
     850    1383.0902
     851    1380.0639
     852    1386.1539
     853    1393.4047
     854    1391.7329
     855    1373.5725
     856    1337.6707
     857    1290.4167
     858    1244.1106
     859    1212.7752
     860    1207.0571
     861    1230.1586
     862    1276.3603
     863    1332.7156
     864    1383.2835
     865    1414.3392
     866    1418.8043
     867    1398.5319
     868    1363.6657
     869    1329.0976
     870    1309.1158
     871    1312.1599
     872    1337.6209
     873    1375.9420
     874    1412.1916
     875    1431.8896
     876    1426.7697
     877    1398.0682
     878    1356.0402
     879    1316.0096
     880    1292.5992
     881    1294.3274
     882    1320.5146
     883    1361.5671
     884    1402.4868
     885    1428.2659
     886    1429.1539
     887    1403.8758
     888    1359.7057
     889    1309.5180
     890    1267.0511
     891    1242.2329
     892    1238.2739
     893    1251.4466
     894    1273.3877
     895    1294.8001
     896    1308.9753
     897    1313.8039
     898    1311.7142
     899    1307.8902
     900    1307.7151
     901    1314.5167
     902    1328.3921
     903    1346.3591
     904    1363.5681
     905    1375.0322
     906    1377.2368
     907    1369.0999
     908    1352.0209
     909    1329.1402
     910    1304.2145
     911    1280.6150
     912    1260.7942
     913    1246.3153
     914    1238.2234
     915    1237.3727
     916    1244.3871
     917    1259.2090
     918    1280.5315
     919    1305.5303
     920    1330.2211
     921    1350.4516
     922    1363.2160
     923    1367.6723
     924    1365.2825
     925    1358.9620
     926    1351.6991
     927    1345.2405
     928    1339.2600
     929    1331.3161
     930    1317.8040
     931    1295.7386
     932    1264.7393
     933    1228.3271
     934    1193.8238
     935    1170.6357
     936    1167.3189
     937    1188.3272
     938    1231.6721
     939    1288.6139
     940    1345.8300
     941    1389.5064
     942    1409.9223
     943    1404.7765
     944    1379.9655
     945    1347.4843
     946    1321.2340
     947    1312.2106
     948    1324.6807
     949    1354.6109
     950    1390.9271
     951    1419.2656
     952    1426.9974
     953    1407.8217
     954    1364.2858
     955    1307.2806
     956    1252.6061
     957    1215.7354
     958    1206.5702
     959    1225.9768
     960    1265.2964
     961    1309.0006
     962    1339.6878
     963    1343.8709
     964    1316.6989
     965    1263.9997
     966    1200.8343
     967    1146.8761
     968    1120.0412
     969    1130.4724
     970    1176.9823
     971    1247.2972
     972    1322.1216
     973    1381.6281
     974    1412.0446
     975    1409.9498
     976    1382.7405
     977    1345.2104
     978    1313.6531
     979    1299.7820
     980    1306.7255
     981    1328.4621
     982    1352.6965
     983    1365.8967
     984    1358.4903
     985    1328.2987
     986    1281.0835
     987    1228.1940
     988    1182.3977
     989    1153.5760
     990    1145.8664
     991    1157.1415
     992    1180.6981
     993    1208.1838
     994    1232.4495
     995    1249.3011
     996    1257.8226
     997    1259.5590
     998    1257.1739
     999    1253.1920
    1000    1249.3304
    1001    1246.3018
    1002    1244.6020
    1003    1244.8513
    1004    1247.9652
    1005    1254.6966
    1006    1264.7962
    1007    1276.2931
    1008    1285.4319
    1009    1287.5499
    1010    1278.7482
    1011    1257.7493
    1012    1227.1244
    1013    1193.1970
    1014    1164.4019
    1015    1148.5178
    1016    1149.7292
    1017    1166.7043
    1018    1192.6130
    1019    1217.3249
    1020    1231.1294
    1021    1228.6064
    1022    1211.1156
    1023    1186.7883
    1024    1167.8465
    1025    1166.1092
    1026    1188.3256
    1027    1233.1333
    1028    1290.9243
    1029    1346.8319
    1030    1385.8412
    1031    1398.1267
    1032    1382.5560
    1033    1346.9518
    1034    1304.9902
    1035    1270.9548
    1036    1254.4444
    1037    1257.1239
    1038    1272.7277
    1039    1290.1454
    1040    1298.2289
    1041    1290.3942
    1042    1267.2790
    1043    1236.5004
    1044    1209.6875
    1045    1197.9736
    1046    1207.7132
    1047    1238.0589
    1048    1281.2556
    1049    1325.4546
    1050    1358.9360
    1051    1374.1774
    1052    1370.2846
    1053    1352.9245
    1054    1331.7963
    1055    1316.6083
    1056    1313.0835
    1057    1320.5602
    1058    1332.1934
    1059    1337.7409
    1060    1327.8921
    1061    1298.5051
    1062    1253.0962
    1063    1202.4864
    1064    1161.5075
    1065    1143.7944
    1066    1156.5730
    1067    1197.5159
    1068    1255.0406
    1069    1312.0603
    1070    1351.8295
    1071    1363.7452
    1072    1346.9865
    1073    1310.6374
    1074    1270.2041
    1075    1241.7641
    1076    1235.8905
    1077    1253.6243
    1078    1286.0121
    1079    1317.4425
    1080    1331.6285
    1081    1318.0757
    1082    1276.6243
    1083    1218.2563
    1084    1161.6849
    1085    1126.8046
    1086    1127.3635
    1087    1165.6347
    1088    1231.1462
    1089    1304.0046
    1090    1361.6487
    1091    1386.5953
    1092    1372.3900
    1093    1325.6243
    1094    1263.3420
    1095    1206.8544
    1096    1174.2909
    1097    1174.6145
    1098    1205.1615
    1099    1253.3462
    1100    1301.6158
    1101    1333.6815
    1102    1339.8617
    1103    1319.8394
    1104    1282.0584
    1105    1240.1330
    1106    1207.7533
    1107    1194.0867
    1108    1201.2545
    1109    1224.5146
    1110    1254.7512
    1111    1282.1140
    1112    1299.3551
    1113    1303.6804
    1114    1296.6748
    1115    1282.6544
    1116    1266.3880
    1117    1251.2632
    1118    1238.6297
    1119    1228.3680
    1120    1220.0894
    1121    1214.1526
    1122    1211.9030
    1123    1214.9658
    1124    1223.9245
    1125    1237.0882
    1126    1250.1289
    1127    1257.0394
    1128    1252.2599
    1129    1233.2216
    1130    1202.2676
    1131    1166.9779
    1132    1138.4146
    1133    1127.5998
    1134    1141.3534
    1135    1179.1033
    1136    1232.1429
    1137    1285.9961
    1138    1325.2596
    1139    1339.1385
    1140    1325.5009
    1141    1291.8054
    1142    1252.4418
    1143    1223.3812
    1144    1216.1226
    1145    1233.2291
    1146    1267.2101
    1147    1303.2309
    1148    1324.7002
    1149    1319.7096
    1150    1285.9386
    1151    1232.1578
    1152    1175.6701
    1153    1136.4929
    1154    1130.3077
    1155    1162.7061
    1156    1226.8065
    1157    1305.1341
    1158    1375.1696
    1159    1416.7370
    1160    1418.7629
    1161    1383.0819
    1162    1323.9035
    1163    1262.9846
    1164    1222.0460
    1165    1215.0350
    1166    1243.0087
    1167    1293.5513
    1168    1345.0488
    1169    1374.3809
    1170    1365.3319
    1171    1314.7082
    1172    1233.9273
    1173    1145.4476
    1174    1075.2315
    1175    1043.8914
    1176    1059.6462
    1177    1115.6018
    1178    1192.3305
    1179    1264.8280
    1180    1311.3283
    1181    1320.8011
    1182    1296.4396
    1183    1253.9226
    1184    1215.1623
    1185    1199.9018
    1186    1218.3232
    1187    1267.3903
    1188    1332.1852
    1189    1391.5967
    1190    1426.1407
    1191    1424.9520
    1192    1389.3878
    1193    1332.0075
    1194    1271.5054
    1195    1225.6851
    1196    1205.2067
    1197    1210.3973
    1198    1232.1503
    1199    1256.3191
    1200    1269.6655
    1201    1264.9203
    1202    1243.0756
    1203    1212.2893
    1204    1184.1677
    1205    1169.0692
    1206    1172.3204
    1207    1192.7009
    1208    1223.4896
    1209    1255.3593
    1210    1279.8715
    1211    1292.2676
    1212    1292.5846
    1213    1284.7957
    1214    1274.3631
    1215    1265.3007
    1216    1258.3669
    1217    1251.6358
    1218    1243.0039
    1219    1232.7471
    1220    1224.4478
    1221    1223.7756
    1222    1235.6879
    1223    1261.4101
    1224    1296.8263
    1225    1333.2901
    1226    1360.6587
    1227    1371.2125
    1228    1362.6767
    1229    1339.0415
    1230    1308.9324
    1231    1282.2799
    1232    1266.5768
    1233    1264.1127
    1234    1271.1823
    1235    1279.5405
    1236    1279.5706
    1237    1264.0384
    1238    1231.1003
    1239    1185.4603
    1240    1137.1884
    1241    1098.6248
    1242    1080.5397
    1243    1088.8672
    1244    1122.9526
    1245    1175.7441
    1246    1235.8730
    1247    1290.9878
    1248    1331.3440
    1249    1352.6053
    1250    1356.7254
    1251    1349.8284
    1252    1337.7935
    1253    1323.3176
    1254    1306.7802
    1255    1288.4428
    1256    1269.4089
    1257    1251.4402
    1258    1236.4035
    1259    1225.6859
    1260    1219.7565
    1261    1218.0889
    1262    1219.5900
    1263    1223.3875
    1264    1229.5531
    1265    1239.3188
    1266    1254.5486
    1267    1276.5918
    1268    1305.0010
    1269    1336.7278
    1270    1366.2243
    1271    1386.5330
    1272    1391.0905
    1273    1375.7293
    1274    1340.2289
    1275    1288.8670
    1276    1229.6861
    1277    1172.5900
    1278    1126.8150
    1279    1098.6016
    1280    1089.8445
    1281    1098.0969
    1282    1117.8015
    1283    1142.2591
    1284    1165.7057
    1285    1184.8894
    1286    1199.7291
    1287    1212.9021
    1288    1228.4869
    1289    1250.0463
    1290    1278.7639
    1291    1312.3475
    1292    1345.2175
    1293    1370.0666
    1294    1380.3007
    1295    1372.4895
    1296    1347.8565
    1297    1312.1672
    1298    1273.9847
    1299    1241.8913
    1300    1221.6991
    1301    1214.7242
    1302    1217.8039
    1303    1225.0383
    1304    1230.4956
    1305    1230.7432
    1306    1226.1559
    1307    1220.4840
    1308    1218.8770
    1309    1225.2240
    1310    1239.9876
    1311    1259.5534
    1312    1277.4622
    1313    1287.0490
    1314    1284.3413
    1315    1269.9181
    1316    1248.8813
    1317    1228.9013
    1318    1217.1279
    1319    1217.2404
    1320    1227.8834
    1321    1243.1830
    1322    1255.1541
    1323    1257.0319
    1324    1246.1570
    1325    1225.2268
    1326    1201.3884
    1327    1183.5517
    1328    1179.0153
    1329    1190.7514
    1330    1216.3824
    1331    1249.1617
    1332    1280.4965
    1333    1303.0162
    1334    1313.0863
    1335    1311.8881
    1336    1304.6359
    1337    1298.1700
    1338    1297.8626
    1339    1305.1215
    1340    1316.5478
    1341    1325.1237
    1342    1322.9798
    1343    1304.6505
    1344    1269.5026
    1345    1222.3501
    1346    1171.9920
    1347    1128.2541
    1348    1098.7127
    1349    1086.3582
    1350    1089.0033
    1351    1100.5272
    1352    1113.5166
    1353    1122.4939
    1354    1126.5189
    1355    1129.8429
    1356    1140.0230
    1357    1164.2055
    1358    1205.2714
    1359    1259.6887
    1360    1318.0865
    1361    1368.2618
    1362    1399.2497
    1363    1404.8490
    1364    1385.4180
    1365    1347.5237
    1366    1301.7303
    1367    1259.3251
    1368    1229.0349
    1369    1214.7475
    1370    1214.9207
    1371    1223.7703
    1372    1233.7381
    1373    1238.4052
    1374    1234.9070
    1375    1224.9865
    1376    1214.2213
    1377    1209.6740
    1378    1216.8751
    1379    1237.2703
    1380    1267.0907
    1381    1298.1857
    1382    1320.6979
    1383    1326.5907
    1384    1312.5642
    1385    1281.2510
    1386    1240.3812
    1387    1200.3323
    1388    1170.9443
    1389    1158.6447
    1390    1164.7664
    1391    1185.5161
    1392    1213.5131
    1393    1240.3166
    1394    1259.0981
    1395    1266.5799
    1396    1263.6711
    1397    1254.6847
    1398    1245.4719
    1399    1241.1666
    1400    1244.4022
    1401    1254.6906
    1402    1269.0689
    1403    1283.5451
    1404    1294.5906
    1405    1300.0805
    1406    1299.4068
    1407    1292.9285
    1408    1281.2160
    1409    1264.6186
    1410    1243.4212
    1411    1218.4757
    1412    1191.8751
    1413    1167.1985
    1414    1149.0108
    1415    1141.6231
    1416    1147.4657
    1417    1165.7002
    1418    1191.7259
    1419    1218.0308
    1420    1236.3505
    1421    1240.5471
    1422    1229.1700
    1423    1206.5726
    1424    1181.8884
    1425    1166.0434
    1426    1167.8457
    1427    1190.6375
    1428    1230.8142
    1429    1278.8031
    1430    1322.1738
    1431    1349.7949
    1432    1355.5821
    1433    1340.5183
    1434    1312.2173
    1435    1282.1859
    1436    1261.7511
    1437    1258.1019
    1438    1271.8380
    1439    1296.8968
    1440    1322.8754
    1441    1338.8784
    1442    1337.4764
    1443    1317.3519
    1444    1283.7362
    1445    1246.5535
    1446    1216.9910
    1447    1203.7333
    1448    1210.1433
    1449    1233.2871
    1450    1265.0181
    1451    1294.6633
    1452    1312.4042
    1453    1312.3093
    1454    1294.1226
    1455    1263.3060
    1456    1229.3483
    1457    1202.9091
    1458    1192.7093
    1459    1202.9500
    1460    1231.7335
    1461    1271.1697
    1462    1309.9425
    1463    1337.5537
    1464    1347.9527
    1465    1341.0146
    1466    1321.7748
    1467    1298.0630
    1468    1277.4671
    1469    1264.6919
    1470    1260.1874
    1471    1260.4405
    1472    1259.7117
    1473    1252.4925
    1474    1235.7273
    1475    1209.9903
    1476    1179.2404
    1477    1149.3363
    1478    1125.9614
    1479    1112.8153
    1480    1110.7690
    1481    1118.2377
    1482    1132.4637
    1483    1151.0021
    1484    1172.6449
    1485    1197.3296
    1486    1225.1376
    1487    1254.9823
    1488    1283.7907
    1489    1306.7861
    1490    1318.9474
    1491    1317.1184
    1492    1301.8177
    1493    1277.8077
    1494    1252.9230
    1495    1235.4012
    1496    1230.6905
    1497    1239.0841
    1498    1255.3217
    1499    1270.5420
    1500    1275.9359
    1501    1266.6474
    1502    1244.2571
    1503    1216.7025
    1504    1195.5202
    1505    1191.3731
    1506    1209.5404
    1507    1247.0964
    1508    1292.9609
    1509    1331.0413
    1510    1345.6527
    1511    1327.4810
    1512    1277.8541
    1513    1209.2149
    1514    1140.8507
    1515    1091.5276
    1516    1073.0107
    1517    1087.0608
    1518    1125.7155
    1519    1174.2699
    1520    1216.3503
    1521    1239.5593
    1522    1239.6307
    1523    1221.5627
    1524    1197.3373
    1525    1181.0925
    1526    1183.5819
    1527    1208.0091
    1528    1248.7815
    1529    1293.6133
    1530    1328.1522
    1531    1341.3534
    1532    1329.5532
    1533    1297.7528
    1534    1257.7399
    1535    1223.8364
    1536    1207.8700
    1537    1215.1501
    1538    1242.8252
    1539    1281.1396
    1540    1317.0722
    1541    1338.9710
    1542    1340.4603
    1543    1322.2226
    1544    1291.1021
    1545    1257.0240
    1546    1229.0050
    1547    1211.8243
    1548    1204.5956
    1549    1201.7096
    1550    1195.6868
    1551    1180.7466
    1552    1155.6529
    1553    1124.7131
    1554    1096.4888
    1555    1080.6397
    1556    1084.0774
    1557    1108.0356
    1558    1147.3842
    1559    1192.4821
    1560    1232.7068
    1561    1260.1292
    1562    1271.9119
    1563    1270.6060
    1564    1262.3484
    1565    1253.7656
    1566    1248.8934
    1567    1247.3869
    1568    1244.7776
    1569    1234.6943
    1570    1212.1712
    1571    1176.6983
    1572    1133.6660
    1573    1093.4091
    1574    1067.9702
    1575    1066.7200
    1576    1092.5774
    1577    1140.4186
    1578    1198.4316
    1579    1252.0268
    1580    1288.8898
    1581    1303.2097
    1582    1297.3893
    1583    1280.5364
    1584    1264.3315
    1585    1257.9217
    1586    1263.8723
    1587    1276.8138
    1588    1285.3994
    1589    1276.9241
    1590    1242.9140
    1591    1183.5309
    1592    1108.9653
    1593    1037.0238
    1594     987.5219
    1595     975.3778
    1596    1004.9860
    1597    1068.1522
    1598    1146.5570
    1599    1217.9226
    1600    1263.5832
    1601    1274.6551
    1602    1254.5880
    1603    1217.2707
    1604    1181.4647
    1605    1163.6525
    1606    1171.8979
    1607    1202.9477
    1608    1243.6324
    1609    1276.0222
    1610    1284.4070
    1611    1261.4832
    1612    1211.4455
    1613    1148.7941
    1614    1093.2546
    1615    1062.6615
    1616    1066.4863
    1617    1102.4723
    1618    1157.6361
    1619    1213.1788
    1620    1251.3284
    1621    1261.4612
    1622    1243.3191
    1623    1206.3696
    1624    1165.7856
    1625    1136.6816
    1626    1128.7356
    1627    1143.0797
    1628    1172.4402
    1629    1204.3129
    1630    1225.8884
    1631    1228.8725
    1632    1212.4122
    1633    1183.0997
    1634    1152.1225
    1635    1130.7324
    1636    1125.8432
    1637    1137.5292
    1638    1159.3967
    1639    1181.5773
    1640    1194.9993
    1641    1195.1229
    1642    1183.6352
    1643    1167.4850
    1644    1155.7122
    1645    1155.4095
    1646    1168.5238
    1647    1190.8988
    1648    1214.0089
    1649    1228.6626
    1650    1229.1073
    1651    1215.7907
    1652    1195.5399
    1653    1178.9354
    1654    1175.8281
    1655    1190.8276
    1656    1220.7282
    1657    1255.1114
    1658    1280.0686
    1659    1283.6855
    1660    1261.0994
    1661    1217.0297
    1662    1164.6057
    1663    1120.7654
    1664    1099.9077
    1665    1108.2643
    1666    1141.3090
    1667    1185.3783
    1668    1222.9882
    1669    1239.7826
    1670    1230.3354
    1671    1200.3964
    1672    1164.5585
    1673    1140.1461
    1674    1139.7739
    1675    1165.7101
    1676    1208.5006
    1677    1250.5142
    1678    1272.9781
    1679    1263.6011
    1680    1221.7224
    1681    1158.9917
    1682    1095.3618
    1683    1051.9168
    1684    1043.2389
    1685    1072.1452
    1686    1128.7547
    1687    1194.2110
    1688    1247.6633
    1689    1273.8774
    1690    1268.6374
    1691    1239.9308
    1692    1204.4945
    1693    1181.0270
    1694    1182.6790
    1695    1211.7946
    1696    1259.0387
    1697    1307.2369
    1698    1338.2821
    1699    1340.2423
    1700    1311.8461
    1701    1262.6579
    1702    1209.0820
    1703    1167.9742
    1704    1150.4533
    1705    1158.2234
    1706    1183.6274
    1707    1213.2089
    1708    1233.2543
    1709    1235.0988
    1710    1218.1518
    1711    1189.5568
    1712    1160.7951
    1713    1142.7727
    1714    1141.4573
    1715    1155.7621
    1716    1178.3906
    1717    1199.1640
    1718    1209.3691
    1719    1205.3237
    1720    1189.7607
    1721    1170.5565
    1722    1157.3673
    1723    1157.5458
    1724    1172.9856
    1725    1199.1646
    1726    1226.8119
    1727    1245.5929
    1728    1248.3706
    1729    1234.3010
    1730    1209.4220
    1731    1184.3755
    1732    1170.0495
    1733    1172.8522
    1734    1191.6335
    1735    1217.6801
    1736    1237.9559
    1737    1240.4013
    1738    1219.2007
    1739    1177.8541
    1740    1128.6786
    1741    1088.7396
    1742    1073.6580
    1743    1091.6169
    1744    1139.9052
    1745    1205.3901
    1746    1268.8286
    1747    1311.4591
    1748    1321.4513
    1749    1297.8445
    1750    1250.5251
    1751    1196.2805
    1752    1152.4722
    1753    1130.7851
    1754    1133.4206
    1755    1153.0540
    1756    1176.3847
    1757    1189.7809
    1758    1184.8083
    1759    1161.5545
    1760    1128.5462
    1761    1099.3602
    1762    1087.2611
    1763    1099.9301
    1764    1136.3058
    1765    1186.7564
    1766    1236.4991
    1767    1270.9076
    1768    1280.6329
    1769    1264.6250
    1770    1229.9915
    1771    1188.8522
    1772    1153.4960
    1773    1131.8072
    1774    1124.7987
    1775    1127.1698
    1776    1130.4748
    1777    1127.3961
    1778    1115.2400
    1779    1097.1934
    1780    1080.8935
    1781    1074.9823
    1782    1085.1483
    1783    1111.3714
    1784    1147.5974
    1785    1184.0093
    1786    1210.9225
    1787    1222.6166
    1788    1219.4667
    1789    1207.4773
    1790    1195.4279
    1791    1190.8839
    1792    1196.8369
    1793    1210.4701
    1794    1224.5703
    1795    1230.9350
    1796    1224.2729
    1797    1204.9095
    1798    1179.1271
    1799    1156.9550
    1800    1148.2760
    1801    1158.7952
    1802    1187.4556
    1803    1226.3276
    1804    1263.0536
    1805    1285.0129
    1806    1283.7453
    1807    1258.0043
    1808    1214.2856
    1809    1164.5943
    1810    1122.2489
    1811    1097.2580
    1812    1092.9560
    1813    1105.1335
    1814    1123.9946
    1815    1138.2059
    1816    1139.5062
    1817    1126.1283
    1818    1103.7223
    1819    1083.4033
    1820    1077.5858
    1821    1095.1236
    1822    1137.5612
    1823    1197.9605
    1824    1262.8159
    1825    1316.4143
    1826    1346.0760
    1827    1346.3817
    1828    1320.8355
    1829    1280.3617
    1830    1239.2008
    1831    1209.7666
    1832    1198.4007
    1833    1203.5967
    1834    1217.2634
    1835    1228.4208
    1836    1227.8138
    1837    1211.6414
    1838    1182.9641
    1839    1150.3002
    1840    1124.0379
    1841    1112.1637
    1842    1117.0663
    1843    1134.6995
    1844    1156.4310
    1845    1172.7824
    1846    1177.4525
    1847    1169.8760
    1848    1155.2494
    1849    1142.0811
    1850    1138.3832
    1851    1148.1794
    1852    1169.8131
    1853    1196.7115
    1854    1220.1800
    1855    1232.9539
    1856    1232.0050
    1857    1219.4831
    1858    1201.4560
    1859    1185.0109
    1860    1174.9441
    1861    1171.4869
    1862    1170.1446
    1863    1163.8377
    1864    1146.4727
    1865    1116.3647
    1866    1077.9722
    1867    1041.0670
    1868    1017.5051
    1869    1016.7403
    1870    1041.8138
    1871    1087.4852
    1872    1141.4764
    1873    1188.6014
    1874    1216.3180
    1875    1219.4946
    1876    1202.3896
    1877    1176.9574
    1878    1158.0649
    1879    1157.3604
    1880    1178.1030
    1881    1213.2591
    1882    1248.0012
    1883    1265.5960
    1884    1254.1574
    1885    1211.6373
    1886    1147.2324
    1887    1078.6577
    1888    1026.2208
    1889    1005.8275
    1890    1023.4799
    1891    1073.2659
    1892    1139.5423
    1893    1202.4447
    1894    1244.6665
    1895    1257.0641
    1896    1241.1667
    1897    1207.8486
    1898    1172.7847
    1899    1150.4313
    1900    1148.7266
    1901    1166.4197
    1902    1193.9176
    1903    1217.2122
    1904    1223.3586
    1905    1205.4933
    1906    1165.6231
    1907    1114.2123
    1908    1066.7066
    1909    1038.2499
    1910    1038.5213
    1911    1068.5411
    1912    1120.4745
    1913    1180.3330
    1914    1232.5369
    1915    1264.8128
    1916    1271.8739
    1917    1256.6704
    1918    1228.6901
    1919    1199.8717
    1920    1179.8852
    1921    1172.9710
    1922    1177.4786
    1923    1187.6688
    1924    1196.6456
    1925    1199.2512
    1926    1193.9179
    1927    1182.8415
    1928    1170.5355
    1929    1161.5238
    1930    1158.3217
    1931    1160.6429
    1932    1166.0682
    1933    1171.6598
    1934    1175.6364
    1935    1178.3490
    1936    1182.1623
    1937    1189.9694
    1938    1202.3650
    1939    1215.2261
    1940    1220.6835
    1941    1211.3621
    1942    1184.5120
    1943    1143.8241
    1944    1098.7504
    1945    1061.7437
    1946    1044.1726
    1947    1052.2006
    1948    1084.1848
    1949    1130.7170
    1950    1177.4649
    1951    1209.8887
    1952    1218.2053
    1953    1200.8421
    1954    1165.1203
    1955    1124.8481
    1956    1095.5572
    1957    1088.9213
    1958    1108.2819
    1959    1147.0456
    1960    1190.8629
    1961    1222.9861
    1962    1230.7627
    1963    1210.6837
    1964    1170.0136
    1965    1124.3689
    1966    1092.1478
    1967    1087.8197
    1968    1116.4716
    1969    1171.6030
    1970    1237.1047
    1971    1292.8419
    1972    1321.8186
    1973    1316.2374
    1974    1280.2027
    1975    1228.0267
    1976    1178.6762
    1977    1148.4483
    1978    1144.9908
    1979    1165.1842
    1980    1197.3187
    1981    1226.1343
    1982    1238.6347
    1983    1228.6817
    1984    1198.8814
    1985    1159.2425
    1986    1123.2451
    1987    1102.8416
    1988    1104.1993
    1989    1125.6263
    1990    1158.2906
    1991    1189.3635
    1992    1206.4038
    1993    1201.4750
    1994    1173.6673
    1995    1129.3040
    1996    1079.8496
    1997    1038.2591
    1998    1014.9888
    1999    1015.0243
    2000    1036.8846
