#Frame              T
       1    2993.7573
       2    2855.6435
       3    2620.5806
       4    2345.0717
       5    2089.5450
       6    1900.2478
       7    1796.7829
       8    1769.1854
       9    1784.8598
      10    1802.3283
      11    1786.7312
      12    1721.8691
      13    1615.0771
      14    1493.7274
      15    1394.9218
      16    1352.1138
      17    1383.3274
      18    1484.8735
      19    1632.3200
      20    1787.9722
      21    1912.1653
      22    1974.6332
      23    1962.4984
      24    1882.8522
      25    1759.8241
      26    1627.2905
      27    1518.6957
      28    1456.8321
      29    1448.4439
      30    1485.6157
      31    1551.0211
      32    1624.0616
      33    1686.4280
      34    1726.0324
      35    1738.6657
      36    1727.4640
      37    1700.8843
      38    1670.0037
      39    1645.7120
      40    1636.1899
      41    1645.0460
      42    1670.4064
      43    1705.1396
      44    1738.3005
      45    1757.7003
      46    1753.2727
      47    1720.5621
      48    1663.2009
      49    1593.1555
      50    1528.1316
      51    1486.6476
      52    1482.2443
      53    1518.7332
      54    1588.1845
      55    1672.5201
      56    1748.4339
      57    1794.3053
      58    1797.0248
      59    1756.4160
      60    1685.5100
      61    1606.3849
      62    1542.8575
      63    1512.4958
      64    1520.7078
      65    1559.1520
      66    1609.3744
      67    1650.1169
      68    1664.4347
      69    1644.2680
      70    1593.2590
      71    1526.6772
      72    1466.5698
      73    1433.7572
      74    1440.1846
      75    1484.5858
      76    1552.8985
      77    1623.1123
      78    1672.7603
      79    1686.4538
      80    1660.8500
      81    1605.3769
      82    1538.6118
      83    1481.7675
      84    1451.6087
      85    1455.2301
      86    1488.3619
      87    1537.5866
      88    1585.4657
      89    1616.6513
      90    1622.8797
      91    1605.2761
      92    1573.3410
      93    1541.1245
      94    1522.0209
      95    1524.0713
      96    1547.3651
      97    1584.2671
      98    1622.2265
      99    1648.1547
     100    1652.8379
     101    1633.8857
     102    1596.3100
     103    1550.6941
     104    1509.6728
     105    1483.9453
     106    1479.1115
     107    1494.2394
     108    1522.4814
     109    1553.4817
     110    1576.8087
     111    1585.3101
     112    1577.2681
     113    1556.6757
     114    1531.6512
     115    1511.6185
     116    1504.1698
     117    1512.5633
     118    1534.6710
     119    1563.7187
     120    1590.5366
     121    1606.5383
     122    1606.4597
     123    1590.0169
     124    1561.9772
     125    1530.6304
     126    1505.1247
     127    1492.5002
     128    1495.4085
     129    1511.3213
     130    1533.5464
     131    1553.6835
     132    1564.6626
     133    1563.2617
     134    1551.1748
     135    1534.2405
     136    1520.1490
     137    1515.5524
     138    1523.7092
     139    1543.5261
     140    1570.2766
     141    1597.6022
     142    1619.9345
     143    1634.3522
     144    1641.1753
     145    1643.1412
     146    1643.5700
     147    1644.3035
     148    1644.3544
     149    1639.9438
     150    1626.0093
     151    1598.5946
     152    1557.1009
     153    1505.3818
     154    1451.1179
     155    1403.5876
     156    1370.6181
     157    1355.8733
     158    1357.5969
     159    1369.3969
     160    1382.8116
     161    1390.6351
     162    1389.6707
     163    1381.8057
     164    1372.9820
     165    1370.4709
     166    1379.5690
     167    1401.1058
     168    1430.8323
     169    1460.9781
     170    1483.3787
     171    1492.9192
     172    1489.8853
     173    1480.2286
     174    1473.5469
     175    1479.4617
     176    1503.6814
     177    1545.2373
     178    1596.0668
     179    1643.2753
     180    1673.3630
     181    1676.8845
     182    1651.8270
     183    1604.4545
     184    1547.2638
     185    1494.7757
     186    1458.6625
     187    1444.0043
     188    1448.0518
     189    1461.8967
     190    1474.2934
     191    1476.1683
     192    1464.2981
     193    1442.9354
     194    1422.5573
     195    1415.8359
     196    1432.2331
     197    1473.5198
     198    1532.2636
     199    1594.0222
     200    1642.3316
     201    1664.5057
     202    1656.0613
     203    1622.1433
     204    1575.4754
     205    1531.6193
     206    1503.3097
     207    1495.9579
     208    1505.9949
     209    1522.6586
     210    1532.5160
     211    1524.9372
     212    1496.4265
     213    1452.1559
     214    1404.1415
     215    1366.7349
     216    1351.1547
     217    1361.1164
     218    1391.2143
     219    1428.6809
     220    1457.9096
     221    1466.1237
     222    1448.1575
     223    1408.5750
     224    1360.2900
     225    1320.1108
     226    1302.7676
     227    1315.5771
     228    1355.7397
     229    1411.3635
     230    1465.9617
     231    1504.7821
     232    1520.5265
     233    1516.1988
     234    1503.8402
     235    1499.5528
     236    1516.6928
     237    1559.9366
     238    1622.6772
     239    1688.9054
     240    1738.8678
     241    1756.2466
     242    1734.0923
     243    1677.3992
     244    1601.5412
     245    1527.2400
     246    1473.8503
     247    1453.2439
     248    1466.2912
     249    1503.0555
     250    1546.6015
     251    1579.0868
     252    1588.0036
     253    1570.3913
     254    1533.5805
     255    1492.2528
     256    1462.8888
     257    1457.6437
     258    1479.8611
     259    1522.7431
     260    1571.5004
     261    1608.1913
     262    1617.6808
     263    1592.8172
     264    1537.0967
     265    1463.8725
     266    1392.3256
     267    1341.5018
     268    1324.3645
     269    1343.8220
     270    1392.0254
     271    1453.1304
     272    1508.5853
     273    1543.1993
     274    1550.0075
     275    1532.2661
     276    1501.8070
     277    1474.2770
     278    1463.1090
     279    1474.5739
     280    1505.6480
     281    1545.2367
     282    1578.2008
     283    1590.8231
     284    1575.8741
     285    1535.4956
     286    1480.8018
     287    1428.2936
     288    1394.3581
     289    1389.8173
     290    1416.4121
     291    1466.3659
     292    1525.0644
     293    1575.8550
     294    1605.2963
     295    1607.0686
     296    1583.2350
     297    1542.5628
     298    1496.7563
     299    1456.2333
     300    1427.0965
     301    1410.2322
     302    1402.4916
     303    1399.1633
     304    1396.6430
     305    1394.1987
     306    1394.0707
     307    1399.8858
     308    1414.2529
     309    1436.8479
     310    1463.9917
     311    1489.9176
     312    1509.0922
     313    1518.4640
     314    1518.5842
     315    1513.0959
     316    1506.8676
     317    1503.6857
     318    1504.5508
     319    1507.3049
     320    1507.7381
     321    1501.7036
     322    1487.3216
     323    1466.3078
     324    1443.8356
     325    1426.9479
     326    1422.0530
     327    1432.4020
     328    1456.5134
     329    1488.2506
     330    1518.6603
     331    1538.9741
     332    1543.6718
     333    1532.4441
     334    1510.3022
     335    1485.8011
     336    1468.0148
     337    1463.3460
     338    1473.2647
     339    1493.7765
     340    1516.8710
     341    1533.5019
     342    1537.0103
     343    1525.6553
     344    1503.2809
     345    1477.9098
     346    1458.8078
     347    1453.1249
     348    1463.3425
     349    1486.4425
     350    1515.0406
     351    1540.0256
     352    1553.7082
     353    1552.3302
     354    1537.1073
     355    1513.5836
     356    1489.6297
     357    1472.6856
     358    1467.0389
     359    1472.1530
     360    1482.8602
     361    1491.3626
     362    1490.0987
     363    1474.3963
     364    1444.1225
     365    1403.8583
     366    1361.4897
     367    1325.6602
     368    1303.0803
     369    1296.7029
     370    1305.2730
     371    1324.2171
     372    1347.4513
     373    1369.4901
     374    1387.2211
     375    1400.8138
     376    1413.2631
     377    1428.4791
     378    1449.1422
     379    1475.9525
     380    1507.9439
     381    1542.5087
     382    1575.0640
     383    1599.2199
     384    1607.9632
     385    1595.6999
     386    1560.5050
     387    1505.7062
     388    1440.0496
     389    1376.1442
     390    1327.4875
     391    1304.7593
     392    1312.1579
     393    1344.9996
     394    1390.5201
     395    1432.6458
     396    1458.4632
     397    1463.0791
     398    1451.1514
     399    1434.8469
     400    1428.9392
     401    1444.6680
     402    1484.6505
     403    1540.9264
     404    1597.0874
     405    1633.8787
     406    1636.3160
     407    1599.6779
     408    1532.0242
     409    1452.0346
     410    1382.7562
     411    1343.5782
     412    1343.5637
     413    1378.6035
     414    1433.2670
     415    1486.5121
     416    1519.1728
     417    1520.5711
     418    1491.9391
     419    1445.4565
     420    1399.3108
     421    1370.6347
     422    1368.9847
     423    1392.7972
     424    1430.1151
     425    1463.2550
     426    1475.6200
     427    1458.0846
     428    1412.5542
     429    1351.3792
     430    1292.8711
     431    1254.6651
     432    1247.5140
     433    1271.9093
     434    1318.6745
     435    1373.0177
     436    1420.1827
     437    1450.3737
     438    1461.2276
     439    1457.3829
     440    1447.7063
     441    1441.2444
     442    1443.3859
     443    1453.8131
     444    1467.0691
     445    1475.3612
     446    1472.2220
     447    1455.4024
     448    1427.7882
     449    1396.0756
     450    1367.8478
     451    1348.3548
     452    1338.3502
     453    1333.9014
     454    1328.2939
     455    1315.2969
     456    1292.4492
     457    1262.9081
     458    1234.9538
     459    1219.2000
     460    1224.5183
     461    1254.2511
     462    1304.2647
     463    1363.7358
     464    1418.5714
     465    1456.2915
     466    1470.5913
     467    1463.8191
     468    1446.3236
     469    1432.7329
     470    1436.3940
     471    1463.9675
     472    1512.2601
     473    1568.6591
     474    1615.2205
     475    1635.0326
     476    1618.5571
     477    1567.5827
     478    1495.2123
     479    1421.7179
     480    1367.6152
     481    1346.4022
     482    1359.6530
     483    1396.3923
     484    1437.1272
     485    1461.1368
     486    1454.3638
     487    1414.9450
     488    1354.2798
     489    1293.1243
     490    1254.0568
     491    1253.0230
     492    1293.0858
     493    1362.7586
     494    1439.6383
     495    1498.0670
     496    1518.0442
     497    1492.1818
     498    1428.2234
     499    1346.2531
     500    1271.5988
     501    1225.9752
     502    1220.0439
     503    1250.1007
     504    1300.0398
     505    1347.7746
     506    1373.6374
     507    1367.5968
     508    1332.6890
     509    1283.5293
     510    1240.5472
     511    1222.1214
     512    1237.5828
     513    1283.7622
     514    1346.3547
     515    1405.3826
     516    1442.5114
     517    1447.4738
     518    1421.3464
     519    1375.6256
     520    1327.6231
     521    1294.0644
     522    1285.3181
     523    1302.3160
     524    1337.0774
     525    1376.3668
     526    1406.9001
     527    1420.0848
     528    1414.6483
     529    1396.3251
     530    1374.8107
     531    1359.2231
     532    1354.1466
     533    1358.1687
     534    1365.3085
     535    1368.2170
     536    1361.6075
     537    1344.6383
     538    1321.3937
     539    1299.2418
     540    1285.6997
     541    1285.2088
     542    1297.3190
     543    1317.0371
     544    1337.0115
     545    1350.5265
     546    1354.1034
     547    1348.7172
     548    1339.1966
     549    1332.0444
     550    1332.5301
     551    1342.2032
     552    1357.8615
     553    1372.4770
     554    1377.8252
     555    1367.8235
     556    1341.2616
     557    1302.8024
     558    1261.8291
     559    1229.5233
     560    1215.2263
     561    1223.3844
     562    1252.1980
     563    1294.4409
     564    1340.0953
     565    1379.7500
     566    1407.4667
     567    1422.0997
     568    1426.7037
     569    1426.4503
     570    1426.0222
     571    1427.6079
     572    1430.2456
     573    1430.6377
     574    1424.9262
     575    1410.6286
     576    1388.0177
     577    1360.4892
     578    1333.7689
     579    1314.1660
     580    1306.5034
     581    1312.5479
     582    1330.5941
     583    1356.3375
     584    1384.5989
     585    1411.1071
     586    1433.5438
     587    1451.4862
     588    1465.4571
     589    1475.6766
     590    1481.2027
     591    1479.9461
     592    1469.6071
     593    1449.1164
     594    1419.8765
     595    1386.1432
     596    1354.2410
     597    1330.7959
     598    1320.5873
     599    1324.8465
     600    1340.7247
     601    1362.2564
     602    1382.5298
     603    1396.2595
     604    1401.7006
     605    1401.1274
     606    1399.6854
     607    1403.0919
     608    1415.0645
     609    1435.4451
     610    1459.7594
     611    1480.4569
     612    1489.4660
     613    1481.1599
     614    1454.6195
     615    1414.3255
     616    1369.0423
     617    1329.3109
     618    1304.3686
     619    1299.4149
     620    1314.0450
     621    1342.3646
     622    1374.8174
     623    1401.1527
     624    1413.5572
     625    1408.9137
     626    1389.4881
     627    1361.9241
     628    1334.9752
     629    1316.7637
     630    1312.3540
     631    1322.1798
     632    1341.5939
     633    1361.8446
     634    1372.7461
     635    1366.4696
     636    1340.8002
     637    1300.2762
     638    1254.8061
     639    1216.4613
     640    1195.6421
     641    1197.8597
     642    1222.1446
     643    1261.5377
     644    1305.5043
     645    1343.5998
     646    1369.3637
     647    1382.6627
     648    1388.1485
     649    1390.7649
     650    1393.5317
     651    1398.2827
     652    1405.6587
     653    1414.2493
     654    1420.6118
     655    1420.5019
     656    1410.6114
     657    1390.0190
     658    1360.8142
     659    1327.6856
     660    1296.6185
     661    1273.1650
     662    1260.9424
     663    1260.9149
     664    1271.6318
     665    1290.1575
     666    1313.2048
     667    1338.0014
     668    1362.6464
     669    1385.9620
     670    1407.0805
     671    1425.0627
     672    1438.7726
     673    1447.0735
     674    1449.2082
     675    1445.1230
     676    1435.5056
     677    1421.4812
     678    1404.0952
     679    1383.8514
     680    1360.5853
     681    1333.8087
     682    1303.4586
     683    1270.7921
     684    1239.0269
     685    1213.3227
     686    1199.8298
     687    1203.7234
     688    1226.6101
     689    1264.6632
     690    1309.1557
     691    1349.4242
     692    1376.5465
     693    1386.1009
     694    1379.2535
     695    1361.9657
     696    1342.6494
     697    1329.1636
     698    1326.1926
     699    1333.7825
     700    1347.3878
     701    1359.3842
     702    1361.6188
     703    1348.2353
     704    1317.8783
     705    1274.5006
     706    1226.4166
     707    1183.8962
     708    1156.1652
     709    1148.8451
     710    1162.5896
     711    1193.1628
     712    1232.7910
     713    1272.3383
     714    1303.7191
     715    1321.9016
     716    1325.9560
     717    1318.8740
     718    1306.2809
     719    1294.4980
     720    1288.5974
     721    1291.0003
     722    1300.9624
     723    1315.0175
     724    1328.1993
     725    1335.6648
     726    1334.2496
     727    1323.5686
     728    1306.4046
     729    1288.2515
     730    1276.0107
     731    1276.1100
     732    1292.5757
     733    1325.6711
     734    1371.5186
     735    1422.7679
     736    1470.1077
     737    1504.2971
     738    1518.3496
     739    1509.3803
     740    1479.5657
     741    1435.7734
     742    1387.7929
     743    1345.5730
     744    1316.3051
     745    1302.3438
     746    1300.7021
     747    1304.3347
     748    1304.8442
     749    1295.7457
     750    1275.1811
     751    1247.0743
     752    1220.2149
     753    1205.4728
     754    1211.9847
     755    1243.5479
     756    1296.4615
     757    1359.7000
     758    1417.6044
     759    1454.4155
     760    1459.2367
     761    1429.7572
     762    1373.3651
     763    1305.0949
     764    1242.9687
     765    1202.3364
     766    1191.2584
     767    1208.4616
     768    1244.3841
     769    1284.8324
     770    1316.0391
     771    1329.4364
     772    1324.4566
     773    1308.3375
     774    1293.0729
     775    1290.7240
     776    1308.7713
     777    1347.0558
     778    1397.3294
     779    1445.6014
     780    1476.5171
     781    1478.3166
     782    1446.7492
     783    1386.7287
     784    1311.2467
     785    1237.8646
     786    1183.7628
     787    1160.7965
     788    1172.2035
     789    1212.1801
     790    1268.3608
     791    1325.9444
     792    1371.7745
     793    1397.2819
     794    1400.0315
     795    1383.7453
     796    1356.5932
     797    1328.1059
     798    1305.8496
     799    1293.1705
     800    1288.7448
     801    1287.8194
     802    1284.4389
     803    1273.7849
     804    1253.9331
     805    1226.6538
     806    1197.1344
     807    1172.7450
     808    1161.1920
     809    1168.5532
     810    1197.6718
     811    1247.2425
     812    1311.7300
     813    1382.1511
     814    1447.6752
     815    1497.8544
     816    1525.0308
     817    1526.2452
     818    1504.0080
     819    1465.6553
     820    1421.4225
     821    1381.7537
     822    1354.5288
     823    1342.9752
     824    1344.8947
     825    1353.4930
     826    1359.6200
     827    1354.8204
     828    1334.3198
     829    1299.0365
     830    1255.8909
     831    1216.1294
     832    1191.9820
     833    1192.5718
     834    1220.4022
     835    1269.7080
     836    1327.4638
     837    1376.9785
     838    1403.1001
     839    1397.3610
     840    1361.2462
     841    1306.2525
     842    1250.4648
     843    1212.6977
     844    1206.2557
     845    1234.4753
     846    1289.5368
     847    1354.9320
     848    1410.8117
     849    1440.4503
     850    1435.6156
     851    1399.0006
     852    1342.9291
     853    1284.9027
     854    1241.6462
     855    1223.7348
     856    1232.5642
     857    1260.5261
     858    1294.1524
     859    1319.0538
     860    1324.9707
     861    1309.2877
     862    1277.8912
     863    1243.1749
     864    1219.9143
     865    1220.3789
     866    1250.2290
     867    1306.4711
     868    1378.1019
     869    1449.2139
     870    1503.5480
     871    1529.0265
     872    1520.9029
     873    1482.6762
     874    1424.6636
     875    1360.8267
     876    1304.9004
     877    1266.9276
     878    1251.0654
     879    1255.1191
     880    1271.8017
     881    1291.2667
     882    1304.1765
     883    1304.4568
     884    1291.0220
     885    1268.0256
     886    1243.5676
     887    1227.2072
     888    1226.9907
     889    1246.8708
     890    1285.2552
     891    1335.1071
     892    1385.6140
     893    1425.0363
     894    1443.9734
     895    1438.0904
     896    1409.4624
     897    1366.0746
     898    1319.5443
     899    1281.7584
     900    1261.5508
     901    1262.4941
     902    1282.3589
     903    1314.1482
     904    1348.1994
     905    1374.7776
     906    1386.5707
     907    1380.5162
     908    1358.4877
     909    1326.6745
     910    1293.8261
     911    1268.8292
     912    1258.2656
     913    1264.6108
     914    1285.5575
     915    1314.6557
     916    1343.1139
     917    1362.3275
     918    1366.4680
     919    1354.3716
     920    1330.0742
     921    1301.6723
     922    1278.7062
     923    1268.8296
     924    1274.9527
     925    1294.0133
     926    1317.9587
     927    1336.5844
     928    1341.2190
     929    1327.9814
     930    1299.4957
     931    1264.4031
     932    1234.7242
     933    1221.9137
     934    1232.9482
     935    1267.8162
     936    1319.3104
     937    1375.2226
     938    1422.2233
     939    1450.1061
     940    1454.9123
     941    1439.8146
     942    1413.4033
     943    1386.0251
     944    1365.7335
     945    1355.6146
     946    1353.4536
     947    1353.5411
     948    1349.6343
     949    1337.8249
     950    1318.2158
     951    1294.8192
     952    1273.8019
     953    1260.8909
     954    1259.0945
     955    1267.7219
     956    1283.0850
     957    1300.4250
     958    1316.0459
     959    1328.6307
     960    1339.1876
     961    1349.7176
     962    1361.2868
     963    1372.5276
     964    1379.4856
     965    1377.0841
     966    1361.5905
     967    1332.9367
     968    1295.8145
     969    1258.9741
     970    1232.7947
     971    1225.8220
     972    1241.4547
     973    1276.1126
     974    1319.8117
     975    1359.1674
     976    1381.8470
     977    1380.8817
     978    1357.2395
     979    1319.6447
     980    1281.5947
     981    1256.5876
     982    1253.2470
     983    1272.1727
     984    1305.7387
     985    1340.9634
     986    1364.3837
     987    1367.0986
     988    1348.1238
     989    1314.8334
     990    1280.3320
     991    1258.6950
     992    1259.8201
     993    1285.7836
     994    1330.0081
     995    1379.4709
     996    1419.0867
     997    1436.6645
     998    1426.6839
     999    1391.6687
    1000    1340.8548
    1001    1286.8182
    1002    1241.3188
    1003    1211.8194
    1004    1199.7769
    1005    1201.1565
    1006    1208.8079
    1007    1215.7119
    1008    1217.8248
    1009    1215.4437
    1010    1212.6379
    1011    1215.0632
    1012    1227.1552
    1013    1249.9321
    1014    1280.3505
    1015    1312.5002
    1016    1340.0957
    1017    1359.0389
    1018    1368.7926
    1019    1372.0349
    1020    1372.9573
    1021    1375.0630
    1022    1379.4132
    1023    1384.1412
    1024    1385.5470
    1025    1380.2774
    1026    1367.5084
    1027    1349.9976
    1028    1333.4021
    1029    1324.0441
    1030    1326.0242
    1031    1338.9578
    1032    1357.4435
    1033    1372.6991
    1034    1375.9035
    1035    1362.0149
    1036    1332.4917
    1037    1295.5855
    1038    1263.7151
    1039    1248.6913
    1040    1256.7890
    1041    1285.9876
    1042    1326.6079
    1043    1364.9439
    1044    1388.4491
    1045    1390.5933
    1046    1373.5378
    1047    1347.4692
    1048    1326.6639
    1049    1323.6432
    1050    1343.6938
    1051    1382.1085
    1052    1425.5103
    1053    1456.9484
    1054    1462.8070
    1055    1438.6970
    1056    1391.8260
    1057    1338.8122
    1058    1299.5957
    1059    1289.5314
    1060    1312.8663
    1061    1360.5868
    1062    1413.6014
    1063    1449.8712
    1064    1452.7125
    1065    1417.2359
    1066    1352.5489
    1067    1278.8214
    1068    1220.1265
    1069    1195.5747
    1070    1212.0886
    1071    1261.6978
    1072    1324.4931
    1073    1376.1513
    1074    1397.2070
    1075    1380.5442
    1076    1334.1967
    1077    1278.3024
    1078    1237.2302
    1079    1229.7375
    1080    1261.1803
    1081    1321.2555
    1082    1388.0727
    1083    1436.5644
    1084    1447.9632
    1085    1416.8481
    1086    1353.0422
    1087    1277.7021
    1088    1215.2702
    1089    1184.3971
    1090    1191.1507
    1091    1227.0167
    1092    1272.5158
    1093    1305.1203
    1094    1308.4117
    1095    1278.8323
    1096    1227.2751
    1097    1174.7717
    1098    1143.9734
    1099    1149.9395
    1100    1194.0323
    1101    1263.2867
    1102    1335.2793
    1103    1386.4768
    1104    1400.9261
    1105    1376.1361
    1106    1323.9976
    1107    1266.2967
    1108    1226.3621
    1109    1220.0165
    1110    1249.4833
    1111    1302.7089
    1112    1358.2378
    1113    1393.6111
    1114    1394.0353
    1115    1358.0214
    1116    1297.8487
    1117    1234.7332
    1118    1190.6464
    1119    1180.0108
    1120    1204.4584
    1121    1252.6054
    1122    1304.7994
    1123    1340.8600
    1124    1347.7762
    1125    1324.4537
    1126    1281.7727
    1127    1238.0266
    1128    1211.5743
    1129    1213.6276
    1130    1244.0031
    1131    1291.4632
    1132    1338.4597
    1133    1368.3243
    1134    1371.9730
    1135    1351.4172
    1136    1318.6856
    1137    1290.6481
    1138    1281.8633
    1139    1298.3815
    1140    1335.0706
    1141    1377.6149
    1142    1408.3669
    1143    1413.6302
    1144    1389.4267
    1145    1343.4754
    1146    1292.5542
    1147    1256.1689
    1148    1248.8852
    1149    1274.3016
    1150    1323.1530
    1151    1376.5159
    1152    1413.0499
    1153    1417.4396
    1154    1386.6058
    1155    1331.1458
    1156    1271.4158
    1157    1229.7883
    1158    1222.0942
    1159    1251.5038
    1160    1307.1750
    1161    1368.2730
    1162    1411.8996
    1163    1421.8412
    1164    1394.6508
    1165    1340.7128
    1166    1279.9580
    1167    1234.0318
    1168    1218.0594
    1169    1235.1871
    1170    1275.8925
    1171    1322.1745
    1172    1354.8279
    1173    1360.8379
    1174    1338.0103
    1175    1295.2577
    1176    1248.7053
    1177    1215.3105
    1178    1206.4706
    1179    1224.0027
    1180    1259.9108
    1181    1299.8703
    1182    1328.9478
    1183    1337.3069
    1184    1323.7177
    1185    1295.5800
    1186    1265.5115
    1187    1245.9455
    1188    1243.9918
    1189    1258.7173
    1190    1281.9618
    1191    1302.3123
    1192    1310.4549
    1193    1303.4820
    1194    1286.2006
    1195    1268.8833
    1196    1262.5966
    1197    1274.2396
    1198    1303.3430
    1199    1341.8718
    1200    1377.1183
    1201    1396.5828
    1202    1392.9083
    1203    1366.8960
    1204    1327.3678
    1205    1287.8983
    1206    1261.6481
    1207    1256.3420
    1208    1271.3991
    1209    1298.3807
    1210    1324.5600
    1211    1338.1453
    1212    1333.0305
    1213    1311.2005
    1214    1281.9180
    1215    1258.0785
    1216    1251.1629
    1217    1266.6385
    1218    1301.4716
    1219    1344.7043
    1220    1381.0098
    1221    1396.0690
    1222    1381.8825
    1223    1340.0453
    1224    1281.7003
    1225    1224.0602
    1226    1184.6437
    1227    1175.2409
    1228    1197.7780
    1229    1243.6298
    1230    1296.6548
    1231    1338.8489
    1232    1356.5777
    1233    1345.1910
    1234    1310.4255
    1235    1266.1180
    1236    1229.0584
    1237    1212.8356
    1238    1222.8722
    1239    1254.4504
    1240    1294.4886
    1241    1326.4540
    1242    1336.5887
    1243    1319.1195
    1244    1278.5180
    1245    1228.0472
    1246    1185.1811
    1247    1165.5598
    1248    1177.5777
    1249    1219.4236
    1250    1279.5238
    1251    1340.1966
    1252    1383.3447
    1253    1396.3821
    1254    1376.3808
    1255    1330.9258
    1256    1275.4008
    1257    1227.7264
    1258    1202.4405
    1259    1206.1477
    1260    1235.8190
    1261    1280.4003
    1262    1325.0367
    1263    1356.3200
    1264    1366.6930
    1265    1356.5215
    1266    1333.2889
    1267    1308.4144
    1268    1292.9728
    1269    1293.8141
    1270    1311.2995
    1271    1339.2544
    1272    1367.0296
    1273    1382.9462
    1274    1377.9865
    1275    1348.5973
    1276    1297.7999
    1277    1234.3630
    1278    1170.4186
    1279    1118.3463
    1280    1087.8628
    1281    1084.0153
    1282    1106.4290
    1283    1149.8378
    1284    1205.6839
    1285    1264.3509
    1286    1317.4551
    1287    1359.6464
    1288    1389.4905
    1289    1409.1635
    1290    1422.9616
    1291    1435.0877
    1292    1447.5848
    1293    1459.2159
    1294    1465.7486
    1295    1461.5574
    1296    1441.9700
    1297    1405.4765
    1298    1354.8863
    1299    1296.8431
    1300    1240.0328
    1301    1193.1924
    1302    1163.5273
    1303    1155.3338
    1304    1168.9935
    1305    1200.9345
    1306    1244.6710
    1307    1292.4390
    1308    1336.8396
    1309    1372.0793
    1310    1394.5965
    1311    1403.1164
    1312    1398.3478
    1313    1382.5596
    1314    1359.1710
    1315    1332.3704
    1316    1306.6550
    1317    1286.2028
    1318    1274.0797
    1319    1271.4148
    1320    1276.8958
    1321    1287.0020
    1322    1297.1496
    1323    1303.3966
    1324    1304.0283
    1325    1300.3507
    1326    1296.3231
    1327    1297.0552
    1328    1306.6206
    1329    1325.9803
    1330    1351.9040
    1331    1377.4887
    1332    1394.2336
    1333    1394.9883
    1334    1376.7005
    1335    1341.8966
    1336    1298.2601
    1337    1256.3947
    1338    1226.5659
    1339    1215.5875
    1340    1224.9096
    1341    1250.4623
    1342    1284.1805
    1343    1316.6319
    1344    1339.8615
    1345    1349.5506
    1346    1345.8600
    1347    1332.7962
    1348    1316.4170
    1349    1302.5503
    1350    1294.8260
    1351    1293.6488
    1352    1296.3746
    1353    1298.5508
    1354    1295.7600
    1355    1285.4203
    1356    1267.9169
    1357    1246.6902
    1358    1227.2556
    1359    1215.4669
    1360    1215.5890
    1361    1228.8174
    1362    1252.7383
    1363    1281.9046
    1364    1309.3119
    1365    1328.3584
    1366    1334.7620
    1367    1327.8466
    1368    1310.6872
    1369    1288.9968
    1370    1269.1222
    1371    1255.8474
    1372    1250.7792
    1373    1251.9286
    1374    1254.6631
    1375    1253.7182
    1376    1245.5349
    1377    1230.0480
    1378    1211.2252
    1379    1196.0378
    1380    1192.0754
    1381    1204.5451
    1382    1233.7736
    1383    1274.3123
    1384    1316.2020
    1385    1348.0868
    1386    1361.1244
    1387    1352.2600
    1388    1325.5704
    1389    1291.0169
    1390    1260.9712
    1391    1245.7518
    1392    1249.8693
    1393    1270.4167
    1394    1298.2487
    1395    1321.5458
    1396    1330.4111
    1397    1320.7297
    1398    1295.7784
    1399    1264.9401
    1400    1240.0188
    1401    1230.5974
    1402    1240.3119
    1403    1265.5328
    1404    1296.9112
    1405    1323.0692
    1406    1334.8649
    1407    1328.5653
    1408    1306.8669
    1409    1277.6040
    1410    1250.7089
    1411    1234.5218
    1412    1232.8558
    1413    1243.9666
    1414    1261.8040
    1415    1278.8854
    1416    1289.3855
    1417    1291.1063
    1418    1285.6884
    1419    1277.2926
    1420    1270.5610
    1421    1268.7836
    1422    1272.9298
    1423    1281.7738
    1424    1292.8312
    1425    1303.5584
    1426    1312.2409
    1427    1318.2098
    1428    1321.3549
    1429    1321.3240
    1430    1317.0337
    1431    1306.9305
    1432    1289.9937
    1433    1267.0578
    1434    1241.6974
    1435    1219.8681
    1436    1208.1097
    1437    1211.0008
    1438    1229.0781
    1439    1258.2178
    1440    1290.8158
    1441    1318.3984
    1442    1334.6583
    1443    1337.6749
    1444    1330.4399
    1445    1319.5105
    1446    1312.2797
    1447    1313.8350
    1448    1324.6211
    1449    1339.9580
    1450    1351.7164
    1451    1351.5651
    1452    1334.5753
    1453    1301.6624
    1454    1259.6862
    1455    1219.0998
    1456    1190.1721
    1457    1179.3962
    1458    1187.4584
    1459    1209.4380
    1460    1237.0125
    1461    1261.6599
    1462    1277.5481
    1463    1283.1167
    1464    1280.9588
    1465    1276.1797
    1466    1273.9165
    1467    1277.0580
    1468    1285.0819
    1469    1294.4398
    1470    1300.2531
    1471    1298.5844
    1472    1288.2236
    1473    1271.1515
    1474    1251.5842
    1475    1234.2020
    1476    1222.4124
    1477    1217.3260
    1478    1217.8104
    1479    1221.5572
    1480    1226.5161
    1481    1231.8206
    1482    1237.7188
    1483    1244.7113
    1484    1252.5296
    1485    1259.6293
    1486    1263.6010
    1487    1262.3481
    1488    1255.4140
    1489    1244.7547
    1490    1234.4700
    1491    1229.4330
    1492    1233.2571
    1493    1246.4654
    1494    1265.7538
    1495    1284.8356
    1496    1296.7121
    1497    1296.5764
    1498    1284.1620
    1499    1264.3309
    1500    1245.4053
    1501    1235.9663
    1502    1241.5929
    1503    1262.6762
    1504    1293.8673
    1505    1325.4664
    1506    1346.5577
    1507    1348.8752
    1508    1329.9171
    1509    1294.0292
    1510    1250.9758
    1511    1212.5282
    1512    1188.3786
    1513    1182.8955
    1514    1193.8399
    1515    1213.3884
    1516    1231.0868
    1517    1237.8242
    1518    1229.4165
    1519    1208.2282
    1520    1182.0654
    1521    1160.9313
    1522    1153.1284
    1523    1162.2261
    1524    1185.8546
    1525    1216.6149
    1526    1244.7877
    1527    1261.9278
    1528    1263.9329
    1529    1252.2721
    1530    1232.8944
    1531    1213.4203
    1532    1199.9661
    1533    1195.0059
    1534    1197.0394
    1535    1201.8859
    1536    1204.8228
    1537    1202.5913
    1538    1194.4878
    1539    1182.2019
    1540    1168.6794
    1541    1156.7430
    1542    1148.1830
    1543    1143.5996
    1544    1142.8646
    1545    1145.8101
    1546    1152.7287
    1547    1164.4054
    1548    1181.6330
    1549    1204.4010
    1550    1231.1412
    1551    1258.4513
    1552    1281.5743
    1553    1295.6343
    1554    1297.3272
    1555    1286.4857
    1556    1266.7788
    1557    1244.9515
    1558    1228.5895
    1559    1223.1758
    1560    1229.7135
    1561    1243.9969
    1562    1257.9052
    1563    1262.3206
    1564    1250.6885
    1565    1221.9210
    1566    1181.4589
    1567    1139.8889
    1568    1109.4463
    1569    1099.6399
    1570    1113.7182
    1571    1147.3827
    1572    1190.2409
    1573    1229.4359
    1574    1254.0941
    1575    1258.9976
    1576    1246.1923
    1577    1223.9726
    1578    1203.5832
    1579    1194.8982
    1580    1202.8504
    1581    1225.9710
    1582    1257.3229
    1583    1287.1339
    1584    1306.0533
    1585    1308.0106
    1586    1291.9632
    1587    1262.0990
    1588    1226.3516
    1589    1193.6612
    1590    1171.0198
    1591    1161.4546
    1592    1163.5937
    1593    1172.8001
    1594    1183.3033
    1595    1190.4560
    1596    1192.2768
    1597    1189.7844
    1598    1186.1709
    1599    1185.3189
    1600    1190.3355
    1601    1202.6174
    1602    1221.6461
    1603    1245.3966
    1604    1271.0312
    1605    1295.5415
    1606    1316.1089
    1607    1330.1803
    1608    1335.4621
    1609    1330.0941
    1610    1313.1653
    1611    1285.4627
    1612    1250.0887
    1613    1212.5081
    1614    1179.6935
    1615    1158.3843
    1616    1152.9277
    1617    1163.5448
    1618    1185.8376
    1619    1211.9470
    1620    1233.0517
    1621    1242.2947
    1622    1237.0479
    1623    1219.7231
    1624    1196.8839
    1625    1176.9815
    1626    1167.4803
    1627    1172.2624
    1628    1190.1751
    1629    1215.2594
    1630    1238.6828
    1631    1251.7796
    1632    1249.1673
    1633    1230.8632
    1634    1202.6203
    1635    1174.2864
    1636    1156.6469
    1637    1157.7536
    1638    1179.9683
    1639    1218.7770
    1640    1263.8694
    1641    1302.2106
    1642    1322.1386
    1643    1317.1502
    1644    1288.1349
    1645    1243.2766
    1646    1195.5642
    1647    1158.6622
    1648    1142.5091
    1649    1150.1847
    1650    1177.1334
    1651    1212.9642
    1652    1245.1609
    1653    1263.4214
    1654    1263.1687
    1655    1247.0191
    1656    1223.6247
    1657    1204.2654
    1658    1198.5823
    1659    1211.1012
    1660    1239.6225
    1661    1275.8190
    1662    1307.8466
    1663    1324.2090
    1664    1317.6295
    1665    1287.5948
    1666    1240.6774
    1667    1188.5175
    1668    1144.1746
    1669    1118.1216
    1670    1115.2507
    1671    1133.8381
    1672    1166.6378
    1673    1203.5283
    1674    1234.7183
    1675    1253.4743
    1676    1257.6187
    1677    1249.5191
    1678    1234.7895
    1679    1220.2397
    1680    1211.7341
    1681    1212.5570
    1682    1222.6731
    1683    1238.9995
    1684    1256.5135
    1685    1269.8241
    1686    1274.7536
    1687    1269.5196
    1688    1255.2446
    1689    1235.7045
    1690    1216.3963
    1691    1203.1236
    1692    1200.3897
    1693    1210.0044
    1694    1230.3743
    1695    1256.7948
    1696    1282.7225
    1697    1301.6347
    1698    1308.8650
    1699    1302.8526
    1700    1285.4572
    1701    1261.3064
    1702    1236.3942
    1703    1216.3356
    1704    1204.7823
    1705    1202.4649
    1706    1207.1207
    1707    1214.3028
    1708    1218.8203
    1709    1216.4143
    1710    1205.2028
    1711    1186.4341
    1712    1164.2455
    1713    1144.4475
    1714    1132.6912
    1715    1132.6107
    1716    1144.5878
    1717    1165.5709
    1718    1189.9803
    1719    1211.3542
    1720    1224.2242
    1721    1225.6892
    1722    1216.2466
    1723    1199.6600
    1724    1181.9253
    1725    1169.5793
    1726    1167.7374
    1727    1178.3776
    1728    1199.4449
    1729    1225.1831
    1730    1247.7017
    1731    1259.3668
    1732    1255.3054
    1733    1235.2149
    1734    1203.8206
    1735    1169.7127
    1736    1142.8452
    1737    1131.4148
    1738    1139.0885
    1739    1163.5666
    1740    1197.0982
    1741    1228.9124
    1742    1248.8080
    1743    1250.6623
    1744    1234.5904
    1745    1206.9273
    1746    1177.9637
    1747    1158.1910
    1748    1154.3898
    1749    1167.0091
    1750    1189.8545
    1751    1212.2927
    1752    1223.2412
    1753    1215.4824
    1754    1188.6762
    1755    1149.8742
    1756    1111.2632
    1757    1086.0021
    1758    1083.7226
    1759    1107.2334
    1760    1151.4486
    1761    1204.8383
    1762    1252.9497
    1763    1282.9120
    1764    1287.4603
    1765    1267.0538
    1766    1229.3083
    1767    1186.0115
    1768    1148.9022
    1769    1125.7985
    1770    1118.4431
    1771    1122.7466
    1772    1131.1636
    1773    1136.1610
    1774    1133.3326
    1775    1122.9284
    1776    1109.3593
    1777    1099.0991
    1778    1097.9849
    1779    1109.0348
    1780    1131.5805
    1781    1161.8612
    1782    1194.5961
    1783    1224.7269
    1784    1248.6217
    1785    1264.3966
    1786    1271.4610
    1787    1269.7573
    1788    1259.2289
    1789    1239.8412
    1790    1212.1541
    1791    1178.1526
    1792    1141.8280
    1793    1108.9709
    1794    1085.9285
    1795    1077.6348
    1796    1085.7156
    1797    1107.5273
    1798    1136.6587
    1799    1164.8385
    1800    1184.6401
    1801    1192.0141
    1802    1187.6875
    1803    1176.8225
    1804    1166.9603
    1805    1164.9528
    1806    1174.0335
    1807    1192.1961
    1808    1212.6028
    1809    1225.9622
    1810    1224.0568
    1811    1203.1386
    1812    1165.9177
    1813    1121.3307
    1814    1082.0333
    1815    1060.4004
    1816    1064.3871
    1817    1094.7158
    1818    1144.4014
    1819    1200.8122
    1820    1249.5825
    1821    1279.0666
    1822    1283.8406
    1823    1266.0600
    1824    1234.2219
    1825    1199.8320
    1826    1173.2445
    1827    1160.2108
    1828    1160.3513
    1829    1168.0194
    1830    1175.1379
    1831    1174.8103
    1832    1164.2422
    1833    1145.8390
    1834    1126.1371
    1835    1113.0877
    1836    1112.8329
    1837    1127.2429
    1838    1153.1113
    1839    1183.2358
    1840    1208.9393
    1841    1223.0983
    1842    1222.5863
    1843    1209.2374
    1844    1188.9892
    1845    1169.5460
    1846    1157.4679
    1847    1155.8349
    1848    1163.3753
    1849    1175.3949
    1850    1186.0840
    1851    1191.2233
    1852    1190.1038
    1853    1185.7957
    1854    1183.5803
    1855    1188.2117
    1856    1201.2874
    1857    1220.0205
    1858    1238.0645
    1859    1248.0953
    1860    1245.0531
    1861    1228.6145
    1862    1203.7176
    1863    1178.7960
    1864    1162.3953
    1865    1159.6060
    1866    1169.8891
    1867    1187.2951
    1868    1203.0572
    1869    1209.5008
    1870    1203.6376
    1871    1188.8699
    1872    1173.9210
    1873    1169.2047
    1874    1182.0026
    1875    1212.5218
    1876    1252.7104
    1877    1288.6019
    1878    1305.4817
    1879    1293.9033
    1880    1253.9856
    1881    1196.0245
    1882    1137.0690
    1883    1094.8616
    1884    1081.4383
    1885    1098.6586
    1886    1137.3123
    1887    1180.3073
    1888    1208.9501
    1889    1210.0840
    1890    1181.3970
    1891    1132.7433
    1892    1082.7350
    1893    1051.7072
    1894    1053.7779
    1895    1091.1829
    1896    1153.0959
    1897    1219.3800
    1898    1267.8708
    1899    1282.4387
    1900    1258.8252
    1901    1206.1134
    1902    1143.3722
    1903    1092.7206
    1904    1071.4151
    1905    1085.8596
    1906    1129.6995
    1907    1186.5409
    1908    1236.1428
    1909    1261.8175
    1910    1256.4333
    1911    1224.7882
    1912    1181.2988
    1913    1143.8972
    1914    1126.7759
    1915    1135.0847
    1916    1163.8270
    1917    1201.2249
    1918    1234.2233
    1919    1252.7999
    1920    1252.3935
    1921    1235.4796
    1922    1210.8165
    1923    1189.2590
    1924    1178.4634
    1925    1179.5357
    1926    1187.0788
    1927    1192.2868
    1928    1187.4644
    1929    1169.8509
    1930    1143.0077
    1931    1115.1476
    1932    1095.1898
    1933    1088.3881
    1934    1093.6147
    1935    1103.6623
    1936    1108.5729
    1937    1100.5567
    1938    1078.2409
    1939    1048.2544
    1940    1023.3285
    1941    1017.5300
    1942    1040.4250
    1943    1092.4966
    1944    1163.7921
    1945    1236.5673
    1946    1291.1159
    1947    1312.6912
    1948    1296.9349
    1949    1251.6655
    1950    1194.1867
    1951    1144.9731
    1952    1120.0471
    1953    1124.9627
    1954    1152.8783
    1955    1187.6919
    1956    1210.9723
    1957    1209.6634
    1958    1181.3448
    1959    1135.1151
    1960    1087.9637
    1961    1058.2010
    1962    1058.5068
    1963    1091.1955
    1964    1147.3852
    1965    1210.2487
    1966    1260.9969
    1967    1285.3235
    1968    1277.9763
    1969    1243.9066
    1970    1195.7340
    1971    1148.6671
    1972    1114.9382
    1973    1099.9105
    1974    1101.2284
    1975    1111.0073
    1976    1119.8218
    1977    1120.7260
    1978    1111.8081
    1979    1096.4994
    1980    1081.7537
    1981    1074.9621
    1982    1080.8692
    1983    1099.6312
    1984    1126.7197
    1985    1154.7154
    1986    1176.2804
    1987    1187.0209
    1988    1187.0146
    1989    1180.4268
    1990    1173.4670
    1991    1171.6708
    1992    1177.7462
    1993    1190.8549
    1994    1207.4068
    1995    1222.7986
    1996    1233.2894
    1997    1237.3006
    1998    1235.8131
    1999    1231.8127
    2000    1228.9691
