#Frame              T
       1    2995.9140
       2    2878.1923
       3    2670.9244
       4    2416.8047
       5    2164.7871
       6    1956.2153
       7    1813.9618
       8    1738.0306
       9    1708.7786
      10    1696.2993
      11    1672.4662
      12    1621.3793
      13    1544.7240
      14    1460.4408
      15    1395.4667
      16    1375.3279
      17    1414.3480
      18    1509.8625
      19    1642.2436
      20    1780.4628
      21    1891.1617
      22    1948.2249
      23    1939.8843
      24    1871.3387
      25    1762.4015
      26    1641.2101
      27    1536.1280
      28    1468.3482
      29    1447.2840
      30    1469.7822
      31    1522.9282
      32    1589.1761
      33    1652.0011
      34    1700.3301
      35    1730.5587
      36    1745.8644
      37    1753.4995
      38    1761.3364
      39    1774.8522
      40    1795.2639
      41    1819.1359
      42    1839.4368
      43    1847.6348
      44    1836.1567
      45    1800.5212
      46    1740.6423
      47    1661.0849
      48    1570.3208
      49    1479.2321
      50    1399.2309
      51    1340.4131
      52    1310.1016
      53    1311.9319
      54    1345.3532
      55    1405.2910
      56    1482.1228
      57    1562.6837
      58    1632.8606
      59    1681.2253
      60    1702.3164
      61    1698.2962
      62    1678.3212
      63    1655.6623
      64    1643.3681
      65    1649.8188
      66    1675.6328
      67    1713.0833
      68    1748.5077
      69    1767.2176
      70    1759.3174
      71    1724.1772
      72    1671.6363
      73    1619.2155
      74    1586.1525
      75    1586.3068
      76    1622.5154
      77    1684.6296
      78    1752.2702
      79    1801.5845
      80    1813.6440
      81    1781.3289
      82    1712.1003
      83    1625.7064
      84    1547.7037
      85    1500.9394
      86    1497.8171
      87    1536.1625
      88    1600.3543
      89    1667.3551
      90    1715.3002
      91    1731.2924
      92    1715.4201
      93    1679.6028
      94    1641.9968
      95    1619.3731
      96    1620.5432
      97    1643.3276
      98    1676.0497
      99    1702.7172
     100    1709.6061
     101    1690.5846
     102    1649.2158
     103    1597.0331
     104    1548.8834
     105    1517.2838
     106    1508.0289
     107    1518.6569
     108    1540.1320
     109    1560.8248
     110    1571.0708
     111    1566.5377
     112    1549.2459
     113    1526.0974
     114    1505.7656
     115    1495.3256
     116    1497.9291
     117    1512.2282
     118    1533.5003
     119    1555.7801
     120    1574.0357
     121    1585.5648
     122    1590.2444
     123    1589.7726
     124    1586.4273
     125    1581.9553
     126    1577.0251
     127    1571.3216
     128    1564.0613
     129    1554.6087
     130    1542.9566
     131    1529.9390
     132    1517.1300
     133    1506.4583
     134    1499.6889
     135    1497.9783
     136    1501.6300
     137    1510.0667
     138    1521.9710
     139    1535.5396
     140    1548.8156
     141    1560.0527
     142    1568.0587
     143    1572.4613
     144    1573.7993
     145    1573.3152
     146    1572.3682
     147    1571.6358
     148    1570.5694
     149    1567.5073
     150    1560.4029
     151    1547.7737
     152    1529.5073
     153    1507.2650
     154    1484.3210
     155    1464.8003
     156    1452.4908
     157    1449.6208
     158    1456.0844
     159    1469.4868
     160    1486.0551
     161    1502.0612
     162    1515.1436
     163    1524.9492
     164    1532.8472
     165    1540.8846
     166    1550.5105
     167    1561.6662
     168    1572.6683
     169    1580.9122
     170    1584.0641
     171    1581.1856
     172    1573.2493
     173    1562.7669
     174    1552.6582
     175    1544.8860
     176    1539.5250
     177    1534.7803
     178    1527.9779
     179    1517.0612
     180    1501.8609
     181    1484.5275
     182    1468.8936
     183    1458.9479
     184    1457.0516
     185    1462.7968
     186    1473.1909
     187    1484.1259
     188    1492.3988
     189    1497.3567
     190    1501.4291
     191    1509.2642
     192    1525.7230
     193    1553.4950
     194    1591.3534
     195    1633.8856
     196    1672.9605
     197    1700.4572
     198    1711.1856
     199    1704.7501
     200    1685.5252
     201    1660.7502
     202    1637.6287
     203    1620.6446
     204    1610.0789
     205    1602.2357
     206    1591.3095
     207    1572.1768
     208    1542.9153
     209    1505.9294
     210    1467.2241
     211    1434.1905
     212    1412.8949
     213    1406.0211
     214    1412.2721
     215    1427.3327
     216    1445.7706
     217    1462.8893
     218    1475.7796
     219    1483.4303
     220    1486.1882
     221    1484.9087
     222    1480.1603
     223    1471.8996
     224    1459.8141
     225    1444.0514
     226    1425.7956
     227    1407.3194
     228    1391.4685
     229    1380.8556
     230    1377.1583
     231    1380.8242
     232    1391.2830
     233    1407.5120
     234    1428.6516
     235    1454.3252
     236    1484.4209
     237    1518.3838
     238    1554.3707
     239    1588.8231
     240    1616.8869
     241    1633.6829
     242    1635.9402
     243    1623.2404
     244    1598.2728
     245    1565.9741
     246    1531.9084
     247    1500.5804
     248    1474.3824
     249    1453.5876
     250    1437.3010
     251    1424.8320
     252    1416.7430
     253    1414.9686
     254    1421.8757
     255    1438.7356
     256    1464.4972
     257    1495.6543
     258    1527.3326
     259    1554.9142
     260    1575.1678
     261    1586.5531
     262    1589.3099
     263    1585.5015
     264    1578.3314
     265    1570.6138
     266    1563.2535
     267    1554.6828
     268    1541.5946
     269    1520.6875
     270    1490.6545
     271    1453.4949
     272    1414.4858
     273    1380.7548
     274    1358.9848
     275    1353.1370
     276    1363.0571
     277    1384.4862
     278    1410.4684
     279    1433.6242
     280    1448.4337
     281    1452.7006
     282    1447.7290
     283    1437.3046
     284    1426.0242
     285    1417.6972
     286    1414.3856
     287    1416.3180
     288    1422.4933
     289    1431.5253
     290    1442.2857
     291    1454.1401
     292    1466.8671
     293    1480.5061
     294    1495.3188
     295    1511.8626
     296    1530.9818
     297    1553.5094
     298    1579.6301
     299    1608.0952
     300    1635.6968
     301    1657.4135
     302    1667.4286
     303    1660.8648
     304    1635.6816
     305    1593.9781
     306    1542.0463
     307    1488.9560
     308    1444.0406
     309    1414.1273
     310    1401.4812
     311    1403.2115
     312    1412.3894
     313    1420.5722
     314    1420.8963
     315    1410.6258
     316    1392.1773
     317    1372.2183
     318    1359.1757
     319    1360.1066
     320    1378.1072
     321    1411.2093
     322    1453.1061
     323    1495.3544
     324    1530.1674
     325    1552.7690
     326    1562.5231
     327    1562.5804
     328    1558.3578
     329    1555.5420
     330    1558.3295
     331    1568.3302
     332    1584.2142
     333    1602.0486
     334    1616.2936
     335    1621.2690
     336    1612.6394
     337    1588.4724
     338    1549.7455
     339    1500.3572
     340    1446.6617
     341    1396.4428
     342    1357.3250
     343    1334.8739
     344    1330.9353
     345    1342.8415
     346    1363.9308
     347    1385.4243
     348    1399.2033
     349    1400.6201
     350    1390.2830
     351    1373.9851
     352    1360.5846
     353    1358.5146
     354    1372.2746
     355    1400.3367
     356    1435.3430
     357    1466.5951
     358    1483.9513
     359    1481.7208
     360    1461.0774
     361    1430.0211
     362    1400.8245
     363    1385.8390
     364    1393.2080
     365    1424.0738
     366    1472.2824
     367    1526.6040
     368    1574.5340
     369    1606.1861
     370    1616.8878
     371    1607.7049
     372    1583.9966
     373    1552.8301
     374    1520.3948
     375    1490.3528
     376    1463.5540
     377    1438.8988
     378    1414.7131
     379    1389.9582
     380    1364.8519
     381    1340.8603
     382    1320.2867
     383    1305.7599
     384    1299.8098
     385    1304.5460
     386    1321.3746
     387    1350.6604
     388    1391.2997
     389    1440.3003
     390    1492.6619
     391    1541.8929
     392    1581.3147
     393    1605.8829
     394    1613.8358
     395    1607.3767
     396    1591.9296
     397    1574.1068
     398    1559.1394
     399    1548.8172
     400    1540.8090
     401    1529.6923
     402    1509.3284
     403    1475.7394
     404    1429.3863
     405    1375.8643
     406    1324.5600
     407    1285.6065
     408    1266.2800
     409    1268.3653
     410    1287.6638
     411    1315.7664
     412    1343.1781
     413    1362.4980
     414    1370.5401
     415    1368.8076
     416    1362.3290
     417    1357.4390
     418    1359.3596
     419    1370.3792
     420    1389.1258
     421    1411.1385
     422    1430.5710
     423    1442.3989
     424    1444.2364
     425    1437.0916
     426    1424.8943
     427    1413.0603
     428    1406.6482
     429    1408.8204
     430    1420.1391
     431    1438.7433
     432    1461.0377
     433    1482.5315
     434    1498.7210
     435    1506.0301
     436    1502.6960
     437    1489.3375
     438    1468.9207
     439    1445.9482
     440    1424.9189
     441    1408.5285
     442    1396.5373
     443    1386.0208
     444    1372.8484
     445    1353.6267
     446    1327.4701
     447    1297.0307
     448    1268.1173
     449    1247.7570
     450    1241.6470
     451    1252.1613
     452    1277.4190
     453    1311.5973
     454    1346.5808
     455    1374.6427
     456    1391.2221
     457    1396.5797
     458    1395.5134
     459    1395.1677
     460    1401.8218
     461    1417.9847
     462    1441.0981
     463    1464.5953
     464    1480.8147
     465    1483.8442
     466    1470.9262
     467    1443.4919
     468    1408.1470
     469    1375.4218
     470    1355.8810
     471    1355.8338
     472    1374.8507
     473    1405.9983
     474    1438.5169
     475    1461.8088
     476    1469.2008
     477    1460.0987
     478    1439.8039
     479    1417.1780
     480    1401.1317
     481    1397.3323
     482    1406.3402
     483    1423.7299
     484    1441.9906
     485    1453.4423
     486    1453.0705
     487    1440.1181
     488    1417.8863
     489    1392.3385
     490    1370.4651
     491    1358.7058
     492    1361.4124
     493    1379.6331
     494    1410.6195
     495    1448.2758
     496    1484.5297
     497    1511.3216
     498    1522.6628
     499    1516.2197
     500    1494.0954
     501    1462.6252
     502    1431.0280
     503    1408.9641
     504    1403.5242
     505    1416.6199
     506    1443.9015
     507    1475.9087
     508    1501.2036
     509    1510.3384
     510    1499.2329
     511    1470.8026
     512    1434.2573
     513    1402.2062
     514    1386.4456
     515    1393.8151
     516    1423.5793
     517    1467.3402
     518    1511.6101
     519    1542.1764
     520    1548.7278
     521    1528.1482
     522    1485.3964
     523    1431.7707
     524    1381.2350
     525    1346.1011
     526    1333.4872
     527    1343.6186
     528    1370.3520
     529    1403.5760
     530    1432.6151
     531    1449.5271
     532    1451.2987
     533    1440.3733
     534    1423.4915
     535    1409.3200
     536    1405.6063
     537    1416.6699
     538    1441.9187
     539    1475.7795
     540    1509.0465
     541    1531.2928
     542    1533.7666
     543    1512.0850
     544    1468.0074
     545    1409.6294
     546    1349.6109
     547    1301.6473
     548    1276.2670
     549    1277.5299
     550    1301.7567
     551    1338.5953
     552    1374.1349
     553    1395.2946
     554    1394.1880
     555    1370.9504
     556    1333.9134
     557    1296.8927
     558    1274.4004
     559    1276.4273
     560    1304.6877
     561    1351.7620
     562    1403.5184
     563    1443.9325
     564    1460.5337
     565    1448.5229
     566    1412.1646
     567    1363.0671
     568    1316.0843
     569    1284.3607
     570    1275.2969
     571    1288.7460
     572    1317.8533
     573    1351.9429
     574    1380.2105
     575    1394.8763
     576    1392.8908
     577    1375.9685
     578    1349.3039
     579    1319.6720
     580    1293.5745
     581    1275.8756
     582    1269.0793
     583    1273.1651
     584    1285.8311
     585    1303.0148
     586    1319.6094
     587    1330.4056
     588    1331.2282
     589    1320.1017
     590    1298.1123
     591    1269.5529
     592    1241.0910
     593    1220.0431
     594    1212.2376
     595    1220.1492
     596    1241.9438
     597    1271.8256
     598    1301.6810
     599    1323.5466
     600    1332.0815
     601    1326.2116
     602    1309.4605
     603    1288.9145
     604    1273.1488
     605    1269.7411
     606    1283.1213
     607    1313.3951
     608    1356.4034
     609    1404.8807
     610    1450.2987
     611    1484.9151
     612    1503.5437
     613    1504.6508
     614    1490.5204
     615    1466.4199
     616    1438.9595
     617    1414.1125
     618    1395.4942
     619    1383.4264
     620    1375.0773
     621    1365.6536
     622    1350.3034
     623    1326.1665
     624    1293.9108
     625    1258.2000
     626    1226.7905
     627    1208.3764
     628    1209.7169
     629    1232.9717
     630    1274.3376
     631    1324.7305
     632    1372.3890
     633    1406.5118
     634    1420.6827
     635    1414.8619
     636    1395.1725
     637    1371.4927
     638    1353.7003
     639    1347.9917
     640    1354.7222
     641    1368.6419
     642    1381.3870
     643    1385.1199
     644    1375.8055
     645    1354.8193
     646    1328.2635
     647    1304.3202
     648    1289.7977
     649    1287.3882
     650    1294.7964
     651    1306.0432
     652    1314.3056
     653    1315.0102
     654    1307.8140
     655    1296.6123
     656    1287.6185
     657    1286.3945
     658    1295.1764
     659    1311.7184
     660    1330.2075
     661    1343.8600
     662    1348.0089
     663    1342.2607
     664    1330.7237
     665    1320.1787
     666    1317.0068
     667    1324.2617
     668    1340.2390
     669    1359.2162
     670    1374.0374
     671    1379.3743
     672    1374.2082
     673    1362.4100
     674    1351.1222
     675    1347.6183
     676    1355.9856
     677    1375.0561
     678    1398.4930
     679    1417.1172
     680    1422.6833
     681    1411.5638
     682    1386.6513
     683    1356.5302
     684    1332.2624
     685    1323.1319
     686    1333.0494
     687    1358.9830
     688    1391.9815
     689    1420.3895
     690    1434.0579
     691    1427.9722
     692    1403.9212
     693    1369.6107
     694    1335.6579
     695    1311.7005
     696    1303.0340
     697    1308.8656
     698    1322.6936
     699    1334.6658
     700    1335.1319
     701    1318.1419
     702    1283.6638
     703    1237.8108
     704    1191.0936
     705    1155.3335
     706    1140.2209
     707    1150.5396
     708    1184.8267
     709    1235.7991
     710    1292.3711
     711    1342.6754
     712    1377.2356
     713    1391.3967
     714    1386.2848
     715    1367.9965
     716    1345.2665
     717    1326.3969
     718    1316.4662
     719    1315.7432
     720    1319.8567
     721    1321.7190
     722    1314.5931
     723    1295.2083
     724    1265.7259
     725    1233.6875
     726    1209.8217
     727    1204.4064
     728    1223.4945
     729    1266.4166
     730    1325.5498
     731    1388.5192
     732    1442.0994
     733    1476.4372
     734    1488.0288
     735    1480.3493
     736    1461.9097
     737    1442.5405
     738    1429.3926
     739    1424.2387
     740    1423.1113
     741    1418.3509
     742    1402.1798
     743    1370.3573
     744    1324.4913
     745    1272.1220
     746    1224.5149
     747    1192.9761
     748    1185.0767
     749    1202.2205
     750    1239.4290
     751    1287.3186
     752    1335.4040
     753    1375.4175
     754    1403.4463
     755    1420.2328
     756    1429.7246
     757    1436.6105
     758    1443.8985
     759    1451.5169
     760    1456.4453
     761    1454.2408
     762    1441.2498
     763    1416.5255
     764    1382.6545
     765    1345.1676
     766    1310.7411
     767    1284.8422
     768    1269.7923
     769    1264.2655
     770    1264.4515
     771    1266.0704
     772    1266.1852
     773    1264.1394
     774    1261.4105
     775    1260.5521
     776    1263.7426
     777    1271.6082
     778    1282.8580
     779    1294.8960
     780    1305.0957
     781    1312.1035
     782    1316.5348
     783    1320.7358
     784    1327.7204
     785    1339.7621
     786    1357.2656
     787    1378.4332
     788    1399.8071
     789    1417.3486
     790    1427.5477
     791    1428.2002
     792    1418.7241
     793    1400.0802
     794    1374.4576
     795    1344.8631
     796    1314.6505
     797    1286.9626
     798    1264.1210
     799    1247.1141
     800    1235.4090
     801    1227.2625
     802    1220.5556
     803    1213.9548
     804    1207.9901
     805    1205.5195
     806    1211.1513
     807    1229.5872
     808    1263.3558
     809    1310.8362
     810    1365.5702
     811    1417.4830
     812    1455.8702
     813    1473.1304
     814    1467.6952
     815    1444.8064
     816    1414.7386
     817    1389.2098
     818    1377.2691
     819    1381.9990
     820    1399.2566
     821    1419.1337
     822    1429.7811
     823    1422.1486
     824    1393.7576
     825    1349.9711
     826    1302.2136
     827    1263.7975
     828    1244.9603
     829    1249.0402
     830    1271.2875
     831    1300.7556
     832    1324.4808
     833    1332.2835
     834    1320.3592
     835    1292.3630
     836    1257.7104
     837    1227.8865
     838    1212.2536
     839    1214.9338
     840    1233.8354
     841    1262.0291
     842    1290.7749
     843    1312.8908
     844    1325.1091
     845    1328.5898
     846    1327.5861
     847    1327.0493
     848    1330.3089
     849    1337.8161
     850    1347.3639
     851    1355.4726
     852    1359.1510
     853    1357.1648
     854    1350.3121
     855    1340.7283
     856    1330.6804
     857    1321.4839
     858    1313.0474
     859    1304.2365
     860    1293.8563
     861    1281.7472
     862    1269.4070
     863    1259.7502
     864    1256.0010
     865    1260.1859
     866    1271.9417
     867    1288.2793
     868    1304.4839
     869    1315.7897
     870    1319.1232
     871    1314.1828
     872    1303.4487
     873    1291.1821
     874    1281.8517
     875    1278.5713
     876    1282.0931
     877    1290.6673
     878    1300.7532
     879    1308.2701
     880    1309.9355
     881    1304.3316
     882    1292.4797
     883    1277.8114
     884    1265.3994
     885    1260.4725
     886    1266.6854
     887    1284.9229
     888    1313.0241
     889    1346.2484
     890    1378.2653
     891    1402.6022
     892    1414.3938
     893    1411.9864
     894    1397.7557
     895    1377.6174
     896    1359.1492
     897    1348.8782
     898    1349.7076
     899    1359.5550
     900    1371.8635
     901    1377.9097
     902    1370.0951
     903    1345.0553
     904    1305.4970
     905    1259.9491
     906    1220.1872
     907    1197.1122
     908    1196.6926
     909    1217.6551
     910    1251.8956
     911    1287.4995
     912    1313.2199
     913    1322.6360
     914    1316.3088
     915    1301.0812
     916    1286.8558
     917    1282.2311
     918    1290.8038
     919    1309.6522
     920    1330.6009
     921    1343.6908
     922    1341.3621
     923    1321.5719
     924    1288.5688
     925    1251.0568
     926    1218.6085
     927    1197.8819
     928    1190.2519
     929    1191.8303
     930    1195.7936
     931    1195.9266
     932    1189.7634
     933    1179.8750
     934    1172.6870
     935    1175.3268
     936    1191.9111
     937    1220.9731
     938    1255.2937
     939    1284.3646
     940    1298.5448
     941    1293.1906
     942    1270.9703
     943    1241.2864
     944    1216.9329
     945    1209.2871
     946    1223.9838
     947    1258.8029
     948    1304.5580
     949    1348.5599
     950    1379.2707
     951    1390.3386
     952    1382.5044
     953    1362.7188
     954    1340.9337
     955    1325.9206
     956    1321.8072
     957    1326.6743
     958    1333.6726
     959    1334.1100
     960    1321.2092
     961    1293.0418
     962    1253.5281
     963    1211.1935
     964    1176.2593
     965    1157.2226
     966    1158.1836
     967    1177.7781
     968    1209.9476
     969    1246.1365
     970    1278.0857
     971    1300.2551
     972    1311.1267
     973    1313.0830
     974    1311.0453
     975    1310.4358
     976    1315.1529
     977    1326.1605
     978    1341.0541
     979    1354.6815
     980    1360.6597
     981    1353.4130
     982    1330.2148
     983    1292.6477
     984    1246.9417
     985    1202.9090
     986    1171.5152
     987    1161.5766
     988    1176.6559
     989    1213.6134
     990    1263.5664
     991    1314.5884
     992    1355.1005
     993    1377.2397
     994    1379.1692
     995    1365.1971
     996    1343.5817
     997    1323.1013
     998    1309.8822
     999    1305.6846
    1000    1308.0506
    1001    1311.5605
    1002    1310.0786
    1003    1298.9191
    1004    1277.1171
    1005    1248.3565
    1006    1219.7584
    1007    1199.0812
    1008    1191.7717
    1009    1199.1830
    1010    1218.5124
    1011    1244.1607
    1012    1269.7268
    1013    1289.8157
    1014    1301.1055
    1015    1302.5204
    1016    1294.7900
    1017    1279.8675
    1018    1260.6137
    1019    1240.8633
    1020    1225.6001
    1021    1220.6239
    1022    1231.0747
    1023    1259.0329
    1024    1301.7442
    1025    1351.8198
    1026    1399.0771
    1027    1433.0915
    1028    1445.9625
    1029    1434.7332
    1030    1402.5369
    1031    1357.7472
    1032    1311.1891
    1033    1272.3677
    1034    1246.1565
    1035    1231.2855
    1036    1221.2760
    1037    1207.4881
    1038    1183.0796
    1039    1146.3336
    1040    1102.0627
    1041    1060.5446
    1042    1034.3412
    1043    1034.1315
    1044    1065.0331
    1045    1124.6769
    1046    1203.6807
    1047    1288.3109
    1048    1364.3965
    1049    1421.1626
    1050    1453.7551
    1051    1463.7541
    1052    1457.6913
    1053    1444.2452
    1054    1431.1164
    1055    1422.6037
    1056    1418.5374
    1057    1414.7903
    1058    1405.0900
    1059    1383.5238
    1060    1346.9616
    1061    1296.6667
    1062    1238.5879
    1063    1182.1447
    1064    1137.7744
    1065    1113.9241
    1066    1114.4328
    1067    1137.1586
    1068    1174.3279
    1069    1214.6093
    1070    1246.3963
    1071    1261.3367
    1072    1256.9287
    1073    1237.2133
    1074    1211.2066
    1075    1189.5384
    1076    1180.4751
    1077    1186.7985
    1078    1204.7629
    1079    1225.5991
    1080    1239.0577
    1081    1237.6487
    1082    1219.9064
    1083    1191.3260
    1084    1162.5228
    1085    1145.2531
    1086    1147.8431
    1087    1171.8342
    1088    1211.2173
    1089    1254.6180
    1090    1289.5867
    1091    1307.2688
    1092    1305.5655
    1093    1289.5360
    1094    1268.9322
    1095    1253.9299
    1096    1250.8392
    1097    1259.5807
    1098    1273.9349
    1099    1284.3840
    1100    1282.2836
    1101    1263.6161
    1102    1230.7896
    1103    1191.7870
    1104    1157.0933
    1105    1135.7279
    1106    1131.9897
    1107    1144.1599
    1108    1165.5924
    1109    1187.6863
    1110    1203.4794
    1111    1210.3300
    1112    1210.6037
    1113    1210.1728
    1114    1215.4640
    1115    1230.3585
    1116    1254.2404
    1117    1281.9962
    1118    1305.9527
    1119    1318.9506
    1120    1317.2708
    1121    1302.1885
    1122    1279.5129
    1123    1257.3042
    1124    1242.7459
    1125    1239.5073
    1126    1246.6837
    1127    1259.6391
    1128    1272.2316
    1129    1279.4002
    1130    1279.0406
    1131    1272.4796
    1132    1263.4785
    1133    1256.2796
    1134    1253.5960
    1135    1255.3989
    1136    1258.9908
    1137    1260.2505
    1138    1255.4335
    1139    1242.7120
    1140    1222.8495
    1141    1198.8367
    1142    1174.7793
    1143    1154.5379
    1144    1140.6472
    1145    1133.8582
    1146    1133.4050
    1147    1137.7907
    1148    1145.7072
    1149    1156.6629
    1150    1171.0270
    1151    1189.4419
    1152    1211.9258
    1153    1237.2701
    1154    1263.1648
    1155    1286.9472
    1156    1306.4634
    1157    1320.5954
    1158    1329.2658
    1159    1333.0397
    1160    1332.6503
    1161    1328.7336
    1162    1321.8248
    1163    1312.4877
    1164    1301.4235
    1165    1289.4746
    1166    1277.4925
    1167    1266.1414
    1168    1255.7794
    1169    1246.5792
    1170    1238.8815
    1171    1233.5560
    1172    1232.0526
    1173    1235.9454
    1174    1246.0836
    1175    1261.6958
    1176    1279.9028
    1177    1295.9576
    1178    1304.3085
    1179    1300.3032
    1180    1282.0675
    1181    1251.7948
    1182    1215.6872
    1183    1182.2672
    1184    1159.5568
    1185    1152.2043
    1186    1159.7311
    1187    1176.6737
    1188    1194.6392
    1189    1205.5313
    1190    1204.7562
    1191    1193.1770
    1192    1176.9950
    1193    1165.4754
    1194    1167.2960
    1195    1186.9021
    1196    1222.3486
    1197    1265.6113
    1198    1305.4035
    1199    1331.4010
    1200    1338.0930
    1201    1326.6433
    1202    1304.0885
    1203    1280.3264
    1204    1264.2191
    1205    1260.3710
    1206    1267.7687
    1207    1280.6425
    1208    1291.0158
    1209    1291.8263
    1210    1279.3904
    1211    1254.3607
    1212    1221.0148
    1213    1185.3884
    1214    1153.1380
    1215    1127.9909
    1216    1111.2534
    1217    1102.3429
    1218    1099.8881
    1219    1102.7763
    1220    1110.6400
    1221    1123.6484
    1222    1141.8662
    1223    1164.6434
    1224    1190.4595
    1225    1217.3481
    1226    1243.6902
    1227    1268.9003
    1228    1293.4663
    1229    1318.1065
    1230    1342.4783
    1231    1364.3374
    1232    1379.7342
    1233    1384.1779
    1234    1374.3436
    1235    1349.6868
    1236    1313.2186
    1237    1270.9458
    1238    1230.0542
    1239    1196.5314
    1240    1173.1916
    1241    1158.9639
    1242    1149.8000
    1243    1140.9172
    1244    1129.4214
    1245    1116.0626
    1246    1105.2087
    1247    1102.9668
    1248    1114.2626
    1249    1140.1702
    1250    1176.7064
    1251    1215.6877
    1252    1247.3669
    1253    1263.8340
    1254    1261.8363
    1255    1243.9284
    1256    1217.5017
    1257    1192.1095
    1258    1176.1343
    1259    1174.0599
    1260    1185.3110
    1261    1204.9960
    1262    1226.1693
    1263    1242.6551
    1264    1251.2694
    1265    1252.6026
    1266    1250.1957
    1267    1248.6103
    1268    1251.2686
    1269    1258.9491
    1270    1269.4488
    1271    1278.4497
    1272    1281.1549
    1273    1274.0257
    1274    1255.9892
    1275    1228.7495
    1276    1196.2394
    1277    1163.5424
    1278    1135.7236
    1279    1116.9036
    1280    1109.6847
    1281    1114.8807
    1282    1131.4630
    1283    1156.7244
    1284    1186.7200
    1285    1216.9587
    1286    1243.2280
    1287    1262.3803
    1288    1272.9107
    1289    1275.1546
    1290    1270.9941
    1291    1263.1014
    1292    1253.9134
    1293    1244.7044
    1294    1235.1705
    1295    1223.7764
    1296    1208.7654
    1297    1189.4104
    1298    1166.9643
    1299    1144.8538
    1300    1127.9216
    1301    1120.9166
    1302    1126.8436
    1303    1145.9211
    1304    1175.5822
    1305    1211.4290
    1306    1248.6241
    1307    1283.0312
    1308    1311.6483
    1309    1332.3872
    1310    1343.6971
    1311    1344.4319
    1312    1334.0324
    1313    1312.9573
    1314    1283.1977
    1315    1248.5402
    1316    1214.2083
    1317    1185.7486
    1318    1167.4252
    1319    1160.7373
    1320    1163.7905
    1321    1171.9766
    1322    1179.8833
    1323    1183.7346
    1324    1183.2827
    1325    1182.1926
    1326    1186.5383
    1327    1201.8779
    1328    1230.1130
    1329    1267.5741
    1330    1305.3654
    1331    1332.0729
    1332    1337.9051
    1333    1318.6481
    1334    1277.7779
    1335    1225.7639
    1336    1176.6958
    1337    1143.4609
    1338    1133.3050
    1339    1145.5037
    1340    1172.0520
    1341    1201.0604
    1342    1221.4427
    1343    1227.0454
    1344    1218.6709
    1345    1203.3411
    1346    1191.1919
    1347    1191.2573
    1348    1207.7957
    1349    1238.5502
    1350    1275.5533
    1351    1308.1129
    1352    1326.7590
    1353    1326.6057
    1354    1308.8475
    1355    1279.8908
    1356    1248.5850
    1357    1222.7671
    1358    1206.5641
    1359    1199.5724
    1360    1198.2027
    1361    1198.3974
    1362    1197.9734
    1363    1197.0533
    1364    1197.0076
    1365    1199.5484
    1366    1206.1049
    1367    1216.8612
    1368    1230.0043
    1369    1242.0133
    1370    1248.9915
    1371    1248.3407
    1372    1239.9373
    1373    1226.2899
    1374    1211.6425
    1375    1200.3923
    1376    1195.4018
    1377    1196.8743
    1378    1202.3308
    1379    1207.7593
    1380    1209.3619
    1381    1205.0691
    1382    1195.2093
    1383    1182.1915
    1384    1169.4419
    1385    1160.0813
    1386    1155.8401
    1387    1156.5640
    1388    1160.4210
    1389    1164.6773
    1390    1166.7207
    1391    1164.9708
    1392    1159.4176
    1393    1151.6888
    1394    1144.6455
    1395    1141.5637
    1396    1145.0471
    1397    1155.9473
    1398    1172.6813
    1399    1191.3118
    1400    1206.5419
    1401    1213.4380
    1402    1209.3277
    1403    1195.1345
    1404    1175.4981
    1405    1157.4232
    1406    1147.7928
    1407    1150.6340
    1408    1165.2812
    1409    1186.3198
    1410    1205.5093
    1411    1215.0727
    1412    1211.1114
    1413    1195.7210
    1414    1176.7597
    1415    1165.0840
    1416    1170.1798
    1417    1195.9515
    1418    1238.4697
    1419    1286.7201
    1420    1326.2138
    1421    1344.2000
    1422    1334.5395
    1423    1300.3133
    1424    1253.0405
    1425    1208.6747
    1426    1181.8311
    1427    1180.4312
    1428    1202.8317
    1429    1238.5581
    1430    1272.3636
    1431    1290.0387
    1432    1283.7408
    1433    1254.8177
    1434    1213.1108
    1435    1173.0804
    1436    1148.3046
    1437    1146.5007
    1438    1166.9277
    1439    1201.0522
    1440    1236.0762
    1441    1259.8400
    1442    1265.1910
    1443    1252.2287
    1444    1227.7665
    1445    1202.4244
    1446    1186.5957
    1447    1186.8040
    1448    1203.6945
    1449    1232.1814
    1450    1263.4869
    1451    1288.1656
    1452    1298.9989
    1453    1292.8526
    1454    1271.0823
    1455    1238.6010
    1456    1202.1231
    1457    1168.2216
    1458    1141.7568
    1459    1125.0320
    1460    1117.7897
    1461    1117.8861
    1462    1122.2441
    1463    1127.7214
    1464    1131.7606
    1465    1132.8838
    1466    1131.0681
    1467    1127.8822
    1468    1126.1732
    1469    1129.1924
    1470    1139.3154
    1471    1156.7994
    1472    1179.1394
    1473    1201.4262
    1474    1217.7481
    1475    1223.2178
    1476    1215.8855
    1477    1197.7730
    1478    1174.5324
    1479    1153.7387
    1480    1142.3451
    1481    1144.2193
    1482    1158.7123
    1483    1180.8766
    1484    1203.2884
    1485    1218.7866
    1486    1223.0545
    1487    1216.0915
    1488    1202.0873
    1489    1187.7540
    1490    1179.6152
    1491    1181.2610
    1492    1191.9606
    1493    1207.4251
    1494    1222.0259
    1495    1231.0978
    1496    1232.3947
    1497    1226.4301
    1498    1215.8714
    1499    1204.4278
    1500    1195.7285
    1501    1192.5378
    1502    1196.3883
    1503    1207.4818
    1504    1224.6518
    1505    1245.3198
    1506    1265.5656
    1507    1280.5576
    1508    1285.4762
    1509    1276.8645
    1510    1254.0256
    1511    1219.8992
    1512    1180.8952
    1513    1145.4799
    1514    1121.8063
    1515    1115.1480
    1516    1126.0983
    1517    1150.3145
    1518    1180.0339
    1519    1206.8716
    1520    1224.8461
    1521    1232.4295
    1522    1232.7778
    1523    1232.0209
    1524    1236.3270
    1525    1248.9680
    1526    1268.6253
    1527    1289.6514
    1528    1304.1925
    1529    1305.3063
    1530    1289.7769
    1531    1259.4617
    1532    1220.6226
    1533    1181.5345
    1534    1149.4017
    1535    1127.8846
    1536    1116.2602
    1537    1110.5261
    1538    1105.8676
    1539    1099.3311
    1540    1091.4569
    1541    1086.1171
    1542    1088.6309
    1543    1103.0074
    1544    1129.5629
    1545    1164.0152
    1546    1198.5193
    1547    1224.2955
    1548    1234.8071
    1549    1228.1927
    1550    1207.9563
    1551    1181.6334
    1552    1157.9949
    1553    1143.9269
    1554    1142.1977
    1555    1150.9143
    1556    1164.7522
    1557    1177.3629
    1558    1183.9534
    1559    1183.0245
    1560    1176.6662
    1561    1169.4217
    1562    1166.2832
    1563    1170.6828
    1564    1183.2508
    1565    1201.7091
    1566    1221.7929
    1567    1238.6942
    1568    1248.4327
    1569    1248.7232
    1570    1239.2356
    1571    1221.4285
    1572    1198.1925
    1573    1173.4270
    1574    1151.4787
    1575    1136.3331
    1576    1130.6060
    1577    1134.6152
    1578    1145.9470
    1579    1159.8860
    1580    1170.7981
    1581    1174.1073
    1582    1168.1412
    1583    1155.0337
    1584    1140.2100
    1585    1130.5262
    1586    1131.6227
    1587    1145.4348
    1588    1168.9193
    1589    1194.7082
    1590    1213.6134
    1591    1218.0651
    1592    1205.1292
    1593    1177.8710
    1594    1144.4745
    1595    1115.4335
    1596    1099.9145
    1597    1102.6891
    1598    1122.7440
    1599    1153.9167
    1600    1187.0728
    1601    1212.9307
    1602    1224.7599
    1603    1220.3224
    1604    1202.3986
    1605    1177.5605
    1606    1153.6854
    1607    1137.2908
    1608    1131.7241
    1609    1136.7130
    1610    1149.1769
    1611    1164.7563
    1612    1179.3762
    1613    1190.3017
    1614    1196.4753
    1615    1198.2674
    1616    1196.9964
    1617    1194.5270
    1618    1193.0412
    1619    1194.8390
    1620    1201.9428
    1621    1215.4023
    1622    1234.4654
    1623    1256.0310
    1624    1274.8401
    1625    1284.6372
    1626    1280.1115
    1627    1259.0161
    1628    1223.6572
    1629    1181.0461
    1630    1141.4335
    1631    1115.5126
    1632    1111.1433
    1633    1130.7032
    1634    1170.0506
    1635    1219.5796
    1636    1267.1361
    1637    1301.8370
    1638    1317.4363
    1639    1314.0015
    1640    1297.3405
    1641    1276.4827
    1642    1260.2583
    1643    1254.3044
    1644    1259.5451
    1645    1272.5023
    1646    1287.0532
    1647    1296.7565
    1648    1296.8689
    1649    1285.4732
    1650    1263.6214
    1651    1234.7482
    1652    1203.7294
    1653    1175.8650
    1654    1155.9062
    1655    1147.1811
    1656    1150.8807
    1657    1165.5952
    1658    1187.2267
    1659    1209.4898
    1660    1225.1791
    1661    1228.1305
    1662    1215.3858
    1663    1188.7410
    1664    1154.8743
    1665    1123.6681
    1666    1105.0309
    1667    1105.2431
    1668    1124.2504
    1669    1155.1297
    1670    1186.1898
    1671    1205.0571
    1672    1203.1981
    1673    1179.1346
    1674    1139.2015
    1675    1095.6613
    1676    1062.7479
    1677    1051.8378
    1678    1067.3799
    1679    1105.1199
    1680    1153.3315
    1681    1196.6709
    1682    1221.3140
    1683    1219.5752
    1684    1192.4062
    1685    1148.9220
    1686    1103.1788
    1687    1069.3898
    1688    1057.2628
    1689    1069.0396
    1690    1099.1649
    1691    1136.5522
    1692    1168.5197
    1693    1184.9898
    1694    1181.5693
    1695    1160.6496
    1696    1130.3666
    1697    1101.8913
    1698    1085.9395
    1699    1089.5141
    1700    1113.7857
    1701    1153.6724
    1702    1199.2231
    1703    1238.3941
    1704    1260.4390
    1705    1258.9686
    1706    1233.8219
    1707    1191.2056
    1708    1141.9844
    1709    1098.5021
    1710    1070.7825
    1711    1063.3143
    1712    1073.5785
    1713    1093.0016
    1714    1110.1617
    1715    1115.1539
    1716    1103.4647
    1717    1077.8078
    1718    1047.1709
    1719    1023.4354
    1720    1016.8637
    1721    1032.1850
    1722    1066.8239
    1723    1111.9801
    1724    1156.0697
    1725    1189.0405
    1726    1205.7733
    1727    1207.2631
    1728    1199.3153
    1729    1189.5241
    1730    1183.9162
    1731    1184.6695
    1732    1189.7973
    1733    1194.7949
    1734    1195.3393
    1735    1189.6667
    1736    1179.4843
    1737    1169.0801
    1738    1163.1826
    1739    1164.6757
    1740    1173.2619
    1741    1185.7145
    1742    1197.5996
    1743    1205.5949
    1744    1209.2025
    1745    1210.9069
    1746    1214.6448
    1747    1223.3081
    1748    1236.5619
    1749    1250.1588
    1750    1257.2397
    1751    1251.1771
    1752    1228.7560
    1753    1192.2666
    1754    1149.4745
    1755    1111.2544
    1756    1087.7157
    1757    1084.3774
    1758    1100.0252
    1759    1127.1582
    1760    1154.8380
    1761    1172.8116
    1762    1175.3302
    1763    1163.2087
    1764    1143.3321
    1765    1125.8289
    1766    1120.0846
    1767    1131.1862
    1768    1158.0931
    1769    1194.0825
    1770    1229.1578
    1771    1253.5031
    1772    1260.7395
    1773    1249.8639
    1774    1225.2577
    1775    1194.8826
    1776    1167.4559
    1777    1149.7223
    1778    1144.7014
    1779    1151.2526
    1780    1164.8259
    1781    1179.0408
    1782    1187.6291
    1783    1186.2478
    1784    1173.7266
    1785    1152.4397
    1786    1127.6868
    1787    1106.1949
    1788    1094.1220
    1789    1095.1310
    1790    1109.1514
    1791    1132.2857
    1792    1157.9630
    1793    1178.9944
    1794    1189.8511
    1795    1188.3557
    1796    1176.1678
    1797    1157.8927
    1798    1139.1673
    1799    1124.4934
    1800    1115.6817
    1801    1111.5532
    1802    1109.0319
    1803    1105.0949
    1804    1098.6218
    1805    1091.2633
    1806    1086.9310
    1807    1090.0912
    1808    1103.5222
    1809    1126.5338
    1810    1154.5772
    1811    1180.6159
    1812    1197.8109
    1813    1202.4007
    1814    1195.4877
    1815    1182.8209
    1816    1172.5193
    1817    1171.5638
    1818    1182.5082
    1819    1201.8859
    1820    1221.1780
    1821    1230.1417
    1822    1221.2050
    1823    1193.0341
    1824    1151.6526
    1825    1108.5242
    1826    1076.3105
    1827    1064.0540
    1828    1073.7582
    1829    1099.7592
    1830    1131.1004
    1831    1155.8936
    1832    1165.8859
    1833    1159.4174
    1834    1141.6577
    1835    1122.1223
    1836    1110.5779
    1837    1113.0887
    1838    1129.8385
    1839    1155.4600
    1840    1181.4404
    1841    1199.3979
    1842    1203.9207
    1843    1194.0243
    1844    1172.9055
    1845    1146.3410
    1846    1120.5505
    1847    1100.3791
    1848    1088.3458
    1849    1084.6597
    1850    1087.9296
    1851    1096.0893
    1852    1107.0450
    1853    1118.8175
    1854    1129.3910
    1855    1136.7961
    1856    1139.7008
    1857    1138.1802
    1858    1134.0924
    1859    1130.7241
    1860    1131.7199
    1861    1139.6298
    1862    1154.6172
    1863    1173.8752
    1864    1192.1274
    1865    1203.2199
    1866    1202.3658
    1867    1188.1967
    1868    1163.7407
    1869    1135.7996
    1870    1112.8483
    1871    1102.2102
    1872    1107.5628
    1873    1127.7047
    1874    1157.0020
    1875    1187.3257
    1876    1210.7629
    1877    1222.1565
    1878    1220.6080
    1879    1209.4547
    1880    1194.7946
    1881    1183.1665
    1882    1179.3325
    1883    1184.9720
    1884    1198.5917
    1885    1216.3919
    1886    1233.5365
    1887    1245.3334
    1888    1248.0558
    1889    1239.4037
    1890    1218.7759
    1891    1187.5040
    1892    1149.0097
    1893    1108.6565
    1894    1073.0292
    1895    1048.5889
    1896    1039.9913
    1897    1048.5807
    1898    1071.5544
    1899    1102.1253
    1900    1130.9731
    1901    1149.1327
    1902    1151.5852
    1903    1139.7714
    1904    1121.4819
    1905    1107.9786
    1906    1109.5461
    1907    1131.2841
    1908    1170.8192
    1909    1218.8731
    1910    1262.5043
    1911    1289.7703
    1912    1293.9705
    1913    1275.8281
    1914    1242.8328
    1915    1206.1406
    1916    1176.3550
    1917    1159.8899
    1918    1157.2663
    1919    1163.8128
    1920    1172.2308
    1921    1175.7995
    1922    1170.8782
    1923    1157.8335
    1924    1140.2728
    1925    1123.1670
    1926    1110.7976
    1927    1105.3628
    1928    1106.6664
    1929    1112.7633
    1930    1121.0678
    1931    1129.3360
    1932    1136.1593
    1933    1140.9464
    1934    1143.6673
    1935    1144.6751
    1936    1144.6009
    1937    1143.9637
    1938    1142.5924
    1939    1139.8479
    1940    1135.8787
    1941    1132.5095
    1942    1132.6316
    1943    1138.5777
    1944    1150.6991
    1945    1166.9932
    1946    1183.7856
    1947    1196.8067
    1948    1202.2889
    1949    1198.3959
    1950    1186.6159
    1951    1171.7552
    1952    1160.0446
    1953    1156.4034
    1954    1162.3113
    1955    1175.1958
    1956    1189.4379
    1957    1198.4578
    1958    1197.0176
    1959    1182.9154
    1960    1157.5369
    1961    1125.2114
    1962    1091.7546
    1963    1062.7928
    1964    1042.4186
    1965    1032.4774
    1966    1032.4941
    1967    1040.0774
    1968    1051.6097
    1969    1063.1119
    1970    1071.2004
    1971    1074.0282
    1972    1071.9935
    1973    1067.9394
    1974    1066.5628
    1975    1072.9732
    1976    1090.6698
    1977    1119.5940
    1978    1155.1556
    1979    1188.9753
    1980    1211.4225
    1981    1215.1271
    1982    1198.0609
    1983    1164.8704
    1984    1125.7591
    1985    1093.1688
    1986    1077.3564
    1987    1082.5013
    1988    1104.9137
    1989    1134.2179
    1990    1157.2231
    1991    1163.0506
    1992    1147.4997
    1993    1114.8782
    1994    1076.5441
    1995    1046.6791
    1996    1036.9376
    1997    1052.0481
    1998    1088.0848
    1999    1134.0495
    2000    1176.0733
