#Frame              T
       1    2985.0538
       2    2875.8337
       3    2696.3843
       4    2483.0473
       5    2273.9532
       6    2098.5880
       7    1970.8248
       8    1887.5245
       9    1832.7939
      10    1786.0579
      11    1730.9321
      12    1661.7792
      13    1585.7861
      14    1520.0876
      15    1485.2087
      16    1497.2985
      17    1561.8689
      18    1671.0565
      19    1805.1566
      20    1937.7357
      21    2042.5663
      22    2100.2167
      23    2102.4460
      24    2053.3940
      25    1967.5866
      26    1865.6406
      27    1769.0465
      28    1695.4136
      29    1655.1222
      30    1649.6291
      31    1671.3714
      32    1705.7292
      33    1735.5408
      34    1746.8753
      35    1733.4654
      36    1698.3082
      37    1652.4080
      38    1611.1298
      39    1589.0475
      40    1594.8616
      41    1628.1515
      42    1679.1459
      43    1731.6545
      44    1768.2368
      45    1775.9075
      46    1750.4589
      47    1697.9176
      48    1632.6350
      49    1572.6785
      50    1534.0890
      51    1525.9363
      52    1547.7834
      53    1590.3137
      54    1638.7566
      55    1677.7988
      56    1696.2698
      57    1690.1413
      58    1663.0914
      59    1624.7247
      60    1587.2346
      61    1561.6714
      62    1554.9270
      63    1568.1747
      64    1596.9911
      65    1632.9262
      66    1665.9964
      67    1687.4364
      68    1692.0290
      69    1679.4556
      70    1654.3323
      71    1624.9558
      72    1601.1199
      73    1591.4979
      74    1600.9893
      75    1628.4945
      76    1666.1079
      77    1700.8196
      78    1718.6313
      79    1709.4916
      80    1671.1308
      81    1610.4629
      82    1542.0681
      83    1484.0763
      84    1452.4172
      85    1455.0383
      86    1488.5335
      87    1539.3021
      88    1588.7374
      89    1619.8287
      90    1622.7361
      91    1597.7419
      92    1554.7149
      93    1509.2337
      94    1476.7414
      95    1466.9006
      96    1480.3112
      97    1508.7830
      98    1538.9287
      99    1557.5052
     100    1556.3527
     101    1535.0372
     102    1500.3658
     103    1463.2666
     104    1434.5603
     105    1421.3704
     106    1425.3552
     107    1443.1225
     108    1468.3373
     109    1494.3911
     110    1516.4236
     111    1532.0927
     112    1541.3541
     113    1545.8221
     114    1547.9545
     115    1550.1336
     116    1553.9132
     117    1559.7674
     118    1567.3545
     119    1575.9659
     120    1584.7963
     121    1592.9414
     122    1599.2834
     123    1602.5167
     124    1601.4663
     125    1595.6223
     126    1585.6027
     127    1573.1910
     128    1560.7922
     129    1550.4372
     130    1542.7641
     131    1536.5043
     132    1528.8353
     133    1516.5708
     134    1497.7283
     135    1472.7984
     136    1445.1836
     137    1420.5542
     138    1405.2101
     139    1403.9315
     140    1418.1519
     141    1445.2552
     142    1479.3314
     143    1513.0487
     144    1539.8806
     145    1555.8572
     146    1560.2737
     147    1555.2335
     148    1544.3343
     149    1531.0972
     150    1517.7479
     151    1504.7683
     152    1491.2803
     153    1475.9693
     154    1458.0715
     155    1437.9580
     156    1417.0818
     157    1397.4172
     158    1380.8337
     159    1368.8171
     160    1362.5521
     161    1363.0711
     162    1371.1845
     163    1387.1276
     164    1410.0719
     165    1437.7716
     166    1466.6399
     167    1492.3937
     168    1511.1257
     169    1520.4776
     170    1520.5748
     171    1514.4013
     172    1507.2323
     173    1504.9722
     174    1511.8698
     175    1528.5661
     176    1551.4146
     177    1573.4878
     178    1586.9914
     179    1586.2011
     180    1569.7676
     181    1541.4289
     182    1508.7612
     183    1480.3849
     184    1462.7259
     185    1457.7030
     186    1462.3417
     187    1470.4268
     188    1475.3831
     189    1473.1199
     190    1463.7167
     191    1451.3513
     192    1442.5913
     193    1443.7892
     194    1458.6390
     195    1486.8331
     196    1524.2543
     197    1564.4871
     198    1600.9293
     199    1628.6462
     200    1645.3322
     201    1651.2076
     202    1648.1016
     203    1638.2477
     204    1623.3419
     205    1604.2056
     206    1581.0801
     207    1554.2645
     208    1524.6676
     209    1493.9230
     210    1463.9991
     211    1436.5764
     212    1412.6219
     213    1392.4421
     214    1376.2028
     215    1364.5998
     216    1359.2470
     217    1362.4321
     218    1376.1459
     219    1400.7036
     220    1433.7005
     221    1470.0866
     222    1503.5295
     223    1528.4652
     224    1541.9210
     225    1544.3900
     226    1539.4403
     227    1532.2215
     228    1527.4538
     229    1527.6915
     230    1532.5587
     231    1539.2567
     232    1544.0985
     233    1544.3692
     234    1539.6849
     235    1532.2599
     236    1525.9791
     237    1524.6835
     238    1530.3920
     239    1542.2321
     240    1556.5676
     241    1568.3143
     242    1572.8818
     243    1567.8741
     244    1553.7994
     245    1533.5444
     246    1510.9611
     247    1489.3169
     248    1470.3376
     249    1454.2024
     250    1440.3326
     251    1428.4169
     252    1419.0480
     253    1413.5733
     254    1413.2787
     255    1418.4537
     256    1427.9570
     257    1439.5981
     258    1451.1790
     259    1461.7065
     260    1472.0626
     261    1484.6109
     262    1501.7923
     263    1524.3644
     264    1550.2052
     265    1574.3461
     266    1590.3828
     267    1592.7660
     268    1579.0672
     269    1551.2802
     270    1515.5707
     271    1480.4264
     272    1453.7575
     273    1440.0173
     274    1438.5692
     275    1444.0895
     276    1448.8499
     277    1445.8541
     278    1431.5146
     279    1406.8937
     280    1377.1844
     281    1349.8103
     282    1331.9943
     283    1328.6951
     284    1341.4369
     285    1368.1022
     286    1403.6699
     287    1441.8761
     288    1477.2324
     289    1506.3355
     290    1527.9856
     291    1542.5381
     292    1551.1917
     293    1555.4164
     294    1556.2574
     295    1553.7964
     296    1547.5827
     297    1537.6362
     298    1524.6417
     299    1509.1339
     300    1490.6505
     301    1467.7068
     302    1438.7670
     303    1403.7500
     304    1365.2632
     305    1328.7857
     306    1301.4533
     307    1289.7222
     308    1296.7966
     309    1320.9772
     310    1355.8395
     311    1392.3652
     312    1422.2402
     313    1440.9282
     314    1449.1631
     315    1452.1283
     316    1456.6421
     317    1467.7147
     318    1486.1333
     319    1508.0857
     320    1526.7550
     321    1535.0969
     322    1528.7281
     323    1507.8572
     324    1477.4814
     325    1445.6977
     326    1420.7394
     327    1407.9160
     328    1407.7650
     329    1416.2406
     330    1426.8269
     331    1433.5475
     332    1433.4413
     333    1427.3749
     334    1418.9922
     335    1412.6211
     336    1411.2505
     337    1415.3223
     338    1422.6942
     339    1429.7459
     340    1433.0745
     341    1430.8966
     342    1423.4464
     343    1412.2592
     344    1398.8809
     345    1383.8881
     346    1366.8390
     347    1347.1315
     348    1325.1690
     349    1303.0846
     350    1284.5388
     351    1273.5917
     352    1273.1086
     353    1283.3808
     354    1301.6624
     355    1322.9765
     356    1341.9762
     357    1355.0990
     358    1362.0564
     359    1365.9482
     360    1371.8901
     361    1384.6535
     362    1406.2487
     363    1434.4555
     364    1463.0092
     365    1483.4972
     366    1488.2969
     367    1473.4169
     368    1440.1178
     369    1394.6711
     370    1346.3384
     371    1304.3499
     372    1275.0302
     373    1260.0965
     374    1256.6469
     375    1258.7035
     376    1259.6803
     377    1254.9072
     378    1243.3755
     379    1228.1383
     380    1215.2555
     381    1211.7098
     382    1223.1337
     383    1252.1232
     384    1297.4886
     385    1354.4132
     386    1415.4025
     387    1471.8703
     388    1516.0615
     389    1542.8389
     390    1550.8705
     391    1542.8961
     392    1524.9795
     393    1504.8365
     394    1489.5739
     395    1483.4398
     396    1486.3348
     397    1493.6941
     398    1497.9184
     399    1490.9518
     400    1467.1824
     401    1425.7293
     402    1371.3631
     403    1313.5935
     404    1263.9901
     405    1232.5489
     406    1224.4918
     407    1238.7966
     408    1268.9926
     409    1305.8088
     410    1340.5650
     411    1367.9276
     412    1386.9643
     413    1400.2281
     414    1411.5461
     415    1423.7275
     416    1437.2501
     417    1450.2938
     418    1459.8095
     419    1463.1964
     420    1460.1209
     421    1453.4413
     422    1448.2377
     423    1449.2241
     424    1457.9469
     425    1471.3241
     426    1482.4079
     427    1483.2263
     428    1468.5297
     429    1438.7495
     430    1400.7326
     431    1365.7563
     432    1345.4978
     433    1347.5383
     434    1372.2575
     435    1412.4425
     436    1455.8527
     437    1489.7395
     438    1505.5039
     439    1501.6557
     440    1483.9640
     441    1462.8106
     442    1448.8497
     443    1448.6961
     444    1462.3310
     445    1483.1738
     446    1500.7240
     447    1504.6774
     448    1488.8860
     449    1453.6499
     450    1405.5564
     451    1355.0607
     452    1312.8617
     453    1286.5057
     454    1278.4559
     455    1286.1957
     456    1304.0757
     457    1325.9218
     458    1347.1500
     459    1365.5664
     460    1380.9515
     461    1394.1749
     462    1406.3911
     463    1418.4578
     464    1430.6531
     465    1442.7366
     466    1454.2155
     467    1464.5565
     468    1473.1752
     469    1479.2554
     470    1481.5943
     471    1478.6638
     472    1468.9802
     473    1451.7130
     474    1427.3186
     475    1397.8755
     476    1366.8534
     477    1338.2977
     478    1315.6772
     479    1300.8407
     480    1293.5382
     481    1291.7391
     482    1292.6020
     483    1293.6836
     484    1293.8964
     485    1293.8193
     486    1295.2790
     487    1300.4693
     488    1311.0873
     489    1327.8210
     490    1350.2400
     491    1376.8954
     492    1405.4521
     493    1432.8429
     494    1455.5781
     495    1470.2723
     496    1474.3228
     497    1466.6160
     498    1448.0982
     499    1421.9173
     500    1392.8689
     501    1366.1254
     502    1345.6215
     503    1332.7376
     504    1325.8318
     505    1320.8131
     506    1312.6701
     507    1297.8356
     508    1276.7652
     509    1255.2256
     510    1243.0144
     511    1250.2990
     512    1283.0598
     513    1339.5994
     514    1409.7503
     515    1477.3829
     516    1525.4934
     517    1542.0372
     518    1524.2774
     519    1479.9248
     520    1424.5310
     521    1376.0250
     522    1348.4022
     523    1346.9217
     524    1366.6276
     525    1394.7358
     526    1415.9148
     527    1418.3678
     528    1398.3320
     529    1361.3076
     530    1319.6775
     531    1287.8020
     532    1276.5954
     533    1289.6775
     534    1322.4636
     535    1364.3437
     536    1402.8719
     537    1428.1854
     538    1435.9753
     539    1428.1325
     540    1411.2283
     541    1393.7225
     542    1382.8916
     543    1382.3654
     544    1391.2587
     545    1405.4998
     546    1420.3742
     547    1432.4292
     548    1439.9302
     549    1442.2935
     550    1439.2666
     551    1430.4693
     552    1415.5468
     553    1394.8006
     554    1369.8687
     555    1343.9662
     556    1321.3761
     557    1306.2225
     558    1300.9142
     559    1304.9677
     560    1314.9913
     561    1326.1045
     562    1334.1445
     563    1337.4701
     564    1337.4597
     565    1337.5989
     566    1341.6787
     567    1351.9200
     568    1367.7728
     569    1385.8765
     570    1401.2361
     571    1409.1326
     572    1406.9189
     573    1394.9047
     574    1375.9910
     575    1354.3495
     576    1333.8608
     577    1317.0391
     578    1304.8025
     579    1296.9685
     580    1293.0421
     581    1292.7975
     582    1296.3401
     583    1303.6777
     584    1314.1247
     585    1326.0057
     586    1336.9636
     587    1344.8342
     588    1348.6698
     589    1349.3386
     590    1349.2598
     591    1351.2495
     592    1356.9264
     593    1365.4454
     594    1373.2900
     595    1375.4124
     596    1367.3594
     597    1347.4943
     598    1318.2948
     599    1286.0574
     600    1259.0053
     601    1244.4634
     602    1246.1729
     603    1262.7952
     604    1288.2297
     605    1313.7019
     606    1330.8910
     607    1334.9349
     608    1326.1490
     609    1309.7867
     610    1293.9363
     611    1286.3723
     612    1291.6170
     613    1309.3582
     614    1334.7880
     615    1360.6083
     616    1379.7909
     617    1387.9497
     618    1384.4557
     619    1372.0381
     620    1355.2711
     621    1338.7531
     622    1325.7605
     623    1317.7756
     624    1314.7953
     625    1315.9812
     626    1320.1740
     627    1326.0306
     628    1331.8866
     629    1335.6943
     630    1335.3726
     631    1329.6260
     632    1318.8809
     633    1305.7817
     634    1294.8280
     635    1291.1063
     636    1298.5115
     637    1318.1292
     638    1347.4550
     639    1380.8714
     640    1411.3284
     641    1432.7045
     642    1441.9851
     643    1440.3493
     644    1432.6394
     645    1425.3575
     646    1423.9628
     647    1430.5784
     648    1443.0287
     649    1455.6031
     650    1461.2208
     651    1454.1354
     652    1432.0913
     653    1397.1289
     654    1354.7961
     655    1312.1724
     656    1275.5350
     657    1248.5387
     658    1231.5418
     659    1222.2034
     660    1216.9856
     661    1212.8625
     662    1208.5344
     663    1204.7101
     664    1203.4824
     665    1207.2043
     666    1217.4342
     667    1234.3771
     668    1256.9000
     669    1282.9396
     670    1309.9987
     671    1335.5301
     672    1357.1666
     673    1372.9022
     674    1381.3633
     675    1382.1930
     676    1376.3999
     677    1366.3912
     678    1355.4973
     679    1347.0222
     680    1343.1281
     681    1343.9880
     682    1347.6022
     683    1350.4740
     684    1349.0079
     685    1341.1536
     686    1327.5935
     687    1311.8990
     688    1299.4640
     689    1295.5435
     690    1303.0928
     691    1321.2557
     692    1345.1615
     693    1367.2218
     694    1379.4985
     695    1376.2687
     696    1355.9131
     697    1321.5197
     698    1279.9468
     699    1239.5525
     700    1207.4087
     701    1187.1502
     702    1178.3333
     703    1177.4762
     704    1180.1963
     705    1183.4403
     706    1186.8233
     707    1192.5506
     708    1204.0595
     709    1224.1029
     710    1253.1944
     711    1289.1200
     712    1327.6553
     713    1364.0589
     714    1394.5969
     715    1417.4080
     716    1432.4281
     717    1440.5531
     718    1442.5697
     719    1438.4346
     720    1427.2813
     721    1408.1298
     722    1380.9124
     723    1347.2499
     724    1310.5104
     725    1275.0180
     726    1244.7163
     727    1221.8752
     728    1206.4672
     729    1196.5372
     730    1189.4184
     731    1183.2279
     732    1177.9378
     733    1175.4878
     734    1178.8602
     735    1190.5174
     736    1210.9151
     737    1237.7713
     738    1266.4507
     739    1291.3745
     740    1307.9948
     741    1314.5735
     742    1312.9723
     743    1308.0276
     744    1305.7352
     745    1310.9761
     746    1325.6921
     747    1348.1735
     748    1373.6600
     749    1395.9590
     750    1409.4420
     751    1410.6904
     752    1399.2824
     753    1377.5832
     754    1349.7935
     755    1320.7135
     756    1294.6224
     757    1274.4913
     758    1261.5766
     759    1255.3640
     760    1253.8286
     761    1253.9988
     762    1252.8096
     763    1248.1527
     764    1239.8938
     765    1230.4257
     766    1224.1700
     767    1225.6576
     768    1236.9126
     769    1255.9690
     770    1277.6502
     771    1295.7765
     772    1305.4063
     773    1304.4545
     774    1294.4699
     775    1280.3507
     776    1268.8869
     777    1266.4284
     778    1276.4332
     779    1297.8598
     780    1325.1482
     781    1349.9763
     782    1364.2684
     783    1363.3412
     784    1347.9069
     785    1324.0101
     786    1300.7789
     787    1286.8371
     788    1286.8347
     789    1299.5501
     790    1318.3038
     791    1333.5052
     792    1336.3350
     793    1322.1712
     794    1292.4667
     795    1254.3605
     796    1218.1775
     797    1193.7774
     798    1187.1373
     799    1198.4301
     800    1222.2760
     801    1249.9857
     802    1272.8350
     803    1285.0638
     804    1285.4670
     805    1277.1380
     806    1265.7652
     807    1257.3719
     808    1256.3665
     809    1264.4489
     810    1280.5300
     811    1301.4630
     812    1323.1261
     813    1341.3858
     814    1352.7339
     815    1354.6735
     816    1346.0665
     817    1327.5496
     818    1301.8961
     819    1273.9909
     820    1250.0801
     821    1236.2046
     822    1236.1459
     823    1249.6267
     824    1271.6894
     825    1293.8663
     826    1306.9559
     827    1304.4137
     828    1285.0730
     829    1254.1358
     830    1221.9162
     831    1200.5592
     832    1199.7230
     833    1222.7275
     834    1264.6769
     835    1313.4391
     836    1353.3578
     837    1370.5063
     838    1357.6835
     839    1317.3114
     840    1261.0047
     841    1205.6963
     842    1167.6225
     843    1156.6115
     844    1173.0019
     845    1208.1311
     846    1247.8316
     847    1277.5201
     848    1287.1395
     849    1274.3292
     850    1244.8387
     851    1210.1571
     852    1183.3106
     853    1174.3677
     854    1187.2085
     855    1218.5448
     856    1259.3090
     857    1297.7553
     858    1323.1368
     859    1328.7758
     860    1313.6790
     861    1282.3932
     862    1243.3583
     863    1206.3781
     864    1179.9379
     865    1169.0566
     866    1174.1636
     867    1191.2495
     868    1213.2617
     869    1232.4006
     870    1242.6741
     871    1241.8872
     872    1232.3752
     873    1220.1908
     874    1212.9710
     875    1217.1515
     876    1235.4526
     877    1265.5611
     878    1300.6203
     879    1331.5201
     880    1350.2356
     881    1352.9441
     882    1341.6125
     883    1323.3179
     884    1307.5093
     885    1302.2898
     886    1311.1698
     887    1331.5452
     888    1355.5047
     889    1372.7303
     890    1374.4211
     891    1356.7473
     892    1322.4750
     893    1280.1097
     894    1240.8754
     895    1214.6909
     896    1206.7082
     897    1215.7339
     898    1235.0964
     899    1255.5250
     900    1268.8242
     901    1270.8536
     902    1262.6752
     903    1249.5666
     904    1238.4824
     905    1235.1219
     906    1241.8032
     907    1256.8975
     908    1275.9009
     909    1293.5826
     910    1306.2324
     911    1313.0162
     912    1315.8656
     913    1318.0130
     914    1321.9328
     915    1327.7190
     916    1332.7228
     917    1332.6582
     918    1323.7041
     919    1304.6368
     920    1278.0033
     921    1249.7465
     922    1227.3480
     923    1217.1752
     924    1222.0482
     925    1240.0523
     926    1265.1946
     927    1289.7037
     928    1306.9632
     929    1313.8086
     930    1311.3502
     931    1304.1590
     932    1298.2378
     933    1298.5476
     934    1307.0077
     935    1321.7580
     936    1337.9353
     937    1349.5290
     938    1351.4790
     939    1341.2859
     940    1319.7424
     941    1290.7268
     942    1260.2308
     943    1234.9250
     944    1220.5793
     945    1220.6289
     946    1235.1752
     947    1260.7629
     948    1291.1520
     949    1318.9587
     950    1337.6685
     951    1343.4015
     952    1335.9247
     953    1318.6042
     954    1297.2624
     955    1278.2249
     956    1266.1343
     957    1262.2431
     958    1263.8217
     959    1265.0101
     960    1258.9505
     961    1240.5187
     962    1208.6499
     963    1167.3191
     964    1124.7019
     965    1090.7493
     966    1074.0631
     967    1079.2552
     968    1105.7292
     969    1148.2097
     970    1198.7279
     971    1249.2841
     972    1294.1721
     973    1331.0752
     974    1360.5980
     975    1384.6518
     976    1404.6055
     977    1420.1161
     978    1429.1443
     979    1429.0725
     980    1418.3223
     981    1397.6361
     982    1370.3356
     983    1341.3321
     984    1315.2363
     985    1294.4050
     986    1277.9644
     987    1262.4976
     988    1244.1866
     989    1221.3580
     990    1196.1538
     991    1174.4746
     992    1164.1069
     993    1171.6920
     994    1199.7025
     995    1244.6824
     996    1297.5801
     997    1346.2192
     998    1379.0710
     999    1388.9520
    1000    1375.2977
    1001    1344.1198
    1002    1305.9684
    1003    1272.3926
    1004    1252.3377
    1005    1249.4491
    1006    1261.0290
    1007    1279.0894
    1008    1293.4207
    1009    1295.6001
    1010    1282.1719
    1011    1255.6864
    1012    1223.4759
    1013    1194.9725
    1014    1178.7049
    1015    1179.9302
    1016    1199.4246
    1017    1233.5420
    1018    1275.3405
    1019    1316.3976
    1020    1348.8427
    1021    1367.1584
    1022    1369.3836
    1023    1357.5017
    1024    1336.9118
    1025    1315.0257
    1026    1299.2277
    1027    1294.6744
    1028    1302.6182
    1029    1319.8792
    1030    1339.7609
    1031    1354.1988
    1032    1356.4800
    1033    1343.6166
    1034    1317.5042
    1035    1284.3861
    1036    1252.7441
    1037    1230.3875
    1038    1221.8454
    1039    1227.0500
    1040    1241.7408
    1041    1259.3154
    1042    1273.3106
    1043    1279.5110
    1044    1276.9533
    1045    1267.6079
    1046    1255.0898
    1047    1243.0969
    1048    1234.2753
    1049    1229.8690
    1050    1230.0593
    1051    1234.6144
    1052    1243.4311
    1053    1256.6702
    1054    1274.3798
    1055    1295.7552
    1056    1318.4707
    1057    1338.6119
    1058    1351.4902
    1059    1353.1567
    1060    1342.0036
    1061    1319.7187
    1062    1291.0557
    1063    1262.3801
    1064    1239.4765
    1065    1225.4719
    1066    1219.7817
    1067    1218.6112
    1068    1216.9051
    1069    1210.9412
    1070    1200.4083
    1071    1188.9591
    1072    1182.8781
    1073    1188.3601
    1074    1208.5577
    1075    1241.7288
    1076    1281.3739
    1077    1318.3804
    1078    1344.2989
    1079    1354.3617
    1080    1348.9736
    1081    1333.0770
    1082    1313.7214
    1083    1296.9517
    1084    1285.3960
    1085    1277.5832
    1086    1269.1897
    1087    1255.5468
    1088    1234.2430
    1089    1206.7052
    1090    1178.1266
    1091    1155.7841
    1092    1146.4075
    1093    1153.6399
    1094    1176.6319
    1095    1210.3590
    1096    1247.5280
    1097    1281.2137
    1098    1307.0879
    1099    1324.3340
    1100    1334.9820
    1101    1342.1325
    1102    1348.0027
    1103    1352.6992
    1104    1354.1894
    1105    1349.3492
    1106    1335.5026
    1107    1311.7190
    1108    1279.3222
    1109    1241.5080
    1110    1202.3746
    1111    1165.8879
    1112    1135.2175
    1113    1112.6023
    1114    1099.5810
    1115    1097.2430
    1116    1106.1950
    1117    1126.1724
    1118    1155.5132
    1119    1190.8539
    1120    1227.3751
    1121    1259.7029
    1122    1283.2535
    1123    1295.5368
    1124    1296.8510
    1125    1290.0258
    1126    1279.2748
    1127    1268.6249
    1128    1260.5612
    1129    1255.4184
    1130    1251.6992
    1131    1247.0932
    1132    1239.6929
    1133    1228.8799
    1134    1215.5587
    1135    1201.7384
    1136    1189.7531
    1137    1181.5509
    1138    1178.3896
    1139    1180.9950
    1140    1189.9364
    1141    1205.8107
    1142    1228.9372
    1143    1258.6043
    1144    1292.2861
    1145    1325.4341
    1146    1352.2537
    1147    1367.4075
    1148    1368.0747
    1149    1355.4830
    1150    1335.0920
    1151    1315.0875
    1152    1303.5349
    1153    1305.2023
    1154    1319.3407
    1155    1339.4677
    1156    1355.4407
    1157    1357.1724
    1158    1338.6135
    1159    1300.4345
    1160    1250.2947
    1161    1200.4844
    1162    1163.7594
    1163    1148.9185
    1164    1157.8012
    1165    1184.8482
    1166    1219.3608
    1167    1249.5266
    1168    1266.6125
    1169    1267.7517
    1170    1256.3702
    1171    1240.2781
    1172    1228.3274
    1173    1226.9991
    1174    1238.1761
    1175    1258.7998
    1176    1282.3526
    1177    1301.4355
    1178    1310.3773
    1179    1306.9200
    1180    1292.4863
    1181    1271.1615
    1182    1248.0181
    1183    1227.5448
    1184    1212.7210
    1185    1204.8457
    1186    1203.8369
    1187    1208.6183
    1188    1217.3814
    1189    1227.8019
    1190    1237.3421
    1191    1243.6608
    1192    1245.0914
    1193    1241.1128
    1194    1232.6776
    1195    1222.1540
    1196    1212.7052
    1197    1207.1702
    1198    1206.8545
    1199    1210.8131
    1200    1216.0752
    1201    1218.8299
    1202    1216.1284
    1203    1207.3982
    1204    1195.0845
    1205    1184.0587
    1206    1179.9315
    1207    1186.8891
    1208    1205.9146
    1209    1234.1358
    1210    1265.6057
    1211    1293.2459
    1212    1311.2038
    1213    1316.7012
    1214    1310.6536
    1215    1296.8900
    1216    1280.3995
    1217    1265.4055
    1218    1254.0729
    1219    1246.2956
    1220    1240.5072
    1221    1234.9988
    1222    1229.0511
    1223    1223.3608
    1224    1219.6282
    1225    1219.6168
    1226    1224.2210
    1227    1233.0174
    1228    1244.4740
    1229    1256.6397
    1230    1267.8933
    1231    1277.3090
    1232    1284.4269
    1233    1288.5811
    1234    1288.2574
    1235    1280.9897
    1236    1264.0820
    1237    1236.0109
    1238    1197.9248
    1239    1154.4191
    1240    1112.9579
    1241    1081.9218
    1242    1067.9344
    1243    1073.5252
    1244    1096.1320
    1245    1128.9697
    1246    1163.5305
    1247    1192.7690
    1248    1213.6762
    1249    1228.1467
    1250    1241.7491
    1251    1260.8786
    1252    1289.4794
    1253    1326.7182
    1254    1366.6094
    1255    1399.7902
    1256    1416.7620
    1257    1411.3383
    1258    1383.0168
    1259    1337.3932
    1260    1284.4391
    1261    1235.2303
    1262    1198.3261
    1263    1177.1912
    1264    1169.6443
    1265    1169.4832
    1266    1169.5349
    1267    1164.8306
    1268    1154.6048
    1269    1142.3838
    1270    1134.2629
    1271    1136.2161
    1272    1151.5900
    1273    1179.7291
    1274    1216.1188
    1275    1253.8170
    1276    1285.5353
    1277    1305.6243
    1278    1311.3598
    1279    1303.2810
    1280    1284.6589
    1281    1260.4151
    1282    1235.8668
    1283    1215.5671
    1284    1202.3736
    1285    1196.8216
    1286    1196.9424
    1287    1198.7195
    1288    1197.2520
    1289    1188.3869
    1290    1170.3160
    1291    1144.5791
    1292    1116.0262
    1293    1091.5787
    1294    1078.0500
    1295    1079.7291
    1296    1096.6383
    1297    1124.2452
    1298    1154.9003
    1299    1180.5650
    1300    1195.7952
    1301    1199.7767
    1302    1196.5854
    1303    1193.5738
    1304    1198.4751
    1305    1216.2527
    1306    1246.8256
    1307    1284.5721
    1308    1319.9130
    1309    1342.4692
    1310    1344.6614
    1311    1324.4146
    1312    1285.9872
    1313    1238.6517
    1314    1193.7596
    1315    1161.2744
    1316    1146.9746
    1317    1151.1857
    1318    1169.2774
    1319    1193.5495
    1320    1215.7335
    1321    1229.3014
    1322    1231.0009
    1323    1221.3739
    1324    1204.2821
    1325    1185.6663
    1326    1171.8641
    1327    1167.8737
    1328    1175.9421
    1329    1194.7911
    1330    1219.6894
    1331    1243.4381
    1332    1258.1687
    1333    1257.6301
    1334    1239.4010
    1335    1206.3126
    1336    1166.4263
    1337    1131.2518
    1338    1112.4778
    1339    1118.1188
    1340    1149.4230
    1341    1199.7910
    1342    1256.2820
    1343    1303.3408
    1344    1327.5638
    1345    1321.9586
    1346    1288.3023
    1347    1236.7707
    1348    1182.8082
    1349    1142.1263
    1350    1125.4723
    1351    1135.0167
    1352    1163.7183
    1353    1197.9350
    1354    1222.3609
    1355    1225.5178
    1356    1203.8433
    1357    1162.9491
    1358    1115.6546
    1359    1077.5753
    1360    1061.8543
    1361    1074.8687
    1362    1114.3197
    1363    1170.2327
    1364    1228.3537
    1365    1274.6487
    1366    1299.3701
    1367    1299.4706
    1368    1278.8348
    1369    1246.5600
    1370    1213.9906
    1371    1191.4342
    1372    1185.4262
    1373    1197.1730
    1374    1222.4466
    1375    1252.8463
    1376    1278.0729
    1377    1288.6980
    1378    1278.8155
    1379    1247.9541
    1380    1201.6949
    1381    1150.6526
    1382    1107.8814
    1383    1085.2520
    1384    1089.8245
    1385    1121.3905
    1386    1172.1093
    1387    1228.5365
    1388    1275.5523
    1389    1301.0048
    1390    1299.5862
    1391    1274.6346
    1392    1237.1266
    1393    1201.9880
    1394    1182.8419
    1395    1187.0980
    1396    1213.3361
    1397    1252.0481
    1398    1289.3727
    1399    1312.2734
    1400    1313.1229
    1401    1292.0735
    1402    1256.5560
    1403    1218.3394
    1404    1189.3278
    1405    1177.5980
    1406    1184.9874
    1407    1206.9693
    1408    1234.7039
    1409    1258.3246
    1410    1270.1366
    1411    1266.6567
    1412    1249.0553
    1413    1222.1442
    1414    1192.5151
    1415    1166.6313
    1416    1149.4529
    1417    1143.6694
    1418    1149.3309
    1419    1163.7904
    1420    1182.0541
    1421    1197.7139
    1422    1204.4904
    1423    1198.1550
    1424    1178.2989
    1425    1149.2244
    1426    1119.3705
    1427    1099.1521
    1428    1097.7782
    1429    1120.1040
    1430    1164.6208
    1431    1223.2464
    1432    1283.0279
    1433    1329.6015
    1434    1351.8872
    1435    1346.4149
    1436    1319.0644
    1437    1283.1129
    1438    1254.2808
    1439    1244.6888
    1440    1258.0398
    1441    1287.9065
    1442    1319.8608
    1443    1336.7269
    1444    1325.0425
    1445    1280.3385
    1446    1209.2601
    1447    1127.6879
    1448    1055.5002
    1449    1009.8734
    1450     999.5530
    1451    1022.1543
    1452    1065.3895
    1453    1111.6723
    1454    1144.3424
    1455    1153.2666
    1456    1137.9076
    1457    1106.9343
    1458    1074.7057
    1459    1055.9971
    1460    1060.8743
    1461    1091.4383
    1462    1141.3876
    1463    1198.2917
    1464    1247.6070
    1465    1277.0901
    1466    1280.3165
    1467    1258.3285
    1468    1218.9691
    1469    1174.2006
    1470    1136.3734
    1471    1114.6670
    1472    1112.7207
    1473    1127.9753
    1474    1152.7794
    1475    1176.9289
    1476    1190.9721
    1477    1189.3682
    1478    1172.5094
    1479    1146.8543
    1480    1122.9971
    1481    1112.2336
    1482    1122.6885
    1483    1156.2064
    1484    1207.1029
    1485    1263.4711
    1486    1310.8444
    1487    1336.9884
    1488    1336.0416
    1489    1310.4640
    1490    1270.0569
    1491    1228.4130
    1492    1198.1244
    1493    1186.5214
    1494    1193.4513
    1495    1211.8061
    1496    1230.4880
    1497    1238.6554
    1498    1229.6886
    1499    1203.5056
    1500    1166.5103
    1501    1129.3003
    1502    1103.0260
    1503    1095.6697
    1504    1109.4959
    1505    1140.5077
    1506    1180.0402
    1507    1217.8375
    1508    1245.3828
    1509    1258.2498
    1510    1256.7853
    1511    1245.1727
    1512    1229.4841
    1513    1215.5461
    1514    1207.2970
    1515    1205.9974
    1516    1210.3067
    1517    1216.9918
    1518    1221.9477
    1519    1221.2615
    1520    1212.1761
    1521    1193.9055
    1522    1168.2066
    1523    1139.4792
    1524    1114.1198
    1525    1099.0254
    1526    1099.5118
    1527    1117.2814
    1528    1149.1977
    1529    1187.5077
    1530    1221.7184
    1531    1241.7094
    1532    1241.1357
    1533    1219.9368
    1534    1184.8953
    1535    1147.7248
    1536    1121.1135
    1537    1114.0845
    1538    1128.4769
    1539    1158.0231
    1540    1190.5330
    1541    1212.4443
    1542    1214.0203
    1543    1193.1864
    1544    1156.5179
    1545    1116.9803
    1546    1089.2613
    1547    1084.4459
    1548    1106.0356
    1549    1148.7716
    1550    1200.6009
    1551    1246.9303
    1552    1275.5099
    1553    1280.2147
    1554    1262.5219
    1555    1230.4006
    1556    1195.2364
    1557    1168.0105
    1558    1156.0628
    1559    1161.3934
    1560    1180.7677
    1561    1207.2695
    1562    1232.5727
    1563    1249.1913
    1564    1252.1956
    1565    1240.1905
    1566    1215.5427
    1567    1183.9093
    1568    1153.1058
    1569    1131.3829
    1570    1125.3326
    1571    1137.8791
    1572    1166.9579
    1573    1205.4546
    1574    1242.7007
    1575    1267.3740
    1576    1271.0866
    1577    1251.4970
    1578    1213.7475
    1579    1169.4632
    1580    1133.3901
    1581    1118.6497
    1582    1132.2071
    1583    1172.1914
    1584    1228.1431
    1585    1284.2469
    1586    1324.5138
    1587    1338.1266
    1588    1323.0314
    1589    1286.4498
    1590    1242.1107
    1591    1205.2653
    1592    1187.3634
    1593    1192.3303
    1594    1215.6791
    1595    1246.5855
    1596    1272.0249
    1597    1281.3932
    1598    1269.9647
    1599    1240.0938
    1600    1199.9911
    1601    1160.7664
    1602    1132.9078
    1603    1123.3347
    1604    1133.7716
    1605    1160.6802
    1606    1196.5223
    1607    1231.8076
    1608    1257.3555
    1609    1266.3758
    1610    1256.1060
    1611    1228.6648
    1612    1190.7029
    1613    1151.6775
    1614    1121.1120
    1615    1105.7726
    1616    1107.7972
    1617    1124.3187
    1618    1148.5512
    1619    1172.0514
    1620    1187.5954
    1621    1191.7253
    1622    1185.9489
    1623    1176.0540
    1624    1169.7788
    1625    1173.7358
    1626    1190.7506
    1627    1218.4860
    1628    1249.7178
    1629    1274.3511
    1630    1283.0392
    1631    1271.2137
    1632    1241.3887
    1633    1202.3741
    1634    1165.8127
    1635    1141.7347
    1636    1135.0733
    1637    1144.3985
    1638    1163.1103
    1639    1182.4641
    1640    1195.1778
    1641    1198.1912
    1642    1193.5165
    1643    1186.9170
    1644    1185.0630
    1645    1192.4426
    1646    1209.3605
    1647    1231.8381
    1648    1253.3250
    1649    1267.3274
    1650    1269.7519
    1651    1260.0242
    1652    1240.6861
    1653    1215.8770
    1654    1189.5472
    1655    1164.2644
    1656    1141.0807
    1657    1120.3296
    1658    1102.7657
    1659    1090.3007
    1660    1085.8455
    1661    1092.2368
    1662    1110.7000
    1663    1139.6446
    1664    1174.5417
    1665    1209.1720
    1666    1237.8023
    1667    1257.2593
    1668    1267.8926
    1669    1273.0331
    1670    1277.2528
    1671    1284.1456
    1672    1294.4756
    1673    1305.4913
    1674    1311.8528
    1675    1307.9217
    1676    1290.4864
    1677    1260.7247
    1678    1224.4818
    1679    1190.6542
    1680    1168.2338
    1681    1163.0911
    1682    1175.6992
    1683    1200.7169
    1684    1228.7050
    1685    1249.3823
    1686    1255.1170
    1687    1243.3225
    1688    1216.9677
    1689    1183.2073
    1690    1150.8064
    1691    1127.3596
    1692    1117.2519
    1693    1120.9024
    1694    1135.3326
    1695    1155.6380
    1696    1176.7415
    1697    1194.8194
    1698    1208.0404
    1699    1216.5598
    1700    1221.9635
    1701    1226.4524
    1702    1232.0430
    1703    1239.9617
    1704    1250.3080
    1705    1261.9769
    1706    1272.8108
    1707    1279.9781
    1708    1280.5968
    1709    1272.5516
    1710    1255.3399
    1711    1230.6358
    1712    1202.2433
    1713    1175.2688
    1714    1154.6872
    1715    1143.7953
    1716    1143.1855
    1717    1150.7120
    1718    1162.4947
    1719    1174.4992
    1720    1183.9378
    1721    1189.8239
    1722    1192.5352
    1723    1192.8096
    1724    1190.8435
    1725    1185.9533
    1726    1176.9525
    1727    1163.1065
    1728    1145.2584
    1729    1126.5026
    1730    1111.8385
    1731    1106.6951
    1732    1114.8353
    1733    1136.5399
    1734    1167.8979
    1735    1201.6447
    1736    1229.4234
    1737    1244.7794
    1738    1245.7418
    1739    1235.7392
    1740    1222.1726
    1741    1213.1945
    1742    1214.2806
    1743    1226.0741
    1744    1244.0906
    1745    1260.3088
    1746    1266.2699
    1747    1256.6281
    1748    1231.6505
    1749    1197.5108
    1750    1164.1667
    1751    1141.6415
    1752    1136.1975
    1753    1148.0045
    1754    1171.3118
    1755    1197.0013
    1756    1216.3080
    1757    1224.0693
    1758    1220.2065
    1759    1208.9876
    1760    1196.5815
    1761    1188.1050
    1762    1185.4808
    1763    1186.9908
    1764    1188.6024
    1765    1186.3576
    1766    1178.6713
    1767    1167.4640
    1768    1157.5696
    1769    1154.6320
    1770    1162.3913
    1771    1180.6638
    1772    1205.0786
    1773    1228.7734
    1774    1245.1987
    1775    1250.7127
    1776    1245.8444
    1777    1234.7517
    1778    1223.1523
    1779    1215.6587
    1780    1213.7180
    1781    1215.1092
    1782    1215.1889
    1783    1209.2172
    1784    1194.6560
    1785    1172.4701
    1786    1146.9705
    1787    1124.3473
    1788    1110.5305
    1789    1109.2253
    1790    1120.8285
    1791    1142.5301
    1792    1169.4422
    1793    1196.2235
    1794    1218.5612
    1795    1234.0332
    1796    1242.1894
    1797    1244.0366
    1798    1241.2869
    1799    1235.7031
    1800    1228.6882
    1801    1221.0872
    1802    1213.0799
    1803    1204.0984
    1804    1192.8473
    1805    1177.5877
    1806    1156.8157
    1807    1130.2740
    1808    1100.0632
    1809    1071.5081
    1810    1053.1492
    1811    1054.4429
    1812    1080.3177
    1813    1126.4570
    1814    1180.8979
    1815    1229.8748
    1816    1262.4760
    1817    1273.0267
    1818    1262.0224
    1819    1235.6711
    1820    1203.8927
    1821    1177.1443
    1822    1162.9911
    1823    1163.5709
    1824    1174.9342
    1825    1188.6858
    1826    1195.4532
    1827    1188.8553
    1828    1168.2975
    1829    1139.3590
    1830    1111.5987
    1831    1094.8544
    1832    1095.7481
    1833    1115.6892
    1834    1150.7181
    1835    1192.9423
    1836    1233.0182
    1837    1262.8465
    1838    1277.5904
    1839    1276.4500
    1840    1262.1770
    1841    1239.7902
    1842    1215.1113
    1843    1193.5586
    1844    1179.3016
    1845    1174.6921
    1846    1179.9574
    1847    1193.2242
    1848    1210.8544
    1849    1228.0225
    1850    1239.5844
    1851    1241.3200
    1852    1231.3655
    1853    1211.3168
    1854    1186.3785
    1855    1164.2088
    1856    1152.6067
    1857    1156.7102
    1858    1176.7344
    1859    1207.2219
    1860    1238.3392
    1861    1258.9929
    1862    1260.7679
    1863    1241.2440
    1864    1205.3363
    1865    1163.9834
    1866    1130.5113
    1867    1115.9597
    1868    1125.1201
    1869    1154.7661
    1870    1194.7040
    1871    1231.2216
    1872    1251.6934
    1873    1248.7565
    1874    1222.6747
    1875    1181.1571
    1876    1136.7836
    1877    1102.9422
    1878    1089.5860
    1879    1100.1425
    1880    1130.6000
    1881    1171.0906
    1882    1209.2878
    1883    1234.2297
    1884    1239.2494
    1885    1223.3201
    1886    1190.8301
    1887    1150.1747
    1888    1111.6155
    1889    1084.8127
    1890    1076.4605
    1891    1088.4983
    1892    1117.3548
    1893    1154.5638
    1894    1188.8146
    1895    1209.1107
    1896    1208.2666
    1897    1185.6531
    1898    1148.1221
    1899    1108.4934
    1900    1081.7718
    1901    1080.1352
    1902    1108.3183
    1903    1161.1130
    1904    1224.1337
    1905    1277.9189
    1906    1304.1566
    1907    1291.9145
    1908    1241.6386
    1909    1165.4011
    1910    1083.2102
    1911    1016.6169
    1912     981.8506
    1913     984.8566
    1914    1019.8537
    1915    1071.7698
    1916    1121.6204
    1917    1152.9440
    1918    1157.1265
    1919    1135.8709
    1920    1100.1205
    1921    1065.9556
    1922    1048.9723
    1923    1059.0485
    1924    1097.1608
    1925    1155.1499
    1926    1218.3457
    1927    1270.0668
    1928    1296.5166
    1929    1290.6319
    1930    1253.8984
    1931    1195.8112
    1932    1131.2900
    1933    1076.7719
    1934    1045.9138
    1935    1045.9158
    1936    1075.4200
    1937    1124.7153
    1938    1178.3994
    1939    1219.8431
    1940    1236.1550
    1941    1222.1644
    1942    1182.1889
    1943    1128.9521
    1944    1079.8296
    1945    1051.4485
    1946    1054.2776
    1947    1088.9889
    1948    1145.9189
    1949    1208.0064
    1950    1256.3666
    1951    1276.6311
    1952    1263.7910
    1953    1223.8171
    1954    1171.5621
    1955    1125.7646
    1956    1102.8412
    1957    1111.5007
    1958    1149.9873
    1959    1206.8642
    1960    1265.0049
    1961    1307.3004
    1962    1322.0646
    1963    1306.3346
    1964    1266.1512
    1965    1214.0517
    1966    1164.8864
    1967    1131.3417
    1968    1120.3427
    1969    1131.3561
    1970    1157.3195
    1971    1187.7417
    1972    1212.3494
    1973    1223.8706
    1974    1219.4605
    1975    1200.8463
    1976    1173.4597
    1977    1144.8792
    1978    1122.9194
    1979    1113.6763
    1980    1119.8512
    1981    1139.7195
    1982    1167.1342
    1983    1192.8209
    1984    1206.8724
    1985    1201.8929
    1986    1175.8294
    1987    1133.4050
    1988    1085.3797
    1989    1045.5730
    1990    1026.4690
    1991    1034.8772
    1992    1069.2705
    1993    1119.9187
    1994    1171.9313
    1995    1210.2113
    1996    1224.5545
    1997    1213.0476
    1998    1182.5166
    1999    1145.8765
    2000    1117.3677
