#Frame              T
       1    1130.6487
       2    1234.4086
       3    1209.7452
       4    1142.7103
       5    1163.7173
       6    1159.5680
       7    1152.6327
       8    1053.4775
       9    1039.8823
      10     979.5348
      11     964.7824
      12    1113.8117
      13    1112.3154
      14     954.8796
      15     952.4132
      16     979.8676
      17    1007.9626
      18     995.6034
      19     870.5062
      20    1002.7279
      21    1016.3789
      22     939.0504
      23     983.2878
      24     994.6582
      25     949.4470
      26     946.1898
      27     893.1896
      28     880.4468
      29     870.4334
      30     950.8298
      31     883.8727
      32     909.2041
      33     864.3848
      34     928.1879
      35     897.1726
      36     937.8229
      37     900.4187
      38     857.7283
      39     930.3909
      40     905.4908
      41     892.8740
      42     840.5627
      43     820.6663
      44     879.4030
      45     819.3357
      46     853.3934
      47     883.0963
      48     853.9579
      49     902.4263
      50     805.3161
      51     870.1227
      52     881.8397
      53     843.2817
      54     781.9042
      55     808.6727
      56     811.0662
      57     786.8355
      58     803.3346
      59     825.1302
      60     754.4514
      61     698.6890
      62     809.1191
      63     778.0777
      64     809.6243
      65     743.3124
      66     735.1049
      67     701.2756
      68     645.1746
      69     690.5004
      70     719.4277
      71     746.3577
      72     695.2985
      73     682.1833
      74     664.0155
      75     677.1714
      76     643.8356
      77     646.5139
      78     626.1587
      79     642.8690
      80     646.6161
      81     627.6939
      82     628.4318
      83     676.4521
      84     652.5896
      85     634.5938
      86     658.7499
      87     697.8797
      88     727.5083
      89     639.6831
      90     683.7897
      91     699.8377
      92     648.0181
      93     668.8133
      94     736.8590
      95     705.8685
      96     707.0668
      97     598.2436
      98     704.5284
      99     668.0631
     100     713.9754
     101     637.5002
     102     663.7083
     103     628.5770
     104     687.2089
     105     686.9771
     106     693.6865
     107     650.4897
     108     681.1708
     109     649.1441
     110     570.7640
     111     577.5203
     112     654.9092
     113     652.5494
     114     633.3012
     115     646.5676
     116     660.0363
     117     650.7623
     118     592.4498
     119     627.1877
     120     610.1994
     121     599.7526
     122     611.4499
     123     626.5045
     124     631.0249
     125     548.6957
     126     570.3460
     127     609.0112
     128     601.7855
     129     614.7295
     130     602.0262
     131     579.1136
     132     625.8599
     133     591.2462
     134     608.3470
     135     620.6374
     136     538.6596
     137     611.7124
     138     586.6442
     139     615.8306
     140     604.4254
     141     563.9954
     142     600.7073
     143     614.0171
     144     575.7880
     145     594.1944
     146     530.2196
     147     560.3997
     148     514.5291
     149     586.4290
     150     563.4315
     151     569.1214
     152     568.0198
     153     537.6573
     154     603.6378
     155     602.6023
     156     570.2729
     157     571.7483
     158     554.2026
     159     497.8069
     160     526.1616
     161     585.9352
     162     565.0621
     163     521.3924
     164     494.8260
     165     523.1885
     166     575.7582
     167     587.6713
     168     583.1342
     169     564.7026
     170     525.8876
     171     576.7468
     172     533.0088
     173     566.1115
     174     567.3783
     175     568.9335
     176     566.7652
     177     536.1933
     178     581.0739
     179     602.4373
     180     574.7787
     181     571.2833
     182     563.1655
     183     576.7655
     184     552.3901
     185     508.3394
     186     477.6704
     187     593.2342
     188     460.5994
     189     572.2024
     190     510.8294
     191     505.6164
     192     558.2481
     193     528.0915
     194     530.4445
     195     540.4256
     196     524.5971
     197     492.3137
     198     536.7348
     199     513.2263
     200     483.8097
     201     513.8239
     202     508.6234
     203     478.5675
     204     467.3768
     205     490.8224
     206     496.6720
     207     490.3138
     208     459.6438
     209     543.6563
     210     532.3345
     211     556.7996
     212     529.1006
     213     503.5088
     214     529.0575
     215     547.6949
     216     487.2131
     217     489.3843
     218     491.9917
     219     540.1802
     220     478.0585
     221     484.2210
     222     480.2029
     223     521.8426
     224     444.0939
     225     471.5517
     226     449.0415
     227     483.9642
     228     473.9321
     229     461.8902
     230     486.2852
     231     446.4480
     232     485.5961
     233     485.4159
     234     426.8645
     235     481.8716
     236     448.1360
     237     475.5850
     238     448.4479
     239     419.6919
     240     425.1316
     241     431.9970
     242     406.2217
     243     442.2543
     244     473.7694
     245     437.3156
     246     465.8429
     247     486.6958
     248     482.2244
     249     466.2112
     250     502.0139
     251     451.6386
     252     468.4843
     253     437.8177
     254     477.5772
     255     435.0415
     256     418.7642
     257     415.6479
     258     434.3612
     259     450.3493
     260     434.0110
     261     488.3513
     262     491.1272
     263     465.7669
     264     451.9721
     265     427.0327
     266     397.4664
     267     445.0030
     268     463.3198
     269     437.7903
     270     446.8288
     271     438.8286
     272     444.1745
     273     504.0866
     274     485.8043
     275     446.7479
     276     411.0855
     277     448.2226
     278     449.7925
     279     476.9931
     280     450.7929
     281     452.1470
     282     428.8723
     283     427.9512
     284     456.8677
     285     421.6673
     286     440.1888
     287     454.3494
     288     462.8170
     289     417.1917
     290     447.7148
     291     408.1329
     292     456.6399
     293     454.1498
     294     426.7071
     295     444.8475
     296     442.7531
     297     442.1811
     298     467.5954
     299     430.8636
     300     433.9164
     301     453.5858
     302     450.0653
     303     442.5101
     304     398.8768
     305     434.3007
     306     457.2572
     307     425.2157
     308     421.2391
     309     437.8659
     310     424.4206
     311     420.0593
     312     412.7519
     313     458.7060
     314     441.9505
     315     400.0724
     316     385.1418
     317     403.5717
     318     456.7332
     319     393.5988
     320     419.9123
     321     432.1138
     322     402.7860
     323     409.9592
     324     394.8509
     325     409.0964
     326     409.7352
     327     379.4822
     328     371.4951
     329     387.2886
     330     401.3178
     331     378.6018
     332     382.8628
     333     378.9580
     334     404.3531
     335     381.7798
     336     365.6645
     337     389.6769
     338     373.4433
     339     395.2279
     340     379.0229
     341     377.7641
     342     382.0122
     343     422.1460
     344     366.5019
     345     383.2125
     346     392.7457
     347     378.8165
     348     386.3186
     349     418.0033
     350     399.0827
     351     399.8013
     352     383.4422
     353     360.0255
     354     409.6683
     355     394.0275
     356     364.8705
     357     400.6109
     358     392.4112
     359     349.3002
     360     398.8860
     361     337.7626
     362     406.9098
     363     355.3935
     364     372.7275
     365     379.1672
     366     388.1598
     367     386.4513
     368     366.6173
     369     350.4528
     370     368.3697
     371     378.6617
     372     403.2017
     373     378.8057
     374     386.7889
     375     345.0060
     376     369.7569
     377     369.4046
     378     374.3503
     379     322.3049
     380     354.1327
     381     369.5248
     382     360.1058
     383     398.7395
     384     383.1768
     385     361.6369
     386     399.1862
     387     375.9173
     388     361.8284
     389     364.1427
     390     373.7297
     391     378.9832
     392     411.6863
     393     375.4724
     394     378.5618
     395     391.2008
     396     382.1969
     397     392.7987
     398     371.2409
     399     354.5730
     400     363.9891
