#Frame              T
       1    2999.5144
       2    2892.8200
       3    2704.2777
       4    2475.8941
       5    2255.0065
       6    2080.7266
       7    1973.4158
       8    1930.4731
       9    1929.5975
      10    1938.1490
      11    1925.2606
      12    1872.6542
      13    1780.7947
      14    1668.6289
      15    1567.1658
      16    1509.0358
      17    1517.4008
      18    1597.7911
      19    1735.4781
      20    1899.2052
      21    2050.0355
      22    2152.5048
      23    2184.6134
      24    2143.6484
      25    2046.2045
      26    1922.5594
      27    1807.2855
      28    1729.1125
      29    1703.2983
      30    1728.8554
      31    1790.7831
      32    1864.9527
      33    1924.1575
      34    1946.5261
      35    1923.8826
      36    1864.4253
      37    1788.7624
      38    1722.2240
      39    1686.4610
      40    1692.7046
      41    1738.4312
      42    1808.2668
      43    1878.7590
      44    1925.5232
      45    1930.6156
      46    1887.9501
      47    1805.1936
      48    1701.6262
      49    1602.6532
      50    1532.5462
      51    1507.4622
      52    1530.7042
      53    1591.6974
      54    1669.1439
      55    1737.5205
      56    1774.9063
      57    1769.6300
      58    1723.6376
      59    1651.5722
      60    1575.9199
      61    1519.8015
      62    1499.7227
      63    1520.6275
      64    1574.7507
      65    1644.3384
      66    1706.9639
      67    1741.9620
      68    1736.7807
      69    1691.4615
      70    1619.0423
      71    1541.2540
      72    1481.1599
      73    1455.4850
      74    1469.2637
      75    1514.4930
      76    1573.1000
      77    1623.1307
      78    1646.0595
      79    1632.8202
      80    1586.6348
      81    1521.7984
      82    1458.8908
      83    1418.0092
      84    1412.2402
      85    1443.5394
      86    1502.4166
      87    1571.4511
      88    1631.2365
      89    1666.5514
      90    1670.7004
      91    1646.8098
      92    1605.9745
      93    1563.1385
      94    1532.1747
      95    1521.6936
      96    1532.7391
      97    1558.9039
      98    1588.7152
      99    1609.4876
     100    1611.4136
     101    1590.5876
     102    1550.0801
     103    1498.8270
     104    1448.7676
     105    1411.1421
     106    1393.0470
     107    1395.3313
     108    1412.5934
     109    1435.3371
     110    1453.4731
     111    1459.8373
     112    1452.5147
     113    1435.2902
     114    1416.1953
     115    1404.6878
     116    1408.4104
     117    1430.5719
     118    1468.7865
     119    1515.7599
     120    1561.6329
     121    1597.1770
     122    1616.6583
     123    1619.3795
     124    1609.4184
     125    1593.7463
     126    1579.4844
     127    1571.3741
     128    1570.3472
     129    1573.4533
     130    1574.9641
     131    1568.2774
     132    1548.1162
     133    1512.3969
     134    1463.2000
     135    1406.5512
     136    1351.0642
     137    1305.7316
     138    1277.3862
     139    1268.6090
     140    1276.9858
     141    1296.4132
     142    1320.0098
     143    1341.9123
     144    1356.3342
     145    1358.6874
     146    1350.2027
     147    1339.0928
     148    1336.4423
     149    1350.7487
     150    1384.0613
     151    1430.8369
     152    1479.6324
     153    1516.9376
     154    1531.8442
     155    1519.9625
     156    1485.2539
     157    1439.1096
     158    1396.8977
     159    1373.0375
     160    1376.1836
     161    1406.1693
     162    1453.8514
     163    1504.0356
     164    1540.5244
     165    1551.4656
     166    1533.1729
     167    1491.3522
     168    1439.4513
     169    1394.5005
     170    1371.6439
     171    1379.2364
     172    1416.2581
     173    1472.9016
     174    1533.9791
     175    1583.4884
     176    1608.3909
     177    1601.5247
     178    1564.3000
     179    1507.3288
     180    1447.2097
     181    1400.7825
     182    1379.5070
     183    1386.0139
     184    1413.7443
     185    1449.4838
     186    1477.7515
     187    1485.7710
     188    1467.7614
     189    1427.2133
     190    1376.1244
     191    1331.2679
     192    1308.7504
     193    1318.6775
     194    1361.6375
     195    1428.1150
     196    1501.0593
     197    1560.8588
     198    1591.2268
     199    1584.1723
     200    1542.4637
     201    1478.7351
     202    1411.4703
     203    1359.1555
     204    1334.5372
     205    1340.8921
     206    1371.4906
     207    1412.3278
     208    1447.1161
     209    1462.8462
     210    1454.0932
     211    1424.6951
     212    1386.2975
     213    1354.2888
     214    1342.4840
     215    1358.3179
     216    1400.1609
     217    1457.6752
     218    1515.0898
     219    1556.2500
     220    1569.7148
     221    1552.2258
     222    1509.4926
     223    1454.1482
     224    1401.6340
     225    1365.3755
     226    1352.7942
     227    1363.3882
     228    1389.4301
     229    1418.9603
     230    1439.9907
     231    1444.4608
     232    1430.6719
     233    1403.4985
     234    1372.4474
     235    1348.2810
     236    1339.3332
     237    1348.7569
     238    1373.6745
     239    1406.5447
     240    1438.1170
     241    1460.6928
     242    1470.4484
     243    1468.2176
     244    1458.8004
     245    1449.2326
     246    1446.5840
     247    1455.8393
     248    1478.3787
     249    1511.4688
     250    1548.8921
     251    1582.5381
     252    1604.5273
     253    1609.2810
     254    1594.9735
     255    1563.9286
     256    1521.8413
     257    1476.0687
     258    1433.5509
     259    1399.0526
     260    1374.2284
     261    1357.7211
     262    1346.1648
     263    1335.7252
     264    1323.6673
     265    1309.4274
     266    1294.8276
     267    1283.3805
     268    1278.9916
     269    1284.5948
     270    1301.2124
     271    1327.6500
     272    1360.7434
     273    1395.9453
     274    1428.0862
     275    1452.2504
     276    1464.7565
     277    1464.0430
     278    1451.1183
     279    1429.3206
     280    1403.4098
     281    1378.2903
     282    1357.8194
     283    1344.1106
     284    1337.4468
     285    1336.6356
     286    1339.6029
     287    1344.2191
     288    1349.2705
     289    1355.1013
     290    1363.3946
     291    1376.1048
     292    1394.1226
     293    1416.4049
     294    1440.0222
     295    1461.1162
     296    1476.3349
     297    1484.1183
     298    1485.3041
     299    1482.8215
     300    1480.5469
     301    1481.6735
     302    1487.1623
     303    1494.9417
     304    1500.3487
     305    1497.8125
     306    1483.2395
     307    1456.1651
     308    1420.7193
     309    1384.8436
     310    1357.8509
     311    1347.1060
     312    1355.0425
     313    1377.7163
     314    1405.6087
     315    1426.6053
     316    1430.2199
     317    1411.6141
     318    1373.9121
     319    1327.8018
     320    1288.2953
     321    1269.5613
     322    1279.6163
     323    1317.0036
     324    1370.8926
     325    1424.6117
     326    1461.2622
     327    1469.4267
     328    1447.0382
     329    1402.0948
     330    1349.9302
     331    1307.9783
     332    1289.8425
     333    1300.7045
     334    1335.5989
     335    1381.1071
     336    1419.9025
     337    1436.6488
     338    1423.2576
     339    1381.6989
     340    1323.4073
     341    1265.4917
     342    1225.0590
     343    1213.5789
     344    1233.2061
     345    1276.2888
     346    1328.1084
     347    1371.7871
     348    1393.6606
     349    1387.3940
     350    1355.5953
     351    1308.5282
     352    1260.4850
     353    1225.1051
     354    1211.2218
     355    1220.5445
     356    1247.8041
     357    1283.1126
     358    1315.5644
     359    1336.7941
     360    1343.3603
     361    1337.3460
     362    1325.1767
     363    1315.2093
     364    1314.9375
     365    1328.6858
     366    1356.4356
     367    1394.0213
     368    1434.4841
     369    1470.0440
     370    1494.0345
     371    1502.3023
     372    1493.8977
     373    1471.1423
     374    1439.2548
     375    1405.5818
     376    1378.2918
     377    1364.4818
     378    1368.1086
     379    1388.6068
     380    1420.7898
     381    1455.9808
     382    1484.0322
     383    1495.8835
     384    1486.1356
     385    1454.9079
     386    1408.2758
     387    1356.9320
     388    1313.2504
     389    1287.5150
     390    1284.4685
     391    1301.4186
     392    1328.7651
     393    1353.0148
     394    1361.4093
     395    1346.6085
     396    1309.7387
     397    1260.6086
     398    1214.8605
     399    1188.9045
     400    1194.3024
     401    1233.5229
     402    1298.5921
     403    1373.2153
     404    1437.7668
     405    1475.5228
     406    1478.0426
     407    1447.8482
     408    1397.4780
     409    1345.2301
     410    1309.0180
     411    1300.3913
     412    1320.7281
     413    1360.9172
     414    1404.6885
     415    1434.4500
     416    1437.5466
     417    1410.7059
     418    1361.1369
     419    1303.9774
     420    1257.0604
     421    1234.8448
     422    1243.5906
     423    1279.3855
     424    1329.6482
     425    1377.5077
     426    1407.5132
     427    1410.6791
     428    1387.1834
     429    1345.8501
     430    1300.7221
     431    1266.0819
     432    1251.7685
     433    1260.3474
     434    1286.8390
     435    1320.8367
     436    1350.1804
     437    1364.9748
     438    1360.6906
     439    1339.4097
     440    1308.8814
     441    1279.7689
     442    1262.0475
     443    1261.7516
     444    1279.1383
     445    1308.8053
     446    1341.6752
     447    1368.1286
     448    1381.2266
     449    1378.9340
     450    1364.6044
     451    1345.6185
     452    1330.7279
     453    1327.0981
     454    1338.0620
     455    1362.2587
     456    1394.2989
     457    1426.6160
     458    1451.8218
     459    1464.8235
     460    1464.0967
     461    1451.8128
     462    1432.8670
     463    1413.2547
     464    1398.4175
     465    1391.9624
     466    1394.9033
     467    1405.5062
     468    1419.7827
     469    1432.5409
     470    1438.7363
     471    1434.7855
     472    1419.5332
     473    1394.6493
     474    1364.3603
     475    1334.5341
     476    1311.2476
     477    1299.1378
     478    1299.9995
     479    1312.1651
     480    1330.9701
     481    1350.1777
     482    1363.8948
     483    1368.3834
     484    1363.1859
     485    1351.1663
     486    1337.4025
     487    1327.2845
     488    1324.4860
     489    1329.5396
     490    1339.5435
     491    1349.1475
     492    1352.5128
     493    1345.5733
     494    1327.7756
     495    1302.6246
     496    1276.7692
     497    1257.9038
     498    1252.2184
     499    1262.2881
     500    1286.1290
     501    1317.7626
     502    1349.1618
     503    1372.9612
     504    1384.9537
     505    1385.4078
     506    1378.7067
     507    1371.4724
     508    1369.8817
     509    1377.1513
     510    1392.1111
     511    1409.4178
     512    1421.3887
     513    1420.8320
     514    1403.8710
     515    1371.7115
     516    1330.6656
     517    1290.3604
     518    1260.7165
     519    1248.7250
     520    1256.1381
     521    1278.8812
     522    1308.4123
     523    1334.5796
     524    1348.9892
     525    1347.7123
     526    1332.4076
     527    1309.5124
     528    1287.8505
     529    1275.5084
     530    1277.0653
     531    1292.0817
     532    1315.3154
     533    1338.5551
     534    1353.4414
     535    1354.3292
     536    1340.2564
     537    1315.4141
     538    1288.0071
     539    1267.8625
     540    1263.4422
     541    1279.1151
     542    1313.5675
     543    1360.0019
     544    1408.1686
     545    1447.5889
     546    1470.8484
     547    1475.8162
     548    1466.0562
     549    1449.3422
     550    1434.8205
     551    1429.8157
     552    1437.3585
     553    1455.2610
     554    1477.0042
     555    1494.0582
     556    1498.7963
     557    1487.0323
     558    1459.3689
     559    1420.9518
     560    1379.7685
     561    1344.2004
     562    1320.7724
     563    1312.6910
     564    1319.2418
     565    1336.0163
     566    1356.0040
     567    1371.3908
     568    1375.6480
     569    1365.3474
     570    1341.2334
     571    1308.2457
     572    1274.4415
     573    1249.0124
     574    1239.8451
     575    1251.2571
     576    1282.5481
     577    1327.8359
     578    1377.3003
     579    1419.5925
     580    1444.8289
     581    1447.3868
     582    1427.6576
     583    1392.1281
     584    1351.6044
     585    1317.9956
     586    1300.6135
     587    1303.1912
     588    1322.6509
     589    1350.1030
     590    1373.8086
     591    1383.1730
     592    1372.4627
     593    1342.9726
     594    1302.8551
     595    1264.5894
     596    1240.8928
     597    1240.4061
     598    1264.6059
     599    1307.0234
     600    1355.1081
     601    1394.1933
     602    1412.2748
     603    1403.9897
     604    1372.4272
     605    1328.1530
     606    1285.7684
     607    1259.1365
     608    1256.8470
     609    1279.4284
     610    1319.2623
     611    1363.2205
     612    1397.1327
     613    1410.5339
     614    1400.0647
     615    1370.3909
     616    1332.3985
     617    1299.3535
     618    1282.3513
     619    1286.5240
     620    1309.2456
     621    1341.0013
     622    1368.7203
     623    1380.3658
     624    1369.0867
     625    1335.5267
     626    1287.6566
     627    1238.2574
     628    1200.8434
     629    1185.3142
     630    1194.7855
     631    1224.6956
     632    1264.4837
     633    1301.2267
     634    1323.9661
     635    1327.2938
     636    1313.0400
     637    1289.4422
     638    1267.8208
     639    1257.8697
     640    1263.8342
     641    1283.5035
     642    1309.8493
     643    1333.8613
     644    1347.4728
     645    1345.8970
     646    1328.8360
     647    1300.2685
     648    1266.9667
     649    1236.3277
     650    1214.2707
     651    1203.8468
     652    1204.9081
     653    1214.7969
     654    1229.6782
     655    1245.9518
     656    1261.2123
     657    1274.4930
     658    1285.9211
     659    1296.1708
     660    1306.0733
     661    1316.4732
     662    1328.1843
     663    1341.8695
     664    1357.7559
     665    1375.2557
     666    1392.6604
     667    1407.1228
     668    1415.0787
     669    1413.1106
     670    1399.0930
     671    1373.2607
     672    1338.7316
     673    1301.1233
     674    1267.2213
     675    1243.0760
     676    1232.1936
     677    1234.4844
     678    1246.3723
     679    1262.0489
     680    1275.4573
     681    1282.3571
     682    1281.7890
     683    1276.4114
     684    1271.5101
     685    1272.9538
     686    1284.8073
     687    1307.4625
     688    1336.9939
     689    1366.0628
     690    1386.1754
     691    1390.6080
     692    1376.9882
     693    1348.5467
     694    1313.4647
     695    1282.4102
     696    1265.0289
     697    1266.5781
     698    1285.9081
     699    1315.5693
     700    1344.1481
     701    1360.1418
     702    1356.0762
     703    1331.3539
     704    1292.7216
     705    1252.1155
     706    1222.5965
     707    1213.7879
     708    1228.4304
     709    1261.2839
     710    1300.8126
     711    1333.1434
     712    1347.0225
     713    1338.1257
     714    1311.1112
     715    1278.2735
     716    1254.7826
     717    1252.4339
     718    1275.1024
     719    1317.7532
     720    1368.4768
     721    1412.2759
     722    1435.6300
     723    1430.7519
     724    1398.2332
     725    1347.0796
     726    1291.9635
     727    1248.5213
     728    1228.2429
     729    1234.7132
     730    1262.5320
     731    1299.3354
     732    1330.2375
     733    1343.1333
     734    1332.9212
     735    1303.0491
     736    1263.8249
     737    1228.3586
     738    1207.9478
     739    1208.5599
     740    1229.2663
     741    1262.8243
     742    1298.1326
     743    1323.7995
     744    1331.6941
     745    1319.3618
     746    1290.5893
     747    1254.0530
     748    1220.5850
     749    1199.9175
     750    1197.8760
     751    1214.9497
     752    1246.7568
     753    1285.9636
     754    1324.5924
     755    1355.8948
     756    1375.4944
     757    1381.8230
     758    1376.0096
     759    1361.4279
     760    1342.9860
     761    1326.1015
     762    1315.3978
     763    1313.4167
     764    1319.7499
     765    1330.9438
     766    1341.3123
     767    1344.5171
     768    1335.5334
     769    1312.4305
     770    1277.4313
     771    1236.8552
     772    1199.7807
     773    1175.5194
     774    1170.5085
     775    1185.9206
     776    1217.2389
     777    1255.8505
     778    1291.7434
     779    1316.3786
     780    1325.0725
     781    1318.2976
     782    1301.4937
     783    1283.3828
     784    1273.2420
     785    1277.9606
     786    1299.7730
     787    1335.3648
     788    1376.5689
     789    1412.4239
     790    1432.1327
     791    1428.3380
     792    1399.7611
     793    1352.0801
     794    1296.4692
     795    1246.2261
     796    1212.6337
     797    1201.4291
     798    1211.0466
     799    1233.2497
     800    1255.9962
     801    1267.6161
     802    1260.9091
     803    1235.7417
     804    1199.2069
     805    1163.2173
     806    1140.3410
     807    1139.3521
     808    1162.1457
     809    1203.2255
     810    1251.9839
     811    1296.6946
     812    1328.0497
     813    1340.7680
     814    1334.2314
     815    1313.1123
     816    1286.5797
     817    1265.1752
     818    1256.7822
     819    1263.6376
     820    1281.5346
     821    1301.3887
     822    1312.5294
     823    1306.5672
     824    1280.5232
     825    1238.1813
     826    1189.2036
     827    1146.2869
     828    1121.2629
     829    1121.3979
     830    1147.0750
     831    1191.6171
     832    1243.3115
     833    1288.9968
     834    1318.0640
     835    1325.5762
     836    1313.5459
     837    1290.0045
     838    1266.2314
     839    1253.0200
     840    1257.1301
     841    1279.0112
     842    1312.5173
     843    1346.7359
     844    1369.4054
     845    1370.8722
     846    1347.3140
     847    1302.1693
     848    1245.2787
     849    1189.9980
     850    1149.2011
     851    1131.4511
     852    1138.5590
     853    1165.2994
     854    1201.3147
     855    1234.5077
     856    1254.7624
     857    1256.8267
     858    1241.5287
     859    1215.0648
     860    1186.6843
     861    1165.5810
     862    1158.0069
     863    1165.5134
     864    1184.8082
     865    1209.1603
     866    1230.7554
     867    1243.1562
     868    1243.0717
     869    1230.9808
     870    1210.6328
     871    1187.8042
     872    1168.7784
     873    1158.9318
     874    1161.6285
     875    1177.5524
     876    1204.5444
     877    1237.9658
     878    1271.5704
     879    1298.7742
     880    1314.1191
     881    1314.6296
     882    1300.7022
     883    1276.2185
     884    1247.7387
     885    1222.8807
     886    1208.2446
     887    1207.4164
     888    1219.6576
     889    1239.7989
     890    1259.5662
     891    1270.0910
     892    1264.8563
     893    1242.0935
     894    1205.7471
     895    1164.5853
     896    1129.6376
     897    1110.7349
     898    1113.2801
     899    1136.3598
     900    1172.8822
     901    1211.7460
     902    1241.3421
     903    1253.2370
     904    1244.8272
     905    1220.1071
     906    1188.2792
     907    1160.6472
     908    1146.8071
     909    1151.4205
     910    1172.6145
     911    1202.5118
     912    1229.8192
     913    1243.8004
     914    1238.2885
     915    1214.1509
     916    1179.1917
     917    1145.5400
     918    1125.4888
     919    1127.2582
     920    1152.1508
     921    1194.0836
     922    1241.6542
     923    1282.0346
     924    1305.3420
     925    1307.9705
     926    1293.7145
     927    1272.2996
     928    1255.8475
     929    1254.5509
     930    1273.0953
     931    1309.0354
     932    1353.6096
     933    1394.6530
     934    1420.5722
     935    1424.0417
     936    1404.1915
     937    1366.5846
     938    1321.0651
     939    1278.2982
     940    1246.2561
     941    1227.8803
     942    1220.7021
     943    1218.4643
     944    1214.0691
     945    1202.6497
     946    1183.5184
     947    1160.2427
     948    1139.0058
     949    1126.1650
     950    1126.0539
     951    1139.6773
     952    1164.5398
     953    1195.5464
     954    1226.6362
     955    1252.5553
     956    1270.1533
     957    1278.7909
     958    1279.8263
     959    1275.5176
     960    1267.9002
     961    1258.1465
     962    1246.6323
     963    1233.5481
     964    1219.6035
     965    1206.3285
     966    1195.6899
     967    1189.1279
     968    1186.4992
     969    1185.5726
     970    1182.5294
     971    1173.4743
     972    1156.4445
     973    1133.0420
     974    1108.8002
     975    1091.8464
     976    1090.1500
     977    1108.3176
     978    1145.2195
     979    1193.5097
     980    1241.4192
     981    1276.3296
     982    1288.9312
     983    1276.4838
     984    1243.9826
     985    1202.7114
     986    1166.5698
     987    1147.3458
     988    1150.5469
     989    1173.3133
     990    1205.2924
     991    1232.3043
     992    1241.5740
     993    1226.6339
     994    1190.0531
     995    1142.9037
     996    1101.0590
     997    1079.5928
     998    1087.2964
     999    1123.3486
    1000    1177.4281
    1001    1233.2740
    1002    1274.4427
    1003    1290.1176
    1004    1278.8656
    1005    1248.9387
    1006    1215.0146
    1007    1192.6120
    1008    1192.2784
    1009    1215.7368
    1010    1255.3986
    1011    1297.3533
    1012    1326.6252
    1013    1332.6927
    1014    1313.2436
    1015    1274.8757
    1016    1230.5797
    1017    1195.0095
    1018    1179.3462
    1019    1187.6652
    1020    1216.0792
    1021    1254.6996
    1022    1291.2774
    1023    1315.0384
    1024    1319.8117
    1025    1305.9482
    1026    1280.1496
    1027    1252.6971
    1028    1233.0809
    1029    1226.0751
    1030    1229.9866
    1031    1237.7011
    1032    1239.9560
    1033    1229.4371
    1034    1204.0248
    1035    1167.8858
    1036    1129.9672
    1037    1100.4940
    1038    1086.9017
    1039    1090.8650
    1040    1107.6522
    1041    1128.0666
    1042    1142.1735
    1043    1143.2931
    1044    1130.6392
    1045    1109.5590
    1046    1089.2794
    1047    1079.0921
    1048    1084.5229
    1049    1105.0601
    1050    1134.3611
    1051    1162.8580
    1052    1181.7083
    1053    1186.5324
    1054    1179.4393
    1055    1168.4168
    1056    1164.1303
    1057    1175.3296
    1058    1204.9075
    1059    1248.4243
    1060    1295.6395
    1061    1334.2374
    1062    1354.2332
    1063    1351.5028
    1064    1329.2176
    1065    1296.6712
    1066    1265.8961
    1067    1247.2678
    1068    1245.7163
    1069    1258.9527
    1070    1278.4036
    1071    1292.5327
    1072    1291.3182
    1073    1270.1929
    1074    1231.9724
    1075    1186.0482
    1076    1145.1435
    1077    1120.8377
    1078    1119.5128
    1079    1140.2023
    1080    1175.0834
    1081    1212.3572
    1082    1240.3959
    1083    1251.6437
    1084    1244.8865
    1085    1225.1108
    1086    1201.1143
    1087    1181.8912
    1088    1173.2410
    1089    1175.8563
    1090    1185.4900
    1091    1194.9936
    1092    1197.3534
    1093    1188.5601
    1094    1169.2480
    1095    1144.4928
    1096    1121.8337
    1097    1108.3057
    1098    1107.7051
    1099    1119.2166
    1100    1137.9380
    1101    1157.0426
    1102    1170.6598
    1103    1176.2662
    1104    1175.5980
    1105    1173.7000
    1106    1176.5076
    1107    1187.9719
    1108    1207.9347
    1109    1231.6360
    1110    1251.1007
    1111    1257.9324
    1112    1246.5243
    1113    1216.5121
    1114    1173.4782
    1115    1127.4787
    1116    1089.8038
    1117    1069.1452
    1118    1068.6184
    1119    1084.8004
    1120    1109.1890
    1121    1131.5416
    1122    1143.7973
    1123    1143.0736
    1124    1132.6453
    1125    1120.6164
    1126    1116.8261
    1127    1129.1558
    1128    1160.5598
    1129    1207.8209
    1130    1262.3710
    1131    1312.8194
    1132    1348.3053
    1133    1361.5929
    1134    1350.9623
    1135    1320.3901
    1136    1278.0758
    1137    1233.8855
    1138    1196.5554
    1139    1171.5010
    1140    1159.9027
    1141    1159.2815
    1142    1165.1672
    1143    1173.0562
    1144    1179.9289
    1145    1184.9714
    1146    1189.4120
    1147    1195.6285
    1148    1205.9314
    1149    1221.5174
    1150    1241.9541
    1151    1265.2678
    1152    1288.4719
    1153    1308.2753
    1154    1321.7456
    1155    1326.7780
    1156    1322.3381
    1157    1308.5109
    1158    1286.4415
    1159    1258.2459
    1160    1226.9152
    1161    1196.1145
    1162    1169.7154
    1163    1151.0034
    1164    1141.7232
    1165    1141.3396
    1166    1146.9305
    1167    1153.9363
    1168    1157.6248
    1169    1154.7823
    1170    1145.0111
    1171    1131.1125
    1172    1118.3193
    1173    1112.5375
    1174    1118.1757
    1175    1136.3914
    1176    1164.4974
    1177    1196.7951
    1178    1226.3397
    1179    1246.7417
    1180    1253.5962
    1181    1245.8092
    1182    1226.4615
    1183    1202.1363
    1184    1180.5409
    1185    1167.5347
    1186    1164.9259
    1187    1169.8724
    1188    1176.0381
    1189    1176.0334
    1190    1164.2320
    1191    1138.9783
    1192    1103.4121
    1193    1064.6556
    1194    1031.6647
    1195    1012.5103
    1196    1011.9809
    1197    1030.2468
    1198    1062.9251
    1199    1102.4797
    1200    1140.4853
    1201    1170.0378
    1202    1187.5508
    1203    1193.3996
    1204    1191.2886
    1205    1186.6495
    1206    1184.6547
    1207    1188.4911
    1208    1198.3992
    1209    1211.7320
    1210    1223.9748
    1211    1230.3714
    1212    1227.6125
    1213    1215.0470
    1214    1195.0680
    1215    1172.5903
    1216    1153.7774
    1217    1144.3482
    1218    1147.9454
    1219    1165.0820
    1220    1192.9989
    1221    1226.4462
    1222    1259.0784
    1223    1284.9966
    1224    1300.0133
    1225    1302.3784
    1226    1292.9030
    1227    1274.5692
    1228    1251.7814
    1229    1229.4010
    1230    1211.6738
    1231    1201.2045
    1232    1198.2015
    1233    1200.2781
    1234    1203.0243
    1235    1201.3642
    1236    1191.3674
    1237    1171.9230
    1238    1145.6266
    1239    1118.4620
    1240    1098.2459
    1241    1092.2266
    1242    1104.5513
    1243    1134.4653
    1244    1175.9522
    1245    1219.0704
    1246    1252.6657
    1247    1267.6558
    1248    1259.8638
    1249    1231.4781
    1250    1190.6425
    1251    1149.2575
    1252    1119.5835
    1253    1110.5669
    1254    1124.9497
    1255    1158.1558
    1256    1199.4763
    1257    1235.3213
    1258    1253.5448
    1259    1247.4432
    1260    1218.1218
    1261    1174.3983
    1262    1130.1894
    1263    1100.1728
    1264    1095.0873
    1265    1118.1025
    1266    1163.3437
    1267    1217.2262
    1268    1262.5964
    1269    1284.5384
    1270    1275.6444
    1271    1238.6163
    1272    1185.2801
    1273    1132.5482
    1274    1096.8563
    1275    1088.9757
    1276    1110.8229
    1277    1155.1906
    1278    1208.3692
    1279    1254.6947
    1280    1281.4428
    1281    1282.5024
    1282    1259.8089
    1283    1222.3044
    1284    1182.8750
    1285    1154.2382
    1286    1145.0274
    1287    1157.2519
    1288    1185.8803
    1289    1220.6201
    1290    1249.2922
    1291    1261.7525
    1292    1253.1569
    1293    1225.5791
    1294    1187.4577
    1295    1150.9776
    1296    1128.1477
    1297    1126.8465
    1298    1148.2325
    1299    1186.3994
    1300    1230.2642
    1301    1266.9661
    1302    1285.6968
    1303    1280.8247
    1304    1253.3682
    1305    1210.3954
    1306    1162.6315
    1307    1121.1587
    1308    1094.3248
    1309    1085.7631
    1310    1093.9667
    1311    1113.3337
    1312    1136.2407
    1313    1155.4420
    1314    1166.0741
    1315    1166.7100
    1316    1159.2755
    1317    1148.0088
    1318    1137.8911
    1319    1133.0620
    1320    1135.6491
    1321    1145.2546
    1322    1159.1289
    1323    1172.9338
    1324    1181.9117
    1325    1182.2013
    1326    1171.9760
    1327    1152.1128
    1328    1126.2074
    1329    1099.9095
    1330    1079.7014
    1331    1071.3725
    1332    1078.5337
    1333    1101.5438
    1334    1137.1416
    1335    1178.8891
    1336    1218.3706
    1337    1247.0089
    1338    1258.2728
    1339    1249.7139
    1340    1223.9664
    1341    1188.1114
    1342    1151.5303
    1343    1122.9922
    1344    1107.9749
    1345    1107.1043
    1346    1116.2434
    1347    1128.2206
    1348    1135.6187
    1349    1133.6309
    1350    1121.9779
    1351    1105.2651
    1352    1091.6546
    1353    1090.2149
    1354    1107.7452
    1355    1146.1516
    1356    1201.3077
    1357    1263.7965
    1358    1321.2643
    1359    1361.6611
    1360    1376.4464
    1361    1362.8415
    1362    1324.4632
    1363    1270.1836
    1364    1211.6059
    1365    1159.9200
    1366    1123.0473
    1367    1103.8902
    1368    1100.1715
    1369    1105.8592
    1370    1113.6569
    1371    1117.7279
    1372    1115.7512
    1373    1109.6332
    1374    1104.6268
    1375    1107.1577
    1376    1122.1696
    1377    1151.0357
    1378    1190.8008
    1379    1234.9195
    1380    1275.1300
    1381    1303.7806
    1382    1315.8347
    1383    1309.9212
    1384    1288.1928
    1385    1255.1980
    1386    1216.3190
    1387    1176.4200
    1388    1139.1419
    1389    1106.9108
    1390    1081.3472
    1391    1063.6641
    1392    1054.7637
    1393    1054.9938
    1394    1063.7449
    1395    1079.1214
    1396    1097.8518
    1397    1115.5965
    1398    1127.8952
    1399    1131.7041
    1400    1126.7121
    1401    1115.4911
    1402    1102.3766
    1403    1091.8027
    1404    1086.8563
    1405    1088.3756
    1406    1094.7166
    1407    1102.2739
    1408    1106.7134
    1409    1104.6123
    1410    1095.0103
    1411    1080.3299
    1412    1066.2654
    1413    1060.5578
    1414    1070.6083
    1415    1099.8951
    1416    1144.9037
    1417    1195.8168
    1418    1240.5903
    1419    1269.1235
    1420    1276.1188
    1421    1262.4678
    1422    1234.8491
    1423    1203.4965
    1424    1178.7884
    1425    1167.8455
    1426    1172.3580
    1427    1188.4013
    1428    1208.2083
    1429    1223.1712
    1430    1226.9508
    1431    1217.5986
    1432    1198.0170
    1433    1174.6786
    1434    1155.1525
    1435    1145.3693
    1436    1147.6011
    1437    1159.8220
    1438    1176.5863
    1439    1191.0167
    1440    1197.1274
    1441    1191.6779
    1442    1174.9857
    1443    1150.5433
    1444    1123.7234
    1445    1100.1222
    1446    1084.1297
    1447    1078.0903
    1448    1082.1467
    1449    1094.6153
    1450    1112.6642
    1451    1133.0396
    1452    1152.6673
    1453    1169.0415
    1454    1180.4403
    1455    1186.0453
    1456    1186.0399
    1457    1181.6531
    1458    1175.0370
    1459    1168.8611
    1460    1165.6177
    1461    1166.7941
    1462    1172.1841
    1463    1179.6567
    1464    1185.5834
    1465    1185.9151
    1466    1177.6223
    1467    1159.9957
    1468    1135.2893
    1469    1108.3874
    1470    1085.5074
    1471    1072.2710
    1472    1071.7296
    1473    1083.0506
    1474    1101.4408
    1475    1119.5051
    1476    1129.6877
    1477    1126.9471
    1478    1110.6578
    1479    1084.9902
    1480    1057.5758
    1481    1036.8943
    1482    1029.2813
    1483    1036.6173
    1484    1055.5390
    1485    1078.4896
    1486    1096.2698
    1487    1101.1984
    1488    1089.7798
    1489    1063.9775
    1490    1030.6885
    1491     999.6137
    1492     980.2132
    1493     978.7139
    1494     996.1415
    1495    1028.0304
    1496    1065.9333
    1497    1100.2135
    1498    1123.1885
    1499    1131.5482
    1500    1127.2439
    1501    1116.5746
    1502    1107.8332
    1503    1108.3492
    1504    1121.9327
    1505    1147.5571
    1506    1179.6894
    1507    1210.1333
    1508    1230.7351
    1509    1236.0219
    1510    1224.8754
    1511    1200.7240
    1512    1170.2847
    1513    1141.3646
    1514    1120.4847
    1515    1111.0832
    1516    1112.8129
    1517    1122.0677
    1518    1133.4714
    1519    1141.7684
    1520    1143.4617
    1521    1137.6894
    1522    1126.1205
    1523    1112.0067
    1524    1098.7977
    1525    1088.8610
    1526    1082.7753
    1527    1079.4378
    1528    1076.8810
    1529    1073.4144
    1530    1068.5550
    1531    1063.3323
    1532    1059.8622
    1533    1060.4766
    1534    1066.8516
    1535    1079.4491
    1536    1097.3576
    1537    1118.5289
    1538    1140.3178
    1539    1160.1501
    1540    1176.0675
    1541    1186.9548
    1542    1192.4064
    1543    1192.3775
    1544    1186.8530
    1545    1175.7321
    1546    1159.0149
    1547    1137.2163
    1548    1111.7873
    1549    1085.2724
    1550    1061.0373
    1551    1042.5969
    1552    1032.7525
    1553    1032.8460
    1554    1042.4054
    1555    1059.3298
    1556    1080.5719
    1557    1103.0837
    1558    1124.6757
    1559    1144.4361
    1560    1162.5134
    1561    1179.3390
    1562    1194.6377
    1563    1206.7178
    1564    1212.4605
    1565    1208.1416
    1566    1190.8463
    1567    1159.9549
    1568    1118.1058
    1569    1071.1815
    1570    1027.1739
    1571     994.1844
    1572     978.1372
    1573     980.9624
    1574     999.9109
    1575    1028.3320
    1576    1057.7418
    1577    1080.5408
    1578    1092.4623
    1579    1093.8732
    1580    1089.4169
    1581    1086.0845
    1582    1090.4096
    1583    1105.8299
    1584    1131.1904
    1585    1160.9101
    1586    1186.7456
    1587    1200.5766
    1588    1197.2933
    1589    1176.8115
    1590    1144.4435
    1591    1109.4188
    1592    1082.0251
    1593    1070.3576
    1594    1077.7719
    1595    1101.8357
    1596    1135.0724
    1597    1167.2398
    1598    1188.4205
    1599    1191.9654
    1600    1176.3738
    1601    1145.5606
    1602    1107.4683
    1603    1071.5123
    1604    1045.6791
    1605    1034.1964
    1606    1036.4850
    1607    1047.7195
    1608    1060.7833
    1609    1068.9092
    1610    1068.0639
    1611    1058.2701
    1612    1043.4906
    1613    1030.2181
    1614    1025.2858
    1615    1033.5846
    1616    1056.3678
    1617    1090.6570
    1618    1129.9478
    1619    1166.0125
    1620    1191.2391
    1621    1200.7742
    1622    1193.7927
    1623    1173.4931
    1624    1145.8131
    1625    1117.3379
    1626    1093.2506
    1627    1076.1565
    1628    1066.0872
    1629    1061.3397
    1630    1059.5937
    1631    1058.9390
    1632    1058.6371
    1633    1059.3964
    1634    1062.9838
    1635    1071.2677
    1636    1085.1205
    1637    1103.6992
    1638    1124.4393
    1639    1143.7696
    1640    1158.2413
    1641    1165.5998
    1642    1165.3763
    1643    1158.8268
    1644    1148.3287
    1645    1136.5254
    1646    1125.5520
    1647    1116.5940
    1648    1109.8870
    1649    1105.0767
    1650    1101.7248
    1651    1099.6966
    1652    1099.2608
    1653    1100.8818
    1654    1104.8373
    1655    1110.8738
    1656    1118.0968
    1657    1125.1761
    1658    1130.7937
    1659    1134.1227
    1660    1135.0975
    1661    1134.3281
    1662    1132.6926
    1663    1130.7764
    1664    1128.3854
    1665    1124.3442
    1666    1116.7578
    1667    1103.7659
    1668    1084.5731
    1669    1060.3094
    1670    1034.2700
    1671    1011.3262
    1672     996.6331
    1673     994.0401
    1674    1004.7352
    1675    1026.6195
    1676    1054.6776
    1677    1082.2858
    1678    1103.1044
    1679    1112.9831
    1680    1111.2706
    1681    1101.0660
    1682    1088.2548
    1683    1079.5799
    1684    1080.3785
    1685    1092.7710
    1686    1114.9378
    1687    1141.7173
    1688    1166.3019
    1689    1182.4649
    1690    1186.5790
    1691    1178.7617
    1692    1162.7754
    1693    1144.7389
    1694    1131.0817
    1695    1126.4031
    1696    1131.9378
    1697    1145.1587
    1698    1160.6972
    1699    1172.2809
    1700    1174.9620
    1701    1166.7627
    1702    1149.1299
    1703    1126.0956
    1704    1102.5781
    1705    1082.5613
    1706    1067.8754
    1707    1057.9606
    1708    1050.5607
    1709    1042.9600
    1710    1033.2273
    1711    1020.9880
    1712    1007.4624
    1713     994.8336
    1714     985.2874
    1715     980.1706
    1716     979.5972
    1717     982.6095
    1718     987.7672
    1719     993.8900
    1720    1000.6240
    1721    1008.5789
    1722    1018.9622
    1723    1032.8315
    1724    1050.2813
    1725    1069.9492
    1726    1089.1376
    1727    1104.5954
    1728    1113.7057
    1729    1115.6210
    1730    1111.8397
    1731    1105.8691
    1732    1102.0025
    1733    1103.6973
    1734    1112.2742
    1735    1126.4754
    1736    1143.0032
    1737    1157.7825
    1738    1167.4765
    1739    1170.6995
    1740    1168.4567
    1741    1163.6210
    1742    1159.6320
    1743    1158.9386
    1744    1161.8547
    1745    1166.3567
    1746    1168.9416
    1747    1166.1609
    1748    1156.1565
    1749    1139.5317
    1750    1119.1865
    1751    1099.1868
    1752    1083.1362
    1753    1072.7444
    1754    1067.1875
    1755    1063.5382
    1756    1058.0922
    1757    1048.0585
    1758    1032.9096
    1759    1014.8265
    1760     998.0400
    1761     987.2881
    1762     985.9456
    1763     994.5200
    1764    1010.1502
    1765    1027.4131
    1766    1040.2183
    1767    1044.0893
    1768    1037.9478
    1769    1024.6829
    1770    1010.2294
    1771    1001.4621
    1772    1003.6942
    1773    1018.7328
    1774    1044.2152
    1775    1074.4381
    1776    1102.3357
    1777    1121.8522
    1778    1129.8514
    1779    1126.9277
    1780    1116.9261
    1781    1105.3958
    1782    1097.4667
    1783    1095.8745
    1784    1099.9998
    1785    1106.4196
    1786    1110.6331
    1787    1109.0809
    1788    1100.6333
    1789    1087.0718
    1790    1072.4604
    1791    1061.6804
    1792    1058.6809
    1793    1065.0828
    1794    1079.6384
    1795    1098.7073
    1796    1117.5403
    1797    1131.8760
    1798    1139.2570
    1799    1139.5997
    1800    1134.8502
    1801    1127.9120
    1802    1121.3016
    1803    1116.0725
    1804    1111.4322
    1805    1105.1847
    1806    1094.8139
    1807    1078.7631
    1808    1057.3874
    1809    1033.1747
    1810    1010.1141
    1811     992.4415
    1812     983.2546
    1813     983.5478
    1814     992.0327
    1815    1005.8064
    1816    1021.5612
    1817    1036.7947
    1818    1050.4937
    1819    1063.0508
    1820    1075.5386
    1821    1088.7623
    1822    1102.5603
    1823    1115.6877
    1824    1126.3172
    1825    1132.9144
    1826    1135.0514
    1827    1133.7392
    1828    1131.0678
    1829    1129.2652
    1830    1129.5877
    1831    1131.5576
    1832    1132.9474
    1833    1130.6034
    1834    1121.8413
    1835    1105.8879
    1836    1084.7561
    1837    1063.1008
    1838    1046.9630
    1839    1041.7582
    1840    1050.2289
    1841    1071.1732
    1842    1099.4955
    1843    1127.6075
    1844    1147.7058
    1845    1154.2273
    1846    1145.7631
    1847    1125.7560
    1848    1101.5369
    1849    1081.8584
    1850    1073.7721
    1851    1080.0140
    1852    1097.8894
    1853    1120.0991
    1854    1137.2218
    1855    1140.9803
    1856    1127.1314
    1857    1097.0024
    1858    1057.1772
    1859    1017.4576
    1860     987.7772
    1861     975.1058
    1862     981.3969
    1863    1003.2635
    1864    1033.4420
    1865    1063.4504
    1866    1086.4520
    1867    1099.3289
    1868    1103.3198
    1869    1103.1193
    1870    1104.8430
    1871    1113.6080
    1872    1131.5623
    1873    1157.0034
    1874    1184.8402
    1875    1208.1688
    1876    1220.3736
    1877    1217.0424
    1878    1197.1189
    1879    1163.0303
    1880    1119.8794
    1881    1074.0540
    1882    1031.7378
    1883     997.7183
    1884     974.7132
    1885     963.2460
    1886     961.9737
    1887     968.2984
    1888     979.0924
    1889     991.3919
    1890    1002.9472
    1891    1012.5646
    1892    1020.2162
    1893    1026.9154
    1894    1034.3522
    1895    1044.3243
    1896    1058.0632
    1897    1075.6319
    1898    1095.5914
    1899    1115.0737
    1900    1130.3169
    1901    1137.5981
    1902    1134.3666
    1903    1120.2760
    1904    1097.7506
    1905    1071.7868
    1906    1048.8898
    1907    1035.3527
    1908    1035.3625
    1909    1049.5752
    1910    1074.6996
    1911    1104.3260
    1912    1130.8146
    1913    1147.6879
    1914    1151.7637
    1915    1144.2846
    1916    1130.5550
    1917    1118.0817
    1918    1113.7726
    1919    1121.1750
    1920    1138.8036
    1921    1160.2703
    1922    1176.2967
    1923    1177.9765
    1924    1160.1481
    1925    1123.6382
    1926    1075.4927
    1927    1027.0193
    1928     990.2352
    1929     973.9238
    1930     980.6757
    1931    1005.9864
    1932    1039.7680
    1933    1069.7759
    1934    1085.7756
    1935    1082.9904
    1936    1063.6289
    1937    1035.9517
    1938    1011.2175
    1939     999.5969
    1940    1006.5151
    1941    1030.7121
    1942    1064.7028
    1943    1097.4230
    1944    1118.0893
    1945    1119.8945
    1946    1102.2625
    1947    1070.9244
    1948    1035.8614
    1949    1007.8932
    1950     995.1524
    1951    1000.6611
    1952    1021.7481
    1953    1051.3351
    1954    1080.5092
    1955    1101.4592
    1956    1109.7854
    1957    1105.4476
    1958    1092.1426
    1959    1075.4773
    1960    1060.7093
    1961    1050.9138
    1962    1046.2105
    1963    1044.2450
    1964    1041.6099
    1965    1035.5270
    1966    1025.0821
    1967    1011.5367
    1968     997.7015
    1969     986.7376
    1970     980.9741
    1971     981.2232
    1972     986.8087
    1973     996.1851
    1974    1007.7855
    1975    1020.6930
    1976    1034.8431
    1977    1050.6900
    1978    1068.5193
    1979    1087.7435
    1980    1106.5377
    1981    1122.0396
    1982    1131.1029
    1983    1131.3509
    1984    1122.1229
    1985    1104.8979
    1986    1082.9750
    1987    1060.4936
    1988    1041.1566
    1989    1027.1614
    1990    1018.7548
    1991    1014.5761
    1992    1012.6389
    1993    1011.5292
    1994    1011.3200
    1995    1013.7668
    1996    1021.6385
    1997    1037.3940
    1998    1061.7339
    1999    1092.6580
    2000    1125.4837
