#Frame              T
       1    1072.2433
       2    1225.4436
       3    1141.6483
       4    1095.9872
       5    1071.0116
       6    1082.5199
       7    1052.0218
       8    1206.5897
       9    1179.0502
      10    1073.5475
      11    1161.6386
      12    1061.0135
      13    1136.1266
      14     886.1598
      15     949.1979
      16    1066.5731
      17    1100.9699
      18    1064.8403
      19    1003.0117
      20     952.3229
      21    1008.4391
      22     968.7269
      23    1005.2294
      24     994.3332
      25     971.7805
      26     944.5840
      27     981.0910
      28     996.2171
      29     962.7789
      30     802.7828
      31     935.2025
      32     920.2926
      33    1069.1929
      34     969.4424
      35     960.1809
      36     890.5212
      37    1013.9674
      38    1003.1825
      39     942.4115
      40     905.7797
      41     962.7333
      42     842.7658
      43     903.6747
      44     916.8956
      45     815.7814
      46     928.7255
      47     898.2031
      48     901.9089
      49     894.0250
      50     856.8642
      51     844.2512
      52     805.4450
      53     892.6189
      54     824.8335
      55     806.0421
      56     824.7958
      57     871.3592
      58     846.1129
      59     884.5836
      60     880.5834
      61     780.8378
      62     887.5254
      63     752.1848
      64     836.7797
      65     760.7377
      66     757.0452
      67     784.8707
      68     865.2938
      69     807.6512
      70     770.4111
      71     733.1040
      72     773.4089
      73     789.6505
      74     854.3151
      75     734.4520
      76     795.1290
      77     821.0389
      78     759.3677
      79     716.8580
      80     710.1236
      81     765.6175
      82     669.2555
      83     688.0412
      84     634.3689
      85     656.9997
      86     672.6158
      87     585.8673
      88     672.7357
      89     698.1632
      90     619.3399
      91     591.2634
      92     665.5251
      93     692.5525
      94     627.7260
      95     627.7749
      96     588.8894
      97     623.0237
      98     659.4356
      99     596.1385
     100     621.9465
     101     601.4054
     102     548.2953
     103     600.2514
     104     589.5309
     105     663.5856
     106     597.5369
     107     625.1708
     108     614.4361
     109     580.6679
     110     562.9423
     111     565.5508
     112     577.1073
     113     555.6267
     114     569.4948
     115     580.9551
     116     604.2681
     117     665.0410
     118     583.9841
     119     566.4012
     120     555.3091
     121     603.5283
     122     597.0462
     123     601.9003
     124     600.7150
     125     647.7588
     126     647.6859
     127     538.1347
     128     617.6627
     129     630.0062
     130     575.7402
     131     654.8827
     132     581.8363
     133     630.4784
     134     603.6332
     135     571.7783
     136     531.1585
     137     572.4540
     138     588.9872
     139     558.2755
     140     578.8594
     141     542.4342
     142     505.7031
     143     567.2732
     144     519.4294
     145     539.0314
     146     543.3667
     147     514.6209
     148     564.9094
     149     509.5349
     150     503.1691
     151     496.8155
     152     524.0994
     153     536.7638
     154     517.5611
     155     494.2136
     156     497.8987
     157     475.0535
     158     501.6607
     159     491.5202
     160     478.4233
     161     457.8984
     162     480.3736
     163     514.7249
     164     503.4096
     165     497.6457
     166     447.2320
     167     507.1463
     168     510.4066
     169     522.5558
     170     459.0084
     171     463.3837
     172     448.6280
     173     500.3612
     174     526.6756
     175     526.8637
     176     501.7586
     177     498.3746
     178     477.0064
     179     500.3394
     180     466.0831
     181     488.9092
     182     468.9708
     183     494.4544
     184     500.7663
     185     488.8760
     186     495.1210
     187     503.3531
     188     461.0860
     189     468.1103
     190     454.9466
     191     518.1857
     192     521.0785
     193     512.5091
     194     462.1884
     195     491.1625
     196     483.6150
     197     463.6269
     198     499.1153
     199     483.0722
     200     522.1110
     201     524.5339
     202     447.2142
     203     492.5087
     204     459.2361
     205     463.2909
     206     470.0864
     207     528.5969
     208     449.6574
     209     467.1273
     210     471.5412
     211     489.0143
     212     473.6702
     213     445.5975
     214     475.9749
     215     438.3714
     216     465.5393
     217     476.2676
     218     486.9463
     219     433.3324
     220     449.4750
     221     430.2762
     222     443.2118
     223     427.1061
     224     412.4660
     225     462.3158
     226     439.0858
     227     438.2155
     228     437.7131
     229     443.8824
     230     420.3219
     231     413.5030
     232     463.4895
     233     454.8252
     234     430.3993
     235     438.7779
     236     424.6319
     237     423.3288
     238     461.5586
     239     429.4471
     240     449.5855
     241     437.0320
     242     426.3948
     243     432.6669
     244     420.3300
     245     454.7609
     246     372.9185
     247     404.8882
     248     393.7151
     249     376.7737
     250     394.7360
     251     380.7493
     252     415.1664
     253     374.8055
     254     420.0986
     255     375.8069
     256     434.7417
     257     417.2786
     258     388.7551
     259     454.3722
     260     412.3572
     261     382.7698
     262     399.9949
     263     378.8532
     264     411.2027
     265     409.9968
     266     392.1750
     267     407.8024
     268     446.5891
     269     407.7178
     270     387.9683
     271     402.5839
     272     392.4941
     273     385.9630
     274     392.5744
     275     393.6733
     276     385.7454
     277     409.9455
     278     369.6368
     279     362.4177
     280     400.0809
     281     401.9765
     282     391.7103
     283     413.5583
     284     375.1697
     285     354.9044
     286     348.2237
     287     394.9417
     288     417.1589
     289     395.5069
     290     382.1300
     291     385.3907
     292     411.9248
     293     400.0522
     294     413.2046
     295     363.1496
     296     401.5022
     297     410.5067
     298     403.4356
     299     423.5148
     300     387.4421
     301     405.3333
     302     348.4251
     303     359.5050
     304     356.7980
     305     347.1957
     306     369.5304
     307     321.7347
     308     347.4727
     309     360.0663
     310     345.6353
     311     361.9259
     312     338.5281
     313     386.0069
     314     362.3466
     315     370.8556
     316     343.7556
     317     358.5391
     318     329.3255
     319     363.1629
     320     356.6502
     321     345.4933
     322     353.7082
     323     314.2009
     324     355.1578
     325     330.9469
     326     353.3714
     327     303.9161
     328     357.6819
     329     313.9735
     330     369.1234
     331     363.2689
     332     342.6367
     333     373.8811
     334     353.3681
     335     334.6346
     336     348.3054
     337     334.3623
     338     334.1996
     339     348.6129
     340     325.9541
     341     341.4462
     342     336.7606
     343     381.7716
     344     370.5440
     345     361.2229
     346     357.7101
     347     360.6567
     348     342.9661
     349     343.9635
     350     373.5630
     351     374.8180
     352     362.3019
     353     332.0723
     354     365.0479
     355     361.5680
     356     366.0796
     357     346.9294
     358     374.3205
     359     384.4829
     360     344.7705
     361     329.8124
     362     391.0193
     363     367.3945
     364     352.4982
     365     371.9524
     366     362.9645
     367     396.0527
     368     360.4039
     369     347.7140
     370     348.6733
     371     415.5403
     372     424.3134
     373     408.2059
     374     379.6978
     375     351.8327
     376     357.7643
     377     361.3720
     378     416.3876
     379     394.5332
     380     411.0388
     381     374.5078
     382     381.2874
     383     380.3086
     384     368.7043
     385     342.3361
     386     375.2584
     387     350.2806
     388     328.3397
     389     333.6062
     390     371.2434
     391     359.8447
     392     349.8834
     393     338.7887
     394     366.3554
     395     365.0809
     396     339.7663
     397     337.5823
     398     343.4224
     399     386.4113
     400     342.2178
