#Frame              T
       1    2985.9542
       2    2877.6933
       3    2698.1478
       4    2484.6426
       5    2277.7788
       6    2109.4926
       7    1994.6100
       8    1929.0112
       9    1894.5970
      10    1868.4026
      11    1832.1729
      12    1779.1675
      13    1716.1313
      14    1660.0471
      15    1631.0457
      16    1644.1477
      17    1702.8905
      18    1797.1702
      19    1905.9770
      20    2003.8406
      21    2068.4926
      22    2087.0890
      23    2059.1155
      24    1995.3882
      25    1913.8362
      26    1833.7394
      27    1770.4820
      28    1732.4252
      29    1720.4064
      30    1729.3930
      31    1751.3695
      32    1778.4092
      33    1804.9232
      34    1828.4279
      35    1848.8932
      36    1867.3799
      37    1884.8189
      38    1901.3632
      39    1916.2462
      40    1927.8839
      41    1934.0278
      42    1931.9397
      43    1918.6760
      44    1891.5923
      45    1849.1077
      46    1791.6165
      47    1722.2702
      48    1647.2512
      49    1575.1949
      50    1515.6633
      51    1476.9612
      52    1463.9658
      53    1476.7230
      54    1510.3082
      55    1555.9786
      56    1603.2442
      57    1642.2810
      58    1666.1368
      59    1672.2252
      60    1662.7777
      61    1644.1081
      62    1624.7985
      63    1613.1651
      64    1614.6801
      65    1630.1937
      66    1655.5181
      67    1682.3567
      68    1700.4455
      69    1700.9125
      70    1680.0488
      71    1641.5823
      72    1596.0361
      73    1557.3317
      74    1537.9244
      75    1544.2213
      76    1573.9158
      77    1616.2463
      78    1655.2591
      79    1675.1634
      80    1666.0400
      81    1627.7402
      82    1570.3105
      83    1510.6553
      84    1466.6818
      85    1451.1191
      86    1467.2429
      87    1507.9256
      88    1558.1491
      89    1600.0578
      90    1619.0130
      91    1608.6339
      92    1572.8771
      93    1524.3459
      94    1479.6368
      95    1453.5302
      96    1454.0340
      97    1479.8441
      98    1521.0149
      99    1562.5637
     100    1589.7368
     101    1593.0709
     102    1571.5318
     103    1532.8172
     104    1490.8490
     105    1461.2663
     106    1456.2151
     107    1480.1445
     108    1528.2376
     109    1588.0716
     110    1643.6644
     111    1680.3797
     112    1689.2099
     113    1669.2602
     114    1627.7919
     115    1577.9188
     116    1534.6520
     117    1510.0087
     118    1508.3956
     119    1525.0471
     120    1548.9542
     121    1567.8575
     122    1572.6594
     123    1560.2068
     124    1533.9597
     125    1502.4462
     126    1476.0531
     127    1463.2194
     128    1467.3315
     129    1485.5517
     130    1510.1895
     131    1532.0528
     132    1544.2079
     133    1544.4983
     134    1535.8934
     135    1524.7305
     136    1517.7120
     137    1518.9805
     138    1528.4836
     139    1542.2680
     140    1554.4741
     141    1560.0803
     142    1557.1456
     143    1547.6564
     144    1536.7555
     145    1530.6625
     146    1533.8617
     147    1546.6731
     148    1564.7398
     149    1581.0265
     150    1589.0322
     151    1585.3412
     152    1570.6212
     153    1549.1237
     154    1526.9826
     155    1509.8049
     156    1500.4749
     157    1498.1985
     158    1499.2714
     159    1499.1662
     160    1494.8721
     161    1486.3123
     162    1476.1811
     163    1468.3956
     164    1465.9938
     165    1469.4778
     166    1476.3079
     167    1481.7930
     168    1481.0966
     169    1471.5743
     170    1454.3800
     171    1434.4979
     172    1419.0281
     173    1414.3471
     174    1423.3511
     175    1443.9697
     176    1469.6005
     177    1491.3472
     178    1501.2254
     179    1495.1013
     180    1474.1845
     181    1444.5665
     182    1415.1280
     183    1394.6208
     184    1388.7895
     185    1398.4209
     186    1419.0755
     187    1442.6930
     188    1460.4890
     189    1466.0464
     190    1457.5139
     191    1438.2262
     192    1415.6346
     193    1398.9209
     194    1396.0381
     195    1411.0778
     196    1442.7799
     197    1484.6246
     198    1526.4724
     199    1557.2836
     200    1568.1945
     201    1555.1532
     202    1520.3627
     203    1472.0360
     204    1422.3808
     205    1384.2422
     206    1367.2980
     207    1374.9816
     208    1403.2151
     209    1441.5446
     210    1476.4620
     211    1495.8791
     212    1493.2370
     213    1469.7879
     214    1434.1709
     215    1399.3439
     216    1377.9035
     217    1377.4516
     218    1397.7347
     219    1430.6717
     220    1463.3084
     221    1482.6200
     222    1480.3379
     223    1455.9488
     224    1416.7809
     225    1375.3362
     226    1345.0589
     227    1336.0344
     228    1351.9238
     229    1389.0302
     230    1437.7438
     231    1485.8093
     232    1522.2226
     233    1540.4263
     234    1539.8275
     235    1525.2998
     236    1504.9975
     237    1487.3185
     238    1478.1008
     239    1479.0193
     240    1487.6484
     241    1498.9372
     242    1507.3509
     243    1508.8543
     244    1502.1300
     245    1488.7635
     246    1472.4658
     247    1457.6980
     248    1448.2194
     249    1446.0702
     250    1451.3084
     251    1462.4819
     252    1477.4728
     253    1494.1656
     254    1510.5725
     255    1524.6385
     256    1534.2953
     257    1537.9257
     258    1534.8601
     259    1525.5629
     260    1511.4679
     261    1494.6004
     262    1477.1588
     263    1461.1808
     264    1448.3583
     265    1439.9461
     266    1436.6578
     267    1438.4549
     268    1444.2985
     269    1452.1005
     270    1459.1145
     271    1462.7681
     272    1461.6719
     273    1456.4144
     274    1449.7725
     275    1446.0909
     276    1449.8502
     277    1463.8164
     278    1487.4675
     279    1516.4415
     280    1543.4702
     281    1560.6566
     282    1562.3336
     283    1547.4147
     284    1520.2486
     285    1489.5727
     286    1465.8422
     287    1457.6836
     288    1468.4175
     289    1493.9444
     290    1523.6154
     291    1544.4508
     292    1546.6645
     293    1527.7185
     294    1493.3848
     295    1455.7068
     296    1428.7325
     297    1423.5087
     298    1444.0671
     299    1485.8046
     300    1536.8289
     301    1581.8202
     302    1607.1079
     303    1605.1929
     304    1577.1030
     305    1531.7324
     306    1482.4572
     307    1442.3969
     308    1420.1539
     309    1417.4587
     310    1429.2357
     311    1445.9102
     312    1457.2970
     313    1456.6364
     314    1442.8992
     315    1420.4765
     316    1396.9017
     317    1379.9073
     318    1374.8649
     319    1383.1946
     320    1402.0424
     321    1425.2524
     322    1445.3146
     323    1455.7204
     324    1453.0203
     325    1437.9848
     326    1415.4854
     327    1393.1079
     328    1378.8850
     329    1378.8188
     330    1394.9413
     331    1424.5592
     332    1460.9971
     333    1495.6277
     334    1520.4953
     335    1530.6650
     336    1525.5619
     337    1508.8947
     338    1487.2064
     339    1467.5426
     340    1455.0464
     341    1451.3227
     342    1454.1335
     343    1458.5080
     344    1458.8568
     345    1451.3032
     346    1435.3782
     347    1414.4225
     348    1394.5480
     349    1382.5182
     350    1383.3024
     351    1398.1995
     352    1424.2651
     353    1455.2771
     354    1483.8417
     355    1503.7789
     356    1511.8937
     357    1508.5552
     358    1497.0078
     359    1481.8280
     360    1467.1941
     361    1455.6142
     362    1447.4906
     363    1441.5227
     364    1435.6243
     365    1427.9244
     366    1417.4669
     367    1404.4301
     368    1389.9445
     369    1375.7519
     370    1363.9409
     371    1356.7888
     372    1356.5325
     373    1364.8893
     374    1382.3701
     375    1407.6865
     376    1437.5772
     377    1467.1894
     378    1491.0158
     379    1504.2578
     380    1504.3227
     381    1491.9422
     382    1471.3768
     383    1449.4202
     384    1433.4249
     385    1429.0361
     386    1438.4249
     387    1459.5030
     388    1486.2358
     389    1510.2063
     390    1523.4544
     391    1521.5878
     392    1505.4907
     393    1480.7597
     394    1455.2945
     395    1436.1584
     396    1426.9313
     397    1426.5125
     398    1429.7828
     399    1429.8300
     400    1420.8279
     401    1400.3772
     402    1370.4238
     403    1336.5398
     404    1306.0279
     405    1285.6633
     406    1279.8390
     407    1289.6179
     408    1312.8298
     409    1345.0136
     410    1380.7898
     411    1415.1968
     412    1444.6356
     413    1467.2620
     414    1482.8786
     415    1492.5002
     416    1497.7969
     417    1500.5365
     418    1502.0568
     419    1502.8277
     420    1502.2272
     421    1498.7207
     422    1490.5436
     423    1476.6867
     424    1457.7776
     425    1436.4143
     426    1416.7127
     427    1403.1337
     428    1398.9511
     429    1404.9339
     430    1418.7819
     431    1435.6505
     432    1449.6852
     433    1456.0421
     434    1452.6429
     435    1440.9371
     436    1425.3341
     437    1411.4724
     438    1403.9673
     439    1404.5284
     440    1411.2426
     441    1419.3786
     442    1423.4450
     443    1419.6504
     444    1407.7290
     445    1391.3577
     446    1376.9779
     447    1371.4664
     448    1379.4729
     449    1401.3846
     450    1432.6838
     451    1465.0263
     452    1488.7568
     453    1496.0179
     454    1483.3596
     455    1452.9163
     456    1411.7424
     457    1369.5830
     458    1335.8788
     459    1317.0532
     460    1314.9804
     461    1327.0389
     462    1347.5324
     463    1369.8217
     464    1388.3899
     465    1400.2300
     466    1405.2551
     467    1405.7761
     468    1405.3607
     469    1407.4941
     470    1414.4253
     471    1426.4484
     472    1441.7355
     473    1456.7312
     474    1467.0041
     475    1468.3891
     476    1458.1840
     477    1436.1186
     478    1404.8209
     479    1369.5519
     480    1337.1540
     481    1314.4185
     482    1306.2975
     483    1314.4957
     484    1336.8819
     485    1367.9797
     486    1400.5199
     487    1427.6895
     488    1445.2885
     489    1452.9172
     490    1453.7009
     491    1452.7209
     492    1454.8140
     493    1462.6114
     494    1475.5422
     495    1490.1396
     496    1501.4538
     497    1504.9504
     498    1498.1260
     499    1481.2477
     500    1457.0663
     501    1429.7310
     502    1403.3925
     503    1381.0465
     504    1364.0327
     505    1352.3029
     506    1345.1785
     507    1342.1012
     508    1342.9598
     509    1347.8739
     510    1356.6639
     511    1368.3827
     512    1381.1883
     513    1392.6461
     514    1400.4448
     515    1403.4224
     516    1402.4825
     517    1400.7581
     518    1402.7046
     519    1412.4278
     520    1431.9186
     521    1459.8920
     522    1491.7016
     523    1520.4180
     524    1538.7758
     525    1541.4329
     526    1526.8138
     527    1497.8148
     528    1461.0319
     529    1424.7570
     530    1396.4274
     531    1380.4176
     532    1376.9360
     533    1382.3572
     534    1390.7711
     535    1396.1185
     536    1394.2028
     537    1383.9552
     538    1367.6001
     539    1349.7202
     540    1335.5563
     541    1329.1073
     542    1331.6562
     543    1341.2097
     544    1353.0486
     545    1361.2120
     546    1360.4360
     547    1347.9600
     548    1324.6821
     549    1295.3066
     550    1267.3666
     551    1249.2701
     552    1247.8584
     553    1266.2065
     554    1302.4447
     555    1350.1183
     556    1400.0630
     557    1443.2145
     558    1473.3845
     559    1489.0156
     560    1493.2426
     561    1492.1984
     562    1492.1640
     563    1496.6534
     564    1504.6035
     565    1510.4567
     566    1506.2121
     567    1484.7217
     568    1442.9733
     569    1384.0222
     570    1316.7256
     571    1253.3047
     572    1205.6571
     573    1181.7896
     574    1183.5982
     575    1206.7118
     576    1242.3891
     577    1280.7224
     578    1313.8960
     579    1338.2855
     580    1354.7231
     581    1367.0316
     582    1379.6197
     583    1395.2251
     584    1413.7224
     585    1432.3508
     586    1447.0631
     587    1454.2716
     588    1452.1894
     589    1441.2521
     590    1423.5881
     591    1401.9428
     592    1378.6698
     593    1355.2999
     594    1332.8271
     595    1312.4376
     596    1296.1442
     597    1286.8173
     598    1287.4158
     599    1299.6689
     600    1322.8228
     601    1353.1342
     602    1384.5238
     603    1410.3133
     604    1425.4842
     605    1428.6185
     606    1422.7024
     607    1414.3302
     608    1411.4207
     609    1420.1815
     610    1442.4674
     611    1474.6417
     612    1508.5043
     613    1534.0019
     614    1542.7011
     615    1530.7246
     616    1500.1032
     617    1458.1210
     618    1414.9495
     619    1380.4375
     620    1361.1655
     621    1358.6941
     622    1369.4697
     623    1386.2794
     624    1400.6878
     625    1405.6534
     626    1397.5737
     627    1377.2360
     628    1349.4851
     629    1321.7453
     630    1301.8363
     631    1295.7144
     632    1305.7689
     633    1330.1462
     634    1363.2736
     635    1397.4298
     636    1424.9191
     637    1440.2579
     638    1441.7555
     639    1432.0061
     640    1417.0960
     641    1404.6958
     642    1401.5783
     643    1411.3131
     644    1432.8896
     645    1460.7866
     646    1486.5788
     647    1501.6182
     648    1499.8962
     649    1480.0658
     650    1445.9000
     651    1405.0475
     652    1366.5375
     653    1337.8845
     654    1322.7930
     655    1320.2654
     656    1325.4436
     657    1331.8155
     658    1333.8557
     659    1329.0414
     660    1318.5343
     661    1306.4259
     662    1297.9622
     663    1297.4899
     664    1306.8901
     665    1325.0481
     666    1348.5053
     667    1372.9037
     668    1394.4239
     669    1410.5571
     670    1420.2485
     671    1423.8063
     672    1422.6314
     673    1418.6055
     674    1413.3113
     675    1407.4750
     676    1400.8910
     677    1392.7726
     678    1382.3002
     679    1369.1355
     680    1353.7380
     681    1337.4532
     682    1322.3899
     683    1311.0770
     684    1305.8766
     685    1308.2367
     686    1318.0405
     687    1333.3779
     688    1350.8794
     689    1366.5043
     690    1376.5266
     691    1378.4692
     692    1371.8109
     693    1358.2752
     694    1341.4702
     695    1325.7618
     696    1314.6933
     697    1309.6575
     698    1309.4635
     699    1311.0105
     700    1310.8306
     701    1306.8903
     702    1299.8214
     703    1292.8260
     704    1290.1494
     705    1295.0481
     706    1308.4471
     707    1328.6574
     708    1351.8826
     709    1373.3005
     710    1388.5152
     711    1394.9244
     712    1392.4310
     713    1383.1786
     714    1370.4392
     715    1357.1353
     716    1344.6489
     717    1332.4758
     718    1318.9359
     719    1302.6514
     720    1284.0932
     721    1266.3691
     722    1254.6375
     723    1254.1585
     724    1267.7874
     725    1294.1511
     726    1327.4259
     727    1358.8927
     728    1379.7873
     729    1384.4576
     730    1372.5743
     731    1349.4031
     732    1323.9228
     733    1305.4715
     734    1300.2061
     735    1308.7558
     736    1326.0001
     737    1343.1214
     738    1351.1915
     739    1344.9421
     740    1325.1914
     741    1298.8491
     742    1276.3446
     743    1267.4527
     744    1277.2686
     745    1304.0515
     746    1339.8499
     747    1373.5679
     748    1395.1443
     749    1399.1773
     750    1386.6544
     751    1364.2446
     752    1341.5375
     753    1327.3917
     754    1326.8306
     755    1339.6049
     756    1360.7967
     757    1383.0477
     758    1399.4236
     759    1405.7756
     760    1401.7461
     761    1390.1787
     762    1375.3668
     763    1361.0099
     764    1348.7697
     765    1337.9443
     766    1326.2295
     767    1311.0544
     768    1290.8689
     769    1266.0075
     770    1238.9929
     771    1214.1593
     772    1196.5631
     773    1190.4757
     774    1198.0560
     775    1218.7364
     776    1249.5081
     777    1285.8897
     778    1323.1421
     779    1357.2959
     780    1385.7337
     781    1407.2731
     782    1421.8623
     783    1430.0750
     784    1432.6065
     785    1429.9044
     786    1422.0094
     787    1408.6460
     788    1389.5694
     789    1365.1118
     790    1336.7039
     791    1307.0772
     792    1279.9471
     793    1259.2160
     794    1247.9490
     795    1247.4597
     796    1256.8196
     797    1272.9720
     798    1291.4664
     799    1307.6395
     800    1317.9056
     801    1320.7387
     802    1317.0023
     803    1309.4770
     804    1301.7427
     805    1296.8284
     806    1296.1493
     807    1299.1382
     808    1303.6709
     809    1307.0843
     810    1307.3528
     811    1303.9790
     812    1298.2540
     813    1292.8047
     814    1290.6233
     815    1294.0034
     816    1303.8251
     817    1319.4252
     818    1338.9686
     819    1360.0279
     820    1380.0896
     821    1396.8664
     822    1408.4583
     823    1413.4616
     824    1411.1020
     825    1401.4203
     826    1385.4767
     827    1365.4623
     828    1344.5533
     829    1326.3767
     830    1314.0970
     831    1309.3576
     832    1311.4907
     833    1317.4225
     834    1322.4902
     835    1322.0121
     836    1313.0923
     837    1295.9490
     838    1274.1598
     839    1253.6098
     840    1240.4213
     841    1238.6085
     842    1248.3743
     843    1265.7946
     844    1284.1337
     845    1296.3875
     846    1298.1392
     847    1289.6289
     848    1276.1496
     849    1266.4649
     850    1269.6814
     851    1291.6744
     852    1332.4846
     853    1385.7972
     854    1440.7616
     855    1485.4160
     856    1510.4232
     857    1511.7992
     858    1491.7702
     859    1457.5642
     860    1418.6651
     861    1383.5614
     862    1357.1573
     863    1339.7155
     864    1327.5910
     865    1315.3517
     866    1298.3881
     867    1275.0074
     868    1247.2839
     869    1220.4610
     870    1201.2143
     871    1195.4175
     872    1206.1849
     873    1232.8400
     874    1271.1057
     875    1314.2972
     876    1354.9261
     877    1386.2117
     878    1403.3945
     879    1404.7467
     880    1391.9138
     881    1369.2597
     882    1342.3998
     883    1316.4925
     884    1294.8854
     885    1278.4882
     886    1265.9738
     887    1254.6926
     888    1242.0121
     889    1226.6538
     890    1209.5321
     891    1193.7029
     892    1183.3821
     893    1182.4646
     894    1193.2084
     895    1215.5498
     896    1247.1504
     897    1284.0477
     898    1321.6562
     899    1355.7991
     900    1383.4961
     901    1403.3552
     902    1415.4661
     903    1420.8133
     904    1420.4567
     905    1414.9067
     906    1404.0161
     907    1387.3927
     908    1365.0500
     909    1337.9084
     910    1307.8660
     911    1277.3810
     912    1248.7634
     913    1223.5201
     914    1202.0976
     915    1184.1863
     916    1169.4592
     917    1158.3580
     918    1152.4787
     919    1154.2645
     920    1166.0540
     921    1188.8451
     922    1221.3207
     923    1259.6332
     924    1298.1714
     925    1331.1142
     926    1354.1695
     927    1365.7423
     928    1367.0170
     929    1360.9934
     930    1351.0023
     931    1339.3759
     932    1326.7651
     933    1312.3360
     934    1294.7268
     935    1273.3103
     936    1249.1249
     937    1224.9951
     938    1204.7793
     939    1192.1196
     940    1189.2831
     941    1196.5819
     942    1212.5505
     943    1234.7057
     944    1260.4750
     945    1287.8476
     946    1315.4942
     947    1342.3861
     948    1367.2110
     949    1387.9848
     950    1402.1534
     951    1407.2411
     952    1401.8004
     953    1386.2321
     954    1363.0579
     955    1336.4441
     956    1311.0862
     957    1290.8333
     958    1277.5809
     959    1270.8591
     960    1268.2897
     961    1266.7133
     962    1263.5322
     963    1257.7380
     964    1250.2685
     965    1243.5963
     966    1240.7514
     967    1244.1506
     968    1254.6642
     969    1271.2381
     970    1291.1811
     971    1310.9615
     972    1327.2075
     973    1337.5726
     974    1341.2480
     975    1339.0564
     976    1333.1739
     977    1326.5953
     978    1322.4627
     979    1323.3722
     980    1330.7488
     981    1344.3940
     982    1362.3201
     983    1380.9778
     984    1395.9292
     985    1402.8688
     986    1398.7668
     987    1382.8015
     988    1356.7700
     989    1324.7734
     990    1292.2035
     991    1264.2770
     992    1244.5448
     993    1233.8823
     994    1230.3441
     995    1230.0255
     996    1228.6790
     997    1223.5227
     998    1214.5375
     999    1204.6995
    1000    1199.0237
    1001    1202.5602
    1002    1218.5051
    1003    1246.5879
    1004    1282.7555
    1005    1320.1155
    1006    1350.8846
    1007    1368.7313
    1008    1370.7240
    1009    1358.1647
    1010    1335.9805
    1011    1310.9388
    1012    1289.4102
    1013    1275.5247
    1014    1270.3165
    1015    1272.0200
    1016    1277.2504
    1017    1282.5510
    1018    1285.7316
    1019    1286.5785
    1020    1286.7829
    1021    1289.2128
    1022    1296.8470
    1023    1311.7115
    1024    1334.0735
    1025    1362.0192
    1026    1391.4766
    1027    1416.7645
    1028    1431.7721
    1029    1431.6169
    1030    1414.2722
    1031    1381.4949
    1032    1338.6174
    1033    1293.2140
    1034    1253.0547
    1035    1223.9930
    1036    1208.4766
    1037    1205.1702
    1038    1209.8067
    1039    1216.9662
    1040    1222.1440
    1041    1223.3743
    1042    1221.8360
    1043    1221.2516
    1044    1226.3421
    1045    1240.9219
    1046    1266.3219
    1047    1300.6902
    1048    1339.3460
    1049    1375.9870
    1050    1404.3533
    1051    1419.9419
    1052    1421.2707
    1053    1410.1418
    1054    1390.6971
    1055    1367.6911
    1056    1344.8059
    1057    1323.7380
    1058    1304.3459
    1059    1285.6115
    1060    1266.8203
    1061    1248.3343
    1062    1231.6055
    1063    1218.4592
    1064    1210.0564
    1065    1206.0933
    1066    1204.7141
    1067    1203.2818
    1068    1199.7096
    1069    1193.6997
    1070    1187.2147
    1071    1183.8451
    1072    1187.2830
    1073    1199.5751
    1074    1219.9932
    1075    1245.0484
    1076    1269.6466
    1077    1288.9173
    1078    1299.9950
    1079    1303.0487
    1080    1301.1057
    1081    1298.7001
    1082    1299.8685
    1083    1306.3115
    1084    1316.4934
    1085    1326.0928
    1086    1329.6750
    1087    1322.9500
    1088    1304.7028
    1089    1277.5618
    1090    1247.2000
    1091    1220.2254
    1092    1201.6288
    1093    1192.8905
    1094    1191.5595
    1095    1192.4510
    1096    1189.9274
    1097    1180.3434
    1098    1163.7143
    1099    1144.0031
    1100    1127.9486
    1101    1122.8677
    1102    1134.1817
    1103    1163.4596
    1104    1207.6043
    1105    1259.4705
    1106    1309.7461
    1107    1349.4933
    1108    1372.5283
    1109    1376.9170
    1110    1365.1850
    1111    1343.2564
    1112    1318.4844
    1113    1297.3778
    1114    1283.7172
    1115    1277.6560
    1116    1276.0950
    1117    1274.1668
    1118    1267.2816
    1119    1252.9967
    1120    1232.0576
    1121    1208.2653
    1122    1187.2413
    1123    1174.5257
    1124    1173.6709
    1125    1184.9708
    1126    1205.2463
    1127    1228.7500
    1128    1248.8830
    1129    1260.1767
    1130    1259.9149
    1131    1248.8913
    1132    1231.0621
    1133    1212.2032
    1134    1197.9982
    1135    1192.1836
    1136    1195.4575
    1137    1205.6222
    1138    1218.8530
    1139    1231.4386
    1140    1241.1879
    1141    1247.9654
    1142    1253.2498
    1143    1258.9898
    1144    1266.3232
    1145    1274.7663
    1146    1282.2715
    1147    1286.1301
    1148    1284.2524
    1149    1276.1659
    1150    1263.2345
    1151    1248.0292
    1152    1233.2053
    1153    1220.4239
    1154    1209.7828
    1155    1200.0293
    1156    1189.5402
    1157    1177.6728
    1158    1165.7772
    1159    1157.2265
    1160    1156.3602
    1161    1166.8643
    1162    1190.2758
    1163    1225.0220
    1164    1266.2544
    1165    1306.7253
    1166    1338.7098
    1167    1356.4558
    1168    1358.2044
    1169    1346.8443
    1170    1328.8025
    1171    1311.5526
    1172    1300.7293
    1173    1297.9900
    1174    1300.4697
    1175    1302.0729
    1176    1296.1962
    1177    1278.8416
    1178    1250.7796
    1179    1217.7374
    1180    1188.4841
    1181    1171.5942
    1182    1172.2040
    1183    1190.0237
    1184    1219.3429
    1185    1250.9776
    1186    1275.3906
    1187    1285.8072
    1188    1280.2112
    1189    1261.5688
    1190    1236.3453
    1191    1212.0081
    1192    1194.5118
    1193    1186.6622
    1194    1187.8223
    1195    1194.8846
    1196    1203.9705
    1197    1212.1207
    1198    1218.3391
    1199    1223.6782
    1200    1230.4702
    1201    1241.1248
    1202    1257.0164
    1203    1277.8732
    1204    1301.8278
    1205    1325.9969
    1206    1347.2621
    1207    1362.9009
    1208    1370.8802
    1209    1369.8414
    1210    1358.9782
    1211    1338.0177
    1212    1307.4026
    1213    1268.6096
    1214    1224.4076
    1215    1178.8309
    1216    1136.7260
    1217    1102.9053
    1218    1081.1138
    1219    1073.1453
    1220    1078.4113
    1221    1094.1436
    1222    1116.2054
    1223    1140.2944
    1224    1163.1687
    1225    1183.5136
    1226    1202.1401
    1227    1221.4349
    1228    1244.2317
    1229    1272.4818
    1230    1306.1533
    1231    1342.7270
    1232    1377.4940
    1233    1404.6224
    1234    1418.7224
    1235    1416.4415
    1236    1397.5973
    1237    1365.4707
    1238    1326.1383
    1239    1286.9896
    1240    1254.8128
    1241    1233.9831
    1242    1225.3033
    1243    1225.9096
    1244    1230.3659
    1245    1232.6613
    1246    1228.4621
    1247    1216.8132
    1248    1200.6395
    1249    1185.7814
    1250    1178.8110
    1251    1184.3828
    1252    1203.1156
    1253    1230.8747
    1254    1259.8460
    1255    1281.1074
    1256    1287.7895
    1257    1277.6342
    1258    1253.9539
    1259    1224.5829
    1260    1199.1829
    1261    1185.8795
    1262    1188.4620
    1263    1205.1855
    1264    1229.6099
    1265    1253.1394
    1266    1268.2882
    1267    1271.4195
    1268    1263.9521
    1269    1251.6145
    1270    1242.0943
    1271    1242.0212
    1272    1254.4476
    1273    1277.7583
    1274    1306.3450
    1275    1332.6952
    1276    1350.0484
    1277    1354.6092
    1278    1346.5415
    1279    1329.5018
    1280    1309.0410
    1281    1290.5928
    1282    1277.8125
    1283    1271.7899
    1284    1271.2320
    1285    1273.3553
    1286    1275.0320
    1287    1273.7701
    1288    1268.2997
    1289    1258.7704
    1290    1246.6647
    1291    1234.5134
    1292    1225.3895
    1293    1222.1773
    1294    1226.7244
    1295    1239.1552
    1296    1257.6485
    1297    1278.8308
    1298    1298.7037
    1299    1313.8251
    1300    1322.3758
    1301    1324.7368
    1302    1323.3159
    1303    1321.5994
    1304    1322.7043
    1305    1327.9431
    1306    1335.9781
    1307    1342.9607
    1308    1343.7149
    1309    1333.6066
    1310    1310.4372
    1311    1275.6140
    1312    1234.0799
    1313    1192.9414
    1314    1159.2600
    1315    1137.8270
    1316    1129.7744
    1317    1132.5395
    1318    1141.1629
    1319    1150.3634
    1320    1156.5650
    1321    1159.1601
    1322    1160.6182
    1323    1165.4333
    1324    1178.2373
    1325    1201.7335
    1326    1235.2281
    1327    1274.3688
    1328    1312.2396
    1329    1341.4133
    1330    1356.2161
    1331    1354.4166
    1332    1337.8135
    1333    1311.6106
    1334    1282.8644
    1335    1258.5325
    1336    1243.7027
    1337    1240.4446
    1338    1247.5183
    1339    1260.9482
    1340    1275.2793
    1341    1285.1737
    1342    1286.9159
    1343    1279.3823
    1344    1264.1694
    1345    1244.8562
    1346    1225.6716
    1347    1210.0243
    1348    1199.3818
    1349    1192.8784
    1350    1187.8195
    1351    1180.9289
    1352    1169.8728
    1353    1154.4714
    1354    1137.1361
    1355    1122.3382
    1356    1115.2371
    1357    1119.8892
    1358    1137.6657
    1359    1166.4971
    1360    1201.3233
    1361    1235.6784
    1362    1263.8337
    1363    1282.6414
    1364    1292.3236
    1365    1295.9079
    1366    1297.5901
    1367    1300.7317
    1368    1306.3458
    1369    1312.7120
    1370    1316.2792
    1371    1313.4562
    1372    1302.4776
    1373    1284.4668
    1374    1263.1627
    1375    1243.4108
    1376    1229.1539
    1377    1221.9185
    1378    1220.4964
    1379    1221.9019
    1380    1223.0632
    1381    1222.4228
    1382    1220.7098
    1383    1220.5305
    1384    1224.9342
    1385    1235.5928
    1386    1251.4559
    1387    1268.5966
    1388    1281.4254
    1389    1284.8097
    1390    1276.1826
    1391    1256.7100
    1392    1230.9869
    1393    1205.3662
    1394    1185.6321
    1395    1175.0205
    1396    1173.4064
    1397    1177.9201
    1398    1184.6283
    1399    1190.5137
    1400    1194.9089
    1401    1199.7753
    1402    1208.6770
    1403    1224.8584
    1404    1249.2594
    1405    1279.4402
    1406    1309.9646
    1407    1334.0598
    1408    1345.8084
    1409    1342.0115
    1410    1323.0755
    1411    1292.6712
    1412    1256.3749
    1413    1219.8639
    1414    1187.4098
    1415    1161.2216
    1416    1141.7637
    1417    1128.7068
    1418    1121.9263
    1419    1122.0190
    1420    1130.1012
    1421    1147.0273
    1422    1172.4349
    1423    1204.1127
    1424    1238.0464
    1425    1269.2302
    1426    1292.9986
    1427    1306.4049
    1428    1309.1204
    1429    1303.4744
    1430    1293.5820
    1431    1283.8627
    1432    1277.4851
    1433    1275.2963
    1434    1275.6196
    1435    1274.9913
    1436    1269.5744
    1437    1256.7689
    1438    1236.4600
    1439    1211.4636
    1440    1186.9552
    1441    1168.9872
    1442    1162.5138
    1443    1169.5369
    1444    1188.0353
    1445    1212.1593
    1446    1233.7961
    1447    1245.0984
    1448    1241.1585
    1449    1221.8839
    1450    1192.3518
    1451    1161.4246
    1452    1139.0133
    1453    1132.8552
    1454    1145.8721
    1455    1174.9965
    1456    1211.9015
    1457    1245.4817
    1458    1265.3681
    1459    1265.3749
    1460    1245.7191
    1461    1213.1929
    1462    1179.1195
    1463    1155.6897
    1464    1151.8411
    1465    1170.0727
    1466    1205.3683
    1467    1246.7457
    1468    1281.0056
    1469    1297.3737
    1470    1291.3449
    1471    1266.3426
    1472    1232.5838
    1473    1203.5400
    1474    1191.2500
    1475    1202.1952
    1476    1235.2122
    1477    1282.0832
    1478    1330.3987
    1479    1367.5302
    1480    1384.3219
    1481    1377.3862
    1482    1349.4747
    1483    1308.0606
    1484    1262.8031
    1485    1222.8008
    1486    1194.4423
    1487    1180.3259
    1488    1179.2950
    1489    1187.3340
    1490    1198.9258
    1491    1208.4996
    1492    1211.7216
    1493    1206.4845
    1494    1193.4830
    1495    1176.2184
    1496    1160.3247
    1497    1152.2239
    1498    1157.3163
    1499    1178.1216
    1500    1212.9161
    1501    1255.4245
    1502    1295.9112
    1503    1323.5879
    1504    1329.7582
    1505    1310.7278
    1506    1269.4507
    1507    1215.2155
    1508    1161.3025
    1509    1121.1917
    1510    1104.3871
    1511    1113.2106
    1512    1141.8897
    1513    1178.5435
    1514    1209.4005
    1515    1223.5955
    1516    1216.8156
    1517    1192.6189
    1518    1161.0880
    1519    1135.3114
    1520    1126.8683
    1521    1141.8385
    1522    1178.6624
    1523    1228.5119
    1524    1277.9721
    1525    1313.1287
    1526    1323.7756
    1527    1306.4826
    1528    1265.6483
    1529    1212.2994
    1530    1161.0373
    1531    1125.9775
    1532    1116.7278
    1533    1135.4861
    1534    1176.1566
    1535    1225.9142
    1536    1268.9260
    1537    1291.2129
    1538    1285.1550
    1539    1252.1366
    1540    1202.3403
    1541    1151.6000
    1542    1116.2457
    1543    1107.6222
    1544    1128.1503
    1545    1170.3331
    1546    1219.1293
    1547    1256.9414
    1548    1269.5442
    1549    1250.9340
    1550    1205.4381
    1551    1146.3605
    1552    1091.6467
    1553    1058.0751
    1554    1055.9602
    1555    1086.1405
    1556    1140.1850
    1557    1203.6090
    1558    1260.8567
    1559    1300.2397
    1560    1317.1557
    1561    1314.6324
    1562    1301.2784
    1563    1287.6250
    1564    1282.2675
    1565    1289.1384
    1566    1306.6649
    1567    1328.8469
    1568    1347.6219
    1569    1355.5674
    1570    1348.0306
    1571    1324.1335
    1572    1286.5943
    1573    1240.7165
    1574    1193.0898
    1575    1150.4439
    1576    1118.7625
    1577    1102.4566
    1578    1103.4405
    1579    1120.4275
    1580    1148.9953
    1581    1182.5493
    1582    1213.7819
    1583    1236.2368
    1584    1245.7539
    1585    1241.5617
    1586    1226.6563
    1587    1207.1624
    1588    1190.6445
    1589    1183.7633
    1590    1189.9871
    1591    1208.1972
    1592    1232.7788
    1593    1255.3141
    1594    1267.3941
    1595    1263.6050
    1596    1243.5990
    1597    1212.4423
    1598    1179.0287
    1599    1153.0959
    1600    1141.8919
    1601    1147.6919
    1602    1167.0541
    1603    1192.0898
    1604    1213.3005
    1605    1222.9537
    1606    1217.8116
    1607    1200.2835
    1608    1177.6550
    1609    1159.5822
    1610    1154.4659
    1611    1165.9207
    1612    1191.1596
    1613    1222.2805
    1614    1249.4802
    1615    1264.4549
    1616    1262.8954
    1617    1245.5963
    1618    1218.0225
    1619    1188.5072
    1620    1165.6538
    1621    1155.7420
    1622    1160.8992
    1623    1178.5366
    1624    1202.1710
    1625    1223.4276
    1626    1234.7092
    1627    1231.7394
    1628    1215.0928
    1629    1190.1010
    1630    1165.0945
    1631    1148.5354
    1632    1146.0443
    1633    1158.3846
    1634    1181.1554
    1635    1206.3419
    1636    1225.2242
    1637    1231.6189
    1638    1224.2391
    1639    1207.2255
    1640    1188.5741
    1641    1177.0188
    1642    1178.5684
    1643    1194.0602
    1644    1218.7084
    1645    1243.8452
    1646    1260.1805
    1647    1261.3106
    1648    1246.1098
    1649    1219.0630
    1650    1188.4263
    1651    1163.0120
    1652    1148.9760
    1653    1147.9171
    1654    1156.8640
    1655    1169.9272
    1656    1180.8195
    1657    1185.2836
    1658    1182.5589
    1659    1175.3903
    1660    1168.6432
    1661    1167.1082
    1662    1173.3724
    1663    1186.5840
    1664    1202.6075
    1665    1215.5268
    1666    1219.9096
    1667    1212.9192
    1668    1195.4079
    1669    1171.5722
    1670    1147.3736
    1671    1128.4457
    1672    1118.3199
    1673    1117.5278
    1674    1123.7502
    1675    1132.8546
    1676    1140.4442
    1677    1143.3827
    1678    1140.7906
    1679    1134.2073
    1680    1126.9267
    1681    1122.7902
    1682    1124.8519
    1683    1134.3399
    1684    1150.2068
    1685    1169.3751
    1686    1187.5744
    1687    1200.5140
    1688    1205.0673
    1689    1200.1713
    1690    1187.2049
    1691    1169.7564
    1692    1152.8038
    1693    1141.4723
    1694    1139.6495
    1695    1148.8401
    1696    1167.6298
    1697    1191.9541
    1698    1216.0980
    1699    1234.1481
    1700    1241.5801
    1701    1236.7495
    1702    1221.9635
    1703    1203.3593
    1704    1188.7131
    1705    1183.8921
    1706    1190.6503
    1707    1206.8691
    1708    1227.6732
    1709    1246.5283
    1710    1256.7000
    1711    1253.1072
    1712    1233.9818
    1713    1201.7120
    1714    1162.5489
    1715    1125.2490
    1716    1098.9847
    1717    1091.0217
    1718    1104.7246
    1719    1138.4767
    1720    1185.9136
    1721    1237.4346
    1722    1282.5162
    1723    1312.1591
    1724    1320.8530
    1725    1307.6527
    1726    1276.1901
    1727    1233.6646
    1728    1189.0426
    1729    1150.8809
    1730    1125.2939
    1731    1114.5954
    1732    1116.9829
    1733    1127.4145
    1734    1139.4726
    1735    1147.6895
    1736    1149.5798
    1737    1146.6626
    1738    1144.0558
    1739    1148.7188
    1740    1166.9091
    1741    1201.7017
    1742    1251.4078
    1743    1309.4434
    1744    1365.7477
    1745    1409.3527
    1746    1431.3179
    1747    1427.1104
    1748    1397.6944
    1749    1349.0396
    1750    1290.2770
    1751    1231.1641
    1752    1179.6867
    1753    1140.5148
    1754    1114.6691
    1755    1100.3055
    1756    1094.1713
    1757    1093.1183
    1758    1095.1210
    1759    1099.5298
    1760    1106.6647
    1761    1117.1302
    1762    1131.2361
    1763    1148.7006
    1764    1168.6118
    1765    1189.5428
    1766    1209.7215
    1767    1227.2110
    1768    1240.0976
    1769    1246.7400
    1770    1246.0924
    1771    1238.0535
    1772    1223.7226
    1773    1205.4157
    1774    1186.3523
    1775    1170.0264
    1776    1159.3818
    1777    1156.0031
    1778    1159.6030
    1779    1168.0961
    1780    1178.4007
    1781    1187.7313
    1782    1194.8084
    1783    1200.3864
    1784    1206.8194
    1785    1216.8299
    1786    1231.9890
    1787    1251.5609
    1788    1272.2511
    1789    1289.0620
    1790    1297.0003
    1791    1292.9780
    1792    1277.1092
    1793    1252.8212
    1794    1225.6952
    1795    1201.5013
    1796    1184.2426
    1797    1174.9976
    1798    1171.9930
    1799    1171.7903
    1800    1171.0131
    1801    1167.8529
    1802    1162.7513
    1803    1158.0485
    1804    1156.8422
    1805    1161.5689
    1806    1172.8877
    1807    1189.2672
    1808    1207.3910
    1809    1223.1989
    1810    1233.1713
    1811    1235.3935
    1812    1230.0387
    1813    1219.1240
    1814    1205.6754
    1815    1192.6651
    1816    1182.1378
    1817    1174.8037
    1818    1170.1129
    1819    1166.6991
    1820    1163.1086
    1821    1158.6181
    1822    1153.7397
    1823    1150.0439
    1824    1149.3527
    1825    1152.7607
    1826    1159.9922
    1827    1169.3845
    1828    1178.4847
    1829    1184.9851
    1830    1187.6093
    1831    1186.5885
    1832    1183.5003
    1833    1180.5182
    1834    1179.4332
    1835    1180.9416
    1836    1184.4456
    1837    1188.3147
    1838    1190.4413
    1839    1188.9402
    1840    1182.8123
    1841    1172.3710
    1842    1159.2987
    1843    1146.3173
    1844    1136.5634
    1845    1132.8233
    1846    1136.7929
    1847    1148.5486
    1848    1166.3775
    1849    1187.0754
    1850    1206.6968
    1851    1221.6022
    1852    1229.5070
    1853    1230.1875
    1854    1225.5635
    1855    1219.0663
    1856    1214.4454
    1857    1214.3861
    1858    1219.4253
    1859    1227.6024
    1860    1235.0481
    1861    1237.3828
    1862    1231.4612
    1863    1216.8109
    1864    1196.1390
    1865    1174.5949
    1866    1157.9702
    1867    1150.5409
    1868    1153.4416
    1869    1164.2525
    1870    1177.9711
    1871    1188.9943
    1872    1193.3279
    1873    1190.1319
    1874    1181.9896
    1875    1173.8001
    1876    1170.7659
    1877    1176.3108
    1878    1190.7443
    1879    1211.1723
    1880    1232.6334
    1881    1249.9459
    1882    1259.5079
    1883    1260.3634
    1884    1254.2053
    1885    1244.4285
    1886    1234.6930
    1887    1227.5942
    1888    1223.9246
    1889    1222.7079
    1890    1221.8543
    1891    1219.0552
    1892    1212.5698
    1893    1201.7448
    1894    1187.2234
    1895    1170.8226
    1896    1155.0768
    1897    1142.5567
    1898    1135.1885
    1899    1133.7912
    1900    1137.9604
    1901    1146.2534
    1902    1156.5523
    1903    1166.5085
    1904    1174.0291
    1905    1177.7733
    1906    1177.5662
    1907    1174.5812
    1908    1171.1452
    1909    1170.1240
    1910    1174.0083
    1911    1183.9752
    1912    1199.2756
    1913    1217.2160
    1914    1233.8261
    1915    1245.0584
    1916    1248.1412
    1917    1242.6005
    1918    1230.5434
    1919    1216.0339
    1920    1203.7462
    1921    1197.3460
    1922    1198.1839
    1923    1204.7801
    1924    1213.2974
    1925    1218.8445
    1926    1217.1537
    1927    1206.0415
    1928    1186.1551
    1929    1160.7751
    1930    1134.7980
    1931    1113.2962
    1932    1100.1703
    1933    1097.2808
    1934    1104.2335
    1935    1118.7357
    1936    1137.2887
    1937    1155.9922
    1938    1171.3240
    1939    1180.8382
    1940    1183.7272
    1941    1181.1289
    1942    1176.0147
    1943    1172.5214
    1944    1174.7613
    1945    1185.3983
    1946    1204.4693
    1947    1228.9235
    1948    1253.1617
    1949    1270.5219
    1950    1275.3105
    1951    1264.7399
    1952    1240.0868
    1953    1206.5995
    1954    1172.0778
    1955    1144.5296
    1956    1129.6912
    1957    1129.2876
    1958    1140.6548
    1959    1157.8499
    1960    1173.8292
    1961    1182.8913
    1962    1182.5061
    1963    1173.9119
    1964    1161.3459
    1965    1150.2727
    1966    1145.3049
    1967    1148.5789
    1968    1159.1241
    1969    1173.3716
    1970    1186.5270
    1971    1194.2513
    1972    1194.0410
    1973    1185.8627
    1974    1171.9314
    1975    1155.8277
    1976    1141.3458
    1977    1131.4658
    1978    1127.7291
    1979    1130.1369
    1980    1137.5164
    1981    1148.1523
    1982    1160.4123
    1983    1173.1537
    1984    1185.8260
    1985    1198.2991
    1986    1210.5293
    1987    1222.2201
    1988    1232.6315
    1989    1240.6283
    1990    1244.9413
    1991    1244.5175
    1992    1238.8161
    1993    1227.9674
    1994    1212.7770
    1995    1194.6236
    1996    1175.2980
    1997    1156.8233
    1998    1141.2545
    1999    1130.4297
    2000    1125.6643
