#Frame              T
       1    3013.0944
       2    2908.7023
       3    2714.9275
       4    2478.0659
       5    2247.5969
       6    2061.2907
       7    1935.4849
       8    1863.4759
       9    1821.9043
      10    1782.1765
      11    1722.4572
      12    1635.9915
      13    1533.1358
      14    1436.7996
      15    1373.4501
      16    1363.4715
      17    1414.4041
      18    1518.7588
      19    1656.2166
      20    1798.9988
      21    1918.7612
      22    1993.2240
      23    2010.9764
      24    1973.4769
      25    1893.9721
      26    1793.7826
      27    1696.9304
      28    1624.4095
      29    1589.4249
      30    1594.6837
      31    1632.3205
      32    1686.4843
      33    1738.0411
      34    1770.3237
      35    1774.3380
      36    1751.6407
      37    1713.6788
      38    1677.6274
      39    1660.0936
      40    1670.8907
      41    1709.1208
      42    1763.0177
      43    1813.6667
      44    1841.2954
      45    1831.9432
      46    1782.2285
      47    1700.6956
      48    1605.4187
      49    1518.6960
      50    1460.3132
      51    1441.2403
      52    1460.2166
      53    1505.2205
      54    1558.9285
      55    1604.9637
      56    1632.4203
      57    1637.8462
      58    1624.8437
      59    1601.8879
      60    1579.2080
      61    1565.6390
      62    1566.3600
      63    1582.1084
      64    1609.6925
      65    1643.0892
      66    1674.6426
      67    1696.3942
      68    1701.7272
      69    1687.2168
      70    1654.1851
      71    1609.2219
      72    1563.0730
      73    1527.8263
      74    1513.0679
      75    1522.3086
      76    1551.1180
      77    1587.9279
      78    1617.5461
      79    1626.3443
      80    1607.3573
      81    1563.3896
      82    1506.8053
      83    1455.8074
      84    1428.3682
      85    1435.9762
      86    1479.5306
      87    1548.9147
      88    1626.3916
      89    1692.5317
      90    1732.4879
      91    1740.3962
      92    1720.4529
      93    1684.5166
      94    1647.3207
      95    1621.1771
      96    1612.0833
      97    1618.4820
      98    1632.8495
      99    1645.2467
     100    1647.3250
     101    1635.2905
     102    1610.9057
     103    1580.4550
     104    1552.3096
     105    1534.1092
     106    1530.5260
     107    1542.2298
     108    1566.1628
     109    1596.7224
     110    1627.1708
     111    1650.8044
     112    1662.0199
     113    1657.5640
     114    1637.6589
     115    1606.3432
     116    1570.7044
     117    1539.1561
     118    1519.1858
     119    1515.1953
     120    1527.1311
     121    1550.4473
     122    1577.5419
     123    1600.2645
     124    1612.6611
     125    1612.9723
     126    1604.0981
     127    1592.2565
     128    1584.2854
     129    1584.6185
     130    1593.1874
     131    1605.1500
     132    1612.6087
     133    1607.6722
     134    1585.6800
     135    1547.3515
     136    1499.0319
     137    1450.9071
     138    1413.7770
     139    1395.4676
     140    1398.2144
     141    1418.2016
     142    1447.5765
     143    1477.9574
     144    1503.6681
     145    1523.2614
     146    1538.8987
     147    1554.1331
     148    1571.2403
     149    1589.3353
     150    1604.1801
     151    1609.9098
     152    1601.9843
     153    1579.8788
     154    1548.0246
     155    1514.4385
     156    1487.6603
     157    1473.4047
     158    1472.4395
     159    1480.6045
     160    1490.9110
     161    1496.7273
     162    1494.6121
     163    1485.5904
     164    1474.4381
     165    1467.4012
     166    1469.3626
     167    1481.6125
     168    1501.0952
     169    1521.4175
     170    1535.2371
     171    1537.1112
     172    1525.6921
     173    1504.3544
     174    1480.0186
     175    1460.7066
     176    1452.8570
     177    1459.4187
     178    1479.2976
     179    1508.1290
     180    1539.8608
     181    1568.4479
     182    1589.1210
     183    1599.0262
     184    1597.3569
     185    1585.1912
     186    1565.1472
     187    1540.9174
     188    1516.7628
     189    1496.9786
     190    1485.1439
     191    1483.0639
     192    1489.8089
     193    1501.5809
     194    1512.8721
     195    1518.6764
     196    1516.8805
     197    1509.7419
     198    1503.6522
     199    1507.0245
     200    1526.9253
     201    1565.6984
     202    1618.9898
     203    1676.1500
     204    1723.1174
     205    1746.8859
     206    1739.9368
     207    1702.9243
     208    1644.5121
     209    1578.3777
     210    1518.5442
     211    1474.8460
     212    1450.2183
     213    1440.6783
     214    1437.7934
     215    1432.5030
     216    1418.7943
     217    1395.9098
     218    1368.4427
     219    1344.4875
     220    1332.6588
     221    1339.0674
     222    1365.2324
     223    1407.5074
     224    1458.0854
     225    1507.1192
     226    1545.1689
     227    1565.2367
     228    1563.9885
     229    1542.1317
     230    1504.1265
     231    1457.3488
     232    1410.6763
     233    1372.5671
     234    1349.1269
     235    1342.8285
     236    1352.1639
     237    1372.1639
     238    1395.7472
     239    1415.8004
     240    1427.4820
     241    1429.8938
     242    1426.3617
     243    1423.0673
     244    1426.4422
     245    1440.2946
     246    1463.8435
     247    1491.5469
     248    1514.9182
     249    1525.6648
     250    1518.9127
     251    1495.2093
     252    1460.4987
     253    1424.0792
     254    1395.3319
     255    1380.5080
     256    1380.8378
     257    1392.6468
     258    1409.3071
     259    1424.0945
     260    1432.7370
     261    1434.6962
     262    1432.8215
     263    1431.6686
     264    1435.2262
     265    1444.9746
     266    1459.0592
     267    1472.9079
     268    1480.9834
     269    1478.8984
     270    1465.0591
     271    1441.2673
     272    1412.1601
     273    1383.7838
     274    1361.8852
     275    1350.5053
     276    1351.2455
     277    1363.2861
     278    1383.9485
     279    1409.4385
     280    1435.5451
     281    1458.3247
     282    1474.8407
     283    1483.9259
     284    1486.7698
     285    1487.0321
     286    1490.1792
     287    1501.9481
     288    1526.2047
     289    1562.8581
     290    1606.7160
     291    1648.0529
     292    1675.1133
     293    1677.9340
     294    1652.1470
     295    1601.2225
     296    1536.1070
     297    1472.1422
     298    1424.2021
     299    1401.7073
     300    1405.3643
     301    1426.9586
     302    1452.4006
     303    1466.9721
     304    1460.8646
     305    1433.0627
     306    1392.3325
     307    1354.7857
     308    1337.8452
     309    1352.3632
     310    1398.0405
     311    1464.6009
     312    1535.9023
     313    1594.8685
     314    1628.3585
     315    1630.6877
     316    1604.6808
     317    1560.0659
     318    1509.9525
     319    1466.7395
     320    1438.8283
     321    1429.0208
     322    1434.7728
     323    1449.8542
     324    1466.6504
     325    1478.3593
     326    1480.6042
     327    1472.2893
     328    1455.7223
     329    1436.0714
     330    1420.2105
     331    1415.0555
     332    1425.6527
     333    1453.4443
     334    1495.2370
     335    1543.3343
     336    1587.0499
     337    1615.4196
     338    1620.4517
     339    1599.9111
     340    1558.5929
     341    1507.4254
     342    1460.4598
     343    1430.6035
     344    1425.5129
     345    1445.1139
     346    1481.7140
     347    1522.7414
     348    1555.1318
     349    1569.7382
     350    1564.1461
     351    1542.9743
     352    1515.7505
     353    1493.2892
     354    1483.8760
     355    1490.5030
     356    1510.0408
     357    1534.6763
     358    1555.1252
     359    1564.2837
     360    1559.7253
     361    1544.1366
     362    1523.8215
     363    1506.1332
     364    1496.9204
     365    1498.8628
     366    1511.1242
     367    1530.2201
     368    1551.5410
     369    1570.7605
     370    1584.5701
     371    1590.6492
     372    1587.3081
     373    1573.3689
     374    1548.5502
     375    1514.2046
     376    1473.9300
     377    1433.5351
     378    1400.0807
     379    1380.1186
     380    1377.6496
     381    1392.5662
     382    1420.3102
     383    1453.0484
     384    1482.0703
     385    1500.5768
     386    1505.8102
     387    1499.7147
     388    1487.8585
     389    1477.0558
     390    1472.6570
     391    1476.5996
     392    1486.9480
     393    1498.9726
     394    1507.2169
     395    1507.7006
     396    1499.4349
     397    1484.7165
     398    1468.1654
     399    1455.0022
     400    1449.3196
     401    1452.9811
     402    1465.3823
     403    1483.9077
     404    1504.7109
     405    1523.5059
     406    1536.2379
     407    1539.6763
     408    1532.0144
     409    1513.4424
     410    1486.5144
     411    1456.0173
     412    1428.1024
     413    1408.6355
     414    1401.1375
     415    1405.2136
     416    1416.3938
     417    1427.5678
     418    1431.5136
     419    1423.7062
     420    1404.4162
     421    1379.1323
     422    1356.9048
     423    1347.0482
     424    1355.3787
     425    1381.4668
     426    1418.1279
     427    1453.5726
     428    1475.5987
     429    1476.3065
     430    1455.4666
     431    1421.0621
     432    1386.5330
     433    1365.5680
     434    1366.4785
     435    1388.6423
     436    1422.7019
     437    1454.3965
     438    1470.2749
     439    1462.9195
     440    1433.6944
     441    1392.0266
     442    1351.5475
     443    1324.6597
     444    1317.7845
     445    1329.2469
     446    1350.5494
     447    1370.2825
     448    1378.9176
     449    1372.5481
     450    1354.2202
     451    1332.4547
     452    1317.6768
     453    1318.0303
     454    1336.2670
     455    1368.9069
     456    1407.8892
     457    1443.8979
     458    1469.9101
     459    1483.5477
     460    1487.4100
     461    1487.3822
     462    1489.6649
     463    1497.8102
     464    1511.1485
     465    1525.3119
     466    1534.3890
     467    1533.4974
     468    1520.6760
     469    1497.5198
     470    1468.4966
     471    1439.3073
     472    1414.9701
     473    1398.3568
     474    1389.6783
     475    1386.9600
     476    1387.1872
     477    1387.6895
     478    1387.3429
     479    1387.1559
     480    1389.9776
     481    1399.4746
     482    1418.8072
     483    1449.4443
     484    1490.4071
     485    1538.0765
     486    1586.5740
     487    1628.6841
     488    1657.2158
     489    1666.6381
     490    1654.6538
     491    1623.2350
     492    1578.6198
     493    1529.9958
     494    1487.0758
     495    1457.2660
     496    1443.3959
     497    1442.8914
     498    1448.8070
     499    1452.5060
     500    1447.1503
     501    1430.6958
     502    1407.0898
     503    1384.9851
     504    1374.3315
     505    1382.1630
     506    1409.3179
     507    1449.4891
     508    1491.1047
     509    1521.4344
     510    1531.3801
     511    1519.0664
     512    1490.6843
     513    1458.0665
     514    1433.8528
     515    1426.2313
     516    1435.5078
     517    1453.9830
     518    1469.1782
     519    1469.0318
     520    1446.9241
     521    1404.4955
     522    1351.1846
     523    1300.7465
     524    1266.2292
     525    1255.3992
     526    1268.3484
     527    1298.0716
     528    1333.5991
     529    1364.3000
     530    1383.6248
     531    1390.8979
     532    1390.6408
     533    1389.9250
     534    1394.9979
     535    1408.6376
     536    1429.2441
     537    1451.8668
     538    1470.5206
     539    1480.6809
     540    1480.8834
     541    1472.8507
     542    1460.2889
     543    1447.0789
     544    1435.8012
     545    1427.2344
     546    1420.8830
     547    1416.0106
     548    1412.4486
     549    1410.7015
     550    1411.3960
     551    1414.5423
     552    1419.1797
     553    1423.6952
     554    1426.6677
     555    1427.7504
     556    1428.0599
     557    1429.7633
     558    1435.0239
     559    1444.8252
     560    1458.2495
     561    1472.5266
     562    1483.8279
     563    1488.5414
     564    1484.6112
     565    1472.3937
     566    1454.6063
     567    1435.3238
     568    1418.4286
     569    1406.1554
     570    1398.3194
     571    1392.5795
     572    1385.7761
     573    1375.8161
     574    1363.0538
     575    1350.3181
     576    1341.5858
     577    1340.0208
     578    1346.4242
     579    1358.9780
     580    1374.4314
     581    1389.9607
     582    1404.5964
     583    1419.4758
     584    1436.8285
     585    1458.1994
     586    1482.8083
     587    1506.9424
     588    1524.8404
     589    1530.8196
     590    1521.7598
     591    1498.7923
     592    1467.3109
     593    1435.1360
     594    1409.5118
     595    1394.2214
     596    1388.1204
     597    1385.8273
     598    1380.3714
     599    1366.7167
     600    1344.6010
     601    1319.3507
     602    1300.1408
     603    1296.2647
     604    1312.9286
     605    1348.3854
     606    1393.7466
     607    1435.7266
     608    1461.3754
     609    1462.9727
     610    1441.0894
     611    1404.5254
     612    1367.0830
     613    1342.4380
     614    1339.0991
     615    1357.3995
     616    1389.6526
     617    1423.3483
     618    1446.0765
     619    1450.2240
     620    1435.6193
     621    1409.1939
     622    1381.9637
     623    1364.6874
     624    1363.9704
     625    1380.2422
     626    1408.1324
     627    1438.8066
     628    1463.1482
     629    1474.5651
     630    1470.5440
     631    1452.7171
     632    1425.7768
     633    1395.8987
     634    1369.2786
     635    1351.1224
     636    1344.9929
     637    1352.1297
     638    1370.6588
     639    1395.5613
     640    1420.2636
     641    1439.1576
     642    1449.4945
     643    1451.9204
     644    1449.8205
     645    1447.8195
     646    1449.8380
     647    1457.2751
     648    1467.9984
     649    1476.6593
     650    1476.4145
     651    1461.5363
     652    1429.9697
     653    1384.7894
     654    1333.8520
     655    1287.6131
     656    1255.8313
     657    1244.4062
     658    1253.5997
     659    1278.3312
     660    1310.3676
     661    1341.4621
     662    1366.1619
     663    1383.2059
     664    1395.1064
     665    1406.2801
     666    1420.6710
     667    1439.9089
     668    1462.7021
     669    1485.6018
     670    1504.6576
     671    1517.1204
     672    1522.3502
     673    1521.5362
     674    1516.4380
     675    1507.8814
     676    1494.8700
     677    1474.8872
     678    1445.4520
     679    1406.2974
     680    1360.9841
     681    1316.7814
     682    1282.4254
     683    1264.5686
     684    1264.6423
     685    1277.8251
     686    1294.7700
     687    1305.4167
     688    1303.3179
     689    1288.6218
     690    1268.3006
     691    1253.4283
     692    1254.7334
     693    1278.2408
     694    1322.6133
     695    1379.2265
     696    1435.0507
     697    1477.1523
     698    1496.9050
     699    1492.3599
     700    1468.3904
     701    1434.9189
     702    1403.5878
     703    1383.6723
     704    1378.7994
     705    1386.0126
     706    1397.6170
     707    1404.8452
     708    1401.6101
     709    1386.8163
     710    1364.5000
     711    1341.9994
     712    1327.0663
     713    1325.1457
     714    1337.8211
     715    1362.8139
     716    1395.2190
     717    1429.2517
     718    1459.7351
     719    1482.8761
     720    1496.3560
     721    1499.1075
     722    1491.2083
     723    1474.0596
     724    1450.6287
     725    1425.3295
     726    1403.2036
     727    1388.4659
     728    1382.9197
     729    1385.0304
     730    1390.2824
     731    1392.9130
     732    1388.4087
     733    1375.7054
     734    1358.0632
     735    1342.0962
     736    1335.1874
     737    1342.2305
     738    1363.0286
     739    1391.5488
     740    1417.5382
     741    1430.0512
     742    1421.5891
     743    1391.1943
     744    1345.1814
     745    1295.1275
     746    1253.9046
     747    1231.3879
     748    1231.5008
     749    1251.5483
     750    1283.7709
     751    1318.2881
     752    1346.2747
     753    1362.3475
     754    1365.6018
     755    1359.1774
     756    1348.6637
     757    1339.9972
     758    1337.6744
     759    1343.8102
     760    1358.0125
     761    1377.6883
     762    1398.6424
     763    1416.1908
     764    1426.7176
     765    1428.9718
     766    1424.3692
     767    1416.2579
     768    1408.7491
     769    1405.6346
     770    1409.4312
     771    1420.4732
     772    1436.2910
     773    1451.6911
     774    1459.8340
     775    1454.2062
     776    1430.9165
     777    1390.4636
     778    1338.1791
     779    1282.9837
     780    1234.7381
     781    1201.0876
     782    1185.0033
     783    1184.0477
     784    1191.7034
     785    1200.2344
     786    1203.9319
     787    1201.4905
     788    1196.6238
     789    1196.6207
     790    1209.3109
     791    1239.5771
     792    1286.8397
     793    1344.6168
     794    1402.3851
     795    1449.0022
     796    1476.3246
     797    1481.6707
     798    1468.2698
     799    1443.5935
     800    1416.2499
     801    1392.7128
     802    1375.2329
     803    1361.7500
     804    1347.7332
     805    1329.0055
     806    1304.2194
     807    1275.8715
     808    1249.4987
     809    1231.5510
     810    1226.9583
     811    1237.3945
     812    1260.8629
     813    1292.6547
     814    1327.1877
     815    1359.9171
     816    1388.5310
     817    1413.0348
     818    1434.8259
     819    1455.2724
     820    1474.4806
     821    1490.7912
     822    1501.2030
     823    1502.4980
     824    1492.5430
     825    1471.1984
     826    1440.4897
     827    1404.0231
     828    1365.9650
     829    1330.0144
     830    1298.7252
     831    1273.3070
     832    1253.8236
     833    1239.5898
     834    1229.5949
     835    1222.8548
     836    1218.6712
     837    1216.8253
     838    1217.7204
     839    1222.4092
     840    1232.3659
     841    1248.9056
     842    1272.3515
     843    1301.3089
     844    1332.4752
     845    1361.2140
     846    1382.8072
     847    1393.9873
     848    1394.1973
     849    1386.0073
     850    1374.3920
     851    1364.9993
     852    1362.0038
     853    1366.4003
     854    1375.5155
     855    1384.0490
     856    1386.2946
     857    1378.6378
     858    1361.2685
     859    1338.3636
     860    1316.6301
     861    1302.7572
     862    1300.8251
     863    1310.8039
     864    1328.8349
     865    1349.0927
     866    1366.2739
     867    1377.5659
     868    1383.3194
     869    1386.2443
     870    1389.5907
     871    1395.1820
     872    1402.2339
     873    1407.5407
     874    1406.9724
     875    1397.5842
     876    1379.2971
     877    1355.3035
     878    1330.9858
     879    1311.8485
     880    1301.3308
     881    1299.3710
     882    1302.3555
     883    1304.6209
     884    1300.9821
     885    1289.1841
     886    1271.1060
     887    1252.1385
     888    1239.0206
     889    1237.0686
     890    1247.9923
     891    1269.2215
     892    1295.0155
     893    1318.8049
     894    1335.7201
     895    1344.2537
     896    1346.4664
     897    1346.7700
     898    1349.8569
     899    1358.6251
     900    1372.8901
     901    1389.3708
     902    1402.9360
     903    1408.6373
     904    1403.6920
     905    1388.5768
     906    1366.8148
     907    1343.6539
     908    1324.2577
     909    1312.0976
     910    1308.0484
     911    1310.3958
     912    1315.6456
     913    1319.7946
     914    1319.5906
     915    1313.3548
     916    1301.1424
     917    1284.3472
     918    1265.1280
     919    1245.9891
     920    1229.5238
     921    1218.0706
     922    1213.0927
     923    1214.4742
     924    1220.2342
     925    1227.0204
     926    1231.2562
     927    1230.4406
     928    1224.1201
     929    1214.2001
     930    1204.4511
     931    1199.2952
     932    1202.2314
     933    1214.4344
     934    1234.0733
     935    1256.7453
     936    1277.0715
     937    1290.8967
     938    1297.0746
     939    1297.9146
     940    1298.0526
     941    1302.2497
     942    1313.0108
     943    1328.9805
     944    1344.9586
     945    1353.9014
     946    1350.1960
     947    1332.4996
     948    1304.6341
     949    1274.2306
     950    1249.9247
     951    1238.2727
     952    1241.4956
     953    1256.8648
     954    1277.9715
     955    1297.3102
     956    1309.0316
     957    1310.7112
     958    1303.5443
     959    1291.1451
     960    1277.7026
     961    1266.3977
     962    1258.7419
     963    1254.9642
     964    1254.9655
     965    1259.0696
     966    1268.0415
     967    1282.3695
     968    1301.2630
     969    1322.0708
     970    1340.6996
     971    1353.0305
     972    1356.7157
     973    1352.4919
     974    1344.3076
     975    1337.9978
     976    1338.8695
     977    1349.1429
     978    1366.3956
     979    1383.8307
     980    1392.4451
     981    1384.3849
     982    1356.2409
     983    1310.9913
     984    1257.6873
     985    1208.7112
     986    1175.4369
     987    1164.0434
     988    1173.4101
     989    1195.9774
     990    1220.9310
     991    1238.2524
     992    1242.1574
     993    1232.8343
     994    1215.9829
     995    1200.4090
     996    1194.6281
     997    1203.7759
     998    1227.9186
     999    1262.2593
    1000    1298.9983
    1001    1330.0172
    1002    1349.5040
    1003    1355.5358
    1004    1350.2535
    1005    1338.6570
    1006    1326.5720
    1007    1318.6727
    1008    1317.3464
    1009    1322.6394
    1010    1332.9123
    1011    1345.6184
    1012    1357.8764
    1013    1366.8438
    1014    1370.0405
    1015    1365.6637
    1016    1352.8542
    1017    1331.9695
    1018    1304.9573
    1019    1275.5275
    1020    1248.5568
    1021    1228.6063
    1022    1218.1600
    1023    1216.4905
    1024    1219.8116
    1025    1222.7843
    1026    1220.7991
    1027    1212.0814
    1028    1198.7059
    1029    1186.0317
    1030    1180.6983
    1031    1187.9102
    1032    1209.0786
    1033    1240.8209
    1034    1275.7952
    1035    1305.0849
    1036    1321.2071
    1037    1320.5879
    1038    1304.5952
    1039    1278.8487
    1040    1251.1849
    1041    1229.0951
    1042    1217.5325
    1043    1217.7621
    1044    1227.4923
    1045    1242.0413
    1046    1255.9825
    1047    1264.7051
    1048    1265.4781
    1049    1257.8611
    1050    1243.5239
    1051    1225.6695
    1052    1208.2578
    1053    1195.1788
    1054    1189.4213
    1055    1192.2978
    1056    1202.8724
    1057    1217.8499
    1058    1232.1726
    1059    1240.3788
    1060    1238.4596
    1061    1225.6176
    1062    1205.1918
    1063    1184.1553
    1064    1171.1035
    1065    1173.2645
    1066    1193.5610
    1067    1228.8763
    1068    1270.3448
    1069    1305.7830
    1070    1323.5942
    1071    1316.8141
    1072    1285.7832
    1073    1238.3472
    1074    1187.4075
    1075    1146.7104
    1076    1126.4294
    1077    1130.1011
    1078    1153.9146
    1079    1188.5343
    1080    1222.8010
    1081    1247.9000
    1082    1260.2986
    1083    1262.3510
    1084    1260.5843
    1085    1262.5925
    1086    1273.8650
    1087    1295.7230
    1088    1324.9923
    1089    1355.3145
    1090    1379.3994
    1091    1391.2677
    1092    1387.6882
    1093    1368.4827
    1094    1335.9174
    1095    1293.7531
    1096    1246.5476
    1097    1199.4089
    1098    1157.9104
    1099    1127.6626
    1100    1113.3203
    1101    1117.2625
    1102    1138.4599
    1103    1172.0855
    1104    1210.2914
    1105    1244.1987
    1106    1266.5871
    1107    1274.3197
    1108    1269.4818
    1109    1258.6137
    1110    1250.1556
    1111    1250.9980
    1112    1263.4935
    1113    1284.1898
    1114    1304.8878
    1115    1315.6978
    1116    1308.9347
    1117    1282.3381
    1118    1240.3617
    1119    1193.0397
    1120    1152.8543
    1121    1130.7325
    1122    1132.5941
    1123    1157.6136
    1124    1198.6851
    1125    1244.7778
    1126    1284.3240
    1127    1308.5878
    1128    1314.0098
    1129    1302.7918
    1130    1281.5472
    1131    1258.5900
    1132    1240.9676
    1133    1232.3098
    1134    1232.1435
    1135    1236.7040
    1136    1240.7664
    1137    1239.7672
    1138    1231.5165
    1139    1217.0435
    1140    1200.3883
    1141    1187.4214
    1142    1184.0028
    1143    1193.9708
    1144    1217.5522
    1145    1250.7417
    1146    1285.9778
    1147    1314.1045
    1148    1327.1722
    1149    1321.2367
    1150    1298.1363
    1151    1265.4046
    1152    1234.0371
    1153    1214.6768
    1154    1213.6389
    1155    1230.4966
    1156    1258.2332
    1157    1285.8306
    1158    1302.3274
    1159    1300.9473
    1160    1281.7822
    1161    1251.9218
    1162    1222.8481
    1163    1206.0253
    1164    1208.3835
    1165    1229.4963
    1166    1261.6024
    1167    1292.5406
    1168    1310.4849
    1169    1308.5930
    1170    1287.6497
    1171    1255.6283
    1172    1224.4056
    1173    1205.0219
    1174    1203.4226
    1175    1218.3328
    1176    1242.0309
    1177    1263.6953
    1178    1274.0047
    1179    1269.0891
    1180    1252.0858
    1181    1231.5954
    1182    1217.7980
    1183    1218.0193
    1184    1233.6701
    1185    1259.7665
    1186    1287.1218
    1187    1306.2127
    1188    1311.0873
    1189    1301.6734
    1190    1283.5602
    1191    1265.4241
    1192    1255.2868
    1193    1257.2485
    1194    1270.0316
    1195    1287.8315
    1196    1302.9865
    1197    1309.2455
    1198    1304.2467
    1199    1290.2298
    1200    1272.7924
    1201    1258.3608
    1202    1251.5230
    1203    1253.2987
    1204    1260.9250
    1205    1269.0974
    1206    1272.0974
    1207    1265.9690
    1208    1249.9544
    1209    1226.6997
    1210    1201.2309
    1211    1179.1612
    1212    1164.8582
    1213    1160.2482
    1214    1164.6060
    1215    1175.2472
    1216    1188.7118
    1217    1201.9188
    1218    1212.8917
    1219    1220.9332
    1220    1226.3908
    1221    1230.2865
    1222    1233.9353
    1223    1238.5133
    1224    1244.6145
    1225    1251.9718
    1226    1259.5508
    1227    1266.0860
    1228    1270.8268
    1229    1274.0789
    1230    1277.2149
    1231    1282.1044
    1232    1290.1618
    1233    1301.4156
    1234    1314.0684
    1235    1324.8989
    1236    1330.4802
    1237    1328.7720
    1238    1320.3875
    1239    1308.8598
    1240    1299.5688
    1241    1297.5913
    1242    1305.3013
    1243    1320.7754
    1244    1337.7692
    1245    1347.4499
    1246    1341.4807
    1247    1315.5096
    1248    1271.6579
    1249    1218.6866
    1250    1169.4252
    1251    1136.3016
    1252    1126.6926
    1253    1139.9601
    1254    1167.4626
    1255    1195.7093
    1256    1211.5929
    1257    1207.7147
    1258    1185.6181
    1259    1155.4396
    1260    1131.9809
    1261    1128.8569
    1262    1153.1778
    1263    1202.7778
    1264    1266.8496
    1265    1329.6593
    1266    1375.9770
    1267    1396.2357
    1268    1389.5327
    1269    1363.4288
    1270    1330.7480
    1271    1304.6522
    1272    1293.8680
    1273    1299.8314
    1274    1316.7231
    1275    1334.2259
    1276    1341.7939
    1277    1332.7455
    1278    1306.6406
    1279    1269.1667
    1280    1229.7613
    1281    1198.1165
    1282    1181.0260
    1283    1180.7033
    1284    1194.9086
    1285    1218.5069
    1286    1245.5978
    1287    1271.2897
    1288    1292.5036
    1289    1307.7706
    1290    1316.4873
    1291    1318.2564
    1292    1312.7366
    1293    1300.0301
    1294    1281.2767
    1295    1259.0070
    1296    1236.9101
    1297    1218.9719
    1298    1208.2527
    1299    1205.7899
    1300    1210.1159
    1301    1217.6800
    1302    1224.1039
    1303    1225.8229
    1304    1221.5018
    1305    1212.6581
    1306    1203.2217
    1307    1198.1313
    1308    1201.4360
    1309    1214.5919
    1310    1235.5994
    1311    1259.2988
    1312    1278.7141
    1313    1287.0018
    1314    1279.4861
    1315    1255.2842
    1316    1218.0409
    1317    1175.3799
    1318    1137.0544
    1319    1112.2482
    1320    1106.8496
    1321    1121.5718
    1322    1151.5844
    1323    1187.8802
    1324    1220.0543
    1325    1239.6813
    1326    1243.1839
    1327    1233.1512
    1328    1217.5037
    1329    1206.6598
    1330    1209.6477
    1331    1230.5718
    1332    1266.7764
    1333    1309.4379
    1334    1346.4318
    1335    1366.5072
    1336    1363.3056
    1337    1337.7553
    1338    1297.9195
    1339    1256.2863
    1340    1225.4529
    1341    1213.7790
    1342    1222.6244
    1343    1246.1992
    1344    1274.0615
    1345    1295.2796
    1346    1302.6205
    1347    1295.1169
    1348    1278.0305
    1349    1260.2730
    1350    1250.3757
    1351    1252.6926
    1352    1265.4246
    1353    1281.2986
    1354    1290.6478
    1355    1285.6268
    1356    1263.8098
    1357    1229.6340
    1358    1193.0115
    1359    1165.6298
    1360    1156.4591
    1361    1168.3232
    1362    1196.8403
    1363    1231.9929
    1364    1261.7193
    1365    1276.3952
    1366    1272.5300
    1367    1253.9242
    1368    1229.6894
    1369    1210.1229
    1370    1202.3554
    1371    1207.6273
    1372    1221.2233
    1373    1234.9029
    1374    1240.6275
    1375    1233.9408
    1376    1215.6662
    1377    1191.4006
    1378    1169.2200
    1379    1156.6949
    1380    1158.4202
    1381    1174.8526
    1382    1202.6533
    1383    1236.1854
    1384    1269.5159
    1385    1298.1509
    1386    1319.8965
    1387    1334.6311
    1388    1343.3025
    1389    1346.8117
    1390    1345.3936
    1391    1338.7324
    1392    1326.6188
    1393    1309.6830
    1394    1289.7194
    1395    1269.3692
    1396    1251.2773
    1397    1237.1247
    1398    1227.0356
    1399    1219.6740
    1400    1213.0073
    1401    1205.3826
    1402    1196.3995
    1403    1187.1597
    1404    1179.7683
    1405    1176.3145
    1406    1177.7967
    1407    1183.4818
    1408    1191.0055
    1409    1197.2156
    1410    1199.4580
    1411    1196.7897
    1412    1190.6087
    1413    1184.4011
    1414    1182.6760
    1415    1189.4945
    1416    1207.1487
    1417    1235.4390
    1418    1271.7084
    1419    1311.5039
    1420    1349.6037
    1421    1381.1740
    1422    1402.8128
    1423    1413.2025
    1424    1413.1519
    1425    1405.0359
    1426    1391.8464
    1427    1376.1516
    1428    1359.2667
    1429    1340.8620
    1430    1319.1399
    1431    1291.5810
    1432    1256.1102
    1433    1212.3845
    1434    1162.7873
    1435    1112.7054
    1436    1069.7854
    1437    1042.1403
    1438    1035.8995
    1439    1052.8894
    1440    1089.3819
    1441    1136.5828
    1442    1182.9180
    1443    1217.4655
    1444    1233.4045
    1445    1230.2728
    1446    1214.1380
    1447    1195.4710
    1448    1185.3208
    1449    1191.0935
    1450    1213.5113
    1451    1246.0000
    1452    1276.8988
    1453    1293.8027
    1454    1288.4652
    1455    1260.3681
    1456    1217.5027
    1457    1173.9285
    1458    1144.9158
    1459    1141.4343
    1460    1166.0437
    1461    1211.7468
    1462    1264.2737
    1463    1306.9785
    1464    1326.5549
    1465    1317.4918
    1466    1283.6811
    1467    1236.6768
    1468    1191.3476
    1469    1160.6016
    1470    1151.1295
    1471    1161.6351
    1472    1184.0117
    1473    1206.8138
    1474    1219.5958
    1475    1216.5084
    1476    1197.9716
    1477    1170.0198
    1478    1141.7917
    1479    1122.2358
    1480    1117.2795
    1481    1128.3766
    1482    1152.7300
    1483    1184.8073
    1484    1218.3504
    1485    1248.1016
    1486    1270.7821
    1487    1285.2578
    1488    1292.1247
    1489    1293.0452
    1490    1290.1138
    1491    1285.3858
    1492    1280.5532
    1493    1276.7605
    1494    1274.5561
    1495    1273.9137
    1496    1274.2374
    1497    1274.3618
    1498    1272.6627
    1499    1267.3923
    1500    1257.2204
    1501    1241.8072
    1502    1222.1489
    1503    1200.4877
    1504    1179.7509
    1505    1162.7002
    1506    1151.0954
    1507    1145.1628
    1508    1143.5689
    1509    1143.9400
    1510    1143.8031
    1511    1141.6289
    1512    1137.5295
    1513    1133.2671
    1514    1131.5224
    1515    1134.7219
    1516    1143.9246
    1517    1158.2169
    1518    1174.8319
    1519    1189.9336
    1520    1199.8055
    1521    1202.0706
    1522    1196.5847
    1523    1185.7185
    1524    1173.9135
    1525    1166.5705
    1526    1168.5077
    1527    1182.3789
    1528    1207.5405
    1529    1239.8105
    1530    1272.3445
    1531    1297.4860
    1532    1309.0935
    1533    1304.6160
    1534    1286.1694
    1535    1260.0830
    1536    1234.8699
    1537    1218.2571
    1538    1214.4204
    1539    1222.4132
    1540    1236.2283
    1541    1246.6344
    1542    1244.5801
    1543    1225.0133
    1544    1189.3656
    1545    1145.5251
    1546    1105.2834
    1547    1080.2149
    1548    1077.4966
    1549    1097.2370
    1550    1132.3478
    1551    1171.0545
    1552    1201.1526
    1553    1214.4621
    1554    1209.8147
    1555    1193.4160
    1556    1176.3489
    1557    1170.1004
    1558    1181.8212
    1559    1211.2381
    1560    1250.5089
    1561    1287.1104
    1562    1308.6293
    1563    1307.5566
    1564    1284.2299
    1565    1246.7722
    1566    1208.0315
    1567    1180.6565
    1568    1172.2705
    1569    1182.7741
    1570    1204.9017
    1571    1227.6280
    1572    1240.8060
    1573    1239.1328
    1574    1223.9641
    1575    1202.3814
    1576    1183.9774
    1577    1176.7063
    1578    1183.5309
    1579    1201.2761
    1580    1222.1927
    1581    1237.5057
    1582    1241.3035
    1583    1232.9809
    1584    1217.0633
    1585    1200.4165
    1586    1188.4339
    1587    1182.6752
    1588    1181.1369
    1589    1180.2624
    1590    1177.2311
    1591    1171.5515
    1592    1165.4082
    1593    1162.6597
    1594    1166.9724
    1595    1179.9714
    1596    1200.2350
    1597    1223.5713
    1598    1244.4854
    1599    1258.2726
    1600    1262.8785
    1601    1259.6967
    1602    1252.8816
    1603    1247.3998
    1604    1246.6582
    1605    1250.7805
    1606    1256.3473
    1607    1257.7345
    1608    1249.5123
    1609    1228.9230
    1610    1197.4271
    1611    1160.6351
    1612    1126.5880
    1613    1103.0121
    1614    1094.6153
    1615    1101.4998
    1616    1119.3092
    1617    1141.0560
    1618    1159.8726
    1619    1171.5901
    1620    1176.1356
    1621    1177.2323
    1622    1180.5630
    1623    1191.1540
    1624    1211.0849
    1625    1238.4898
    1626    1268.2099
    1627    1293.7129
    1628    1309.4498
    1629    1312.7442
    1630    1304.5622
    1631    1288.9718
    1632    1271.5947
    1633    1257.6914
    1634    1250.5790
    1635    1250.8448
    1636    1256.4825
    1637    1263.7513
    1638    1268.3960
    1639    1266.8837
    1640    1257.3768
    1641    1240.2479
    1642    1218.0213
    1643    1194.7210
    1644    1174.7474
    1645    1161.5619
    1646    1156.5578
    1647    1158.5024
    1648    1163.8041
    1649    1167.6236
    1650    1165.5716
    1651    1155.4663
    1652    1138.4425
    1653    1118.7383
    1654    1102.0949
    1655    1093.6579
    1656    1096.3988
    1657    1110.3031
    1658    1132.2541
    1659    1156.8296
    1660    1178.1467
    1661    1192.2896
    1662    1199.2465
    1663    1202.9982
    1664    1209.1154
    1665    1221.3742
    1666    1240.1496
    1667    1263.0257
    1668    1286.0040
    1669    1304.6333
    1670    1315.2774
    1671    1316.3583
    1672    1308.9881
    1673    1296.5636
    1674    1283.3679
    1675    1272.7534
    1676    1265.7206
    1677    1260.5766
    1678    1253.8825
    1679    1242.2849
    1680    1224.3701
    1681    1201.6304
    1682    1178.0003
    1683    1158.1116
    1684    1145.0656
    1685    1138.8229
    1686    1136.0684
    1687    1131.7277
    1688    1121.5028
    1689    1104.2785
    1690    1083.2476
    1691    1065.1433
    1692    1057.7834
    1693    1066.8806
    1694    1093.4366
    1695    1132.8801
    1696    1176.4016
    1697    1214.0469
    1698    1238.3606
    1699    1247.1091
    1700    1243.9474
    1701    1236.7127
    1702    1233.9944
    1703    1241.3756
    1704    1258.9056
    1705    1280.8929
    1706    1298.1345
    1707    1301.6955
    1708    1286.6936
    1709    1254.5489
    1710    1212.7748
    1711    1172.3617
    1712    1143.7785
    1713    1133.1616
    1714    1140.1730
    1715    1158.3125
    1716    1177.5044
    1717    1187.9167
    1718    1183.5627
    1719    1164.3823
    1720    1136.1241
    1721    1108.1643
    1722    1090.1273
    1723    1088.5479
    1724    1104.7281
    1725    1134.4528
    1726    1169.5363
    1727    1200.5640
    1728    1219.8765
    1729    1223.8356
    1730    1213.7158
    1731    1195.0262
    1732    1175.5833
    1733    1163.0018
    1734    1162.4033
    1735    1174.9957
    1736    1197.8871
    1737    1225.1253
    1738    1249.6009
    1739    1265.2109
    1740    1268.6099
    1741    1260.0383
    1742    1242.9938
    1743    1222.8904
    1744    1205.1605
    1745    1193.4424
    1746    1188.4714
    1747    1188.0716
    1748    1188.2655
    1749    1185.1159
    1750    1176.5849
    1751    1163.5919
    1752    1149.7242
    1753    1139.7134
    1754    1137.4381
    1755    1144.3373
    1756    1158.7773
    1757    1176.5603
    1758    1192.4446
    1759    1202.1427
    1760    1203.9775
    1761    1199.4225
    1762    1192.2378
    1763    1186.5813
    1764    1184.9680
    1765    1187.0306
    1766    1189.6729
    1767    1188.6167
    1768    1180.7180
    1769    1166.0038
    1770    1148.3876
    1771    1134.5187
    1772    1131.0462
    1773    1141.3996
    1774    1163.5996
    1775    1190.3903
    1776    1212.0630
    1777    1220.9006
    1778    1214.5949
    1779    1196.2745
    1780    1172.3899
    1781    1151.0907
    1782    1140.2254
    1783    1144.0601
    1784    1160.7101
    1785    1182.2730
    1786    1197.8585
    1787    1198.2219
    1788    1179.9731
    1789    1147.4855
    1790    1111.6103
    1791    1085.6551
    1792    1080.2434
    1793    1099.1326
    1794    1137.6832
    1795    1184.5747
    1796    1226.0649
    1797    1251.1002
    1798    1255.2995
    1799    1242.3363
    1800    1222.2698
    1801    1207.5383
    1802    1208.1586
    1803    1227.8653
    1804    1262.5359
    1805    1301.5403
    1806    1331.6797
    1807    1342.2430
    1808    1329.0453
    1809    1295.7971
    1810    1252.4316
    1811    1211.2702
    1812    1182.6271
    1813    1171.5190
    1814    1176.5785
    1815    1191.3055
    1816    1206.8994
    1817    1215.4673
    1818    1212.4804
    1819    1197.7660
    1820    1174.9179
    1821    1149.5588
    1822    1127.2396
    1823    1111.7958
    1824    1104.6772
    1825    1105.2892
    1826    1111.9374
    1827    1122.7850
    1828    1136.3538
    1829    1151.4594
    1830    1166.8137
    1831    1180.7247
    1832    1191.2389
    1833    1196.7779
    1834    1196.9836
    1835    1193.2978
    1836    1188.8698
    1837    1187.6548
    1838    1192.9484
    1839    1205.9074
    1840    1224.7162
    1841    1244.8318
    1842    1260.2830
    1843    1265.5374
    1844    1257.2753
    1845    1235.5187
    1846    1203.8230
    1847    1168.5040
    1848    1137.1019
    1849    1116.4668
    1850    1110.9551
    1851    1121.2061
    1852    1143.8478
    1853    1172.2756
    1854    1198.3805
    1855    1214.8332
    1856    1217.3180
    1857    1205.9998
    1858    1185.6414
    1859    1164.1354
    1860    1149.7508
    1861    1147.9816
    1862    1159.1710
    1863    1177.9345
    1864    1194.7886
    1865    1199.5430
    1866    1185.2998
    1867    1151.5451
    1868    1105.0990
    1869    1058.4085
    1870    1025.6436
    1871    1017.9309
    1872    1039.4771
    1873    1086.0804
    1874    1146.5979
    1875    1206.7660
    1876    1253.8957
    1877    1280.7252
    1878    1287.1030
    1879    1279.0642
    1880    1265.8159
    1881    1255.8619
    1882    1253.7268
    1883    1258.4948
    1884    1264.6569
    1885    1264.8671
    1886    1253.4179
    1887    1228.9677
    1888    1195.3419
    1889    1160.1096
    1890    1131.6590
    1891    1116.1228
    1892    1115.4499
    1893    1127.2541
    1894    1146.2932
    1895    1166.8077
    1896    1184.6736
    1897    1198.4791
    1898    1209.1661
    1899    1218.5527
    1900    1227.5974
    1901    1235.3583
    1902    1239.1533
    1903    1235.7818
    1904    1223.2973
    1905    1202.6590
    1906    1178.3621
    1907    1157.3500
    1908    1146.4585
    1909    1149.5534
    1910    1165.7006
    1911    1189.2155
    1912    1211.6351
    1913    1224.8576
    1914    1224.2233
    1915    1210.3254
    1916    1188.8531
    1917    1168.4675
    1918    1157.3879
    1919    1159.9700
    1920    1174.7458
    1921    1194.8466
    1922    1210.6345
    1923    1213.3980
    1924    1198.6734
    1925    1167.9898
    1926    1128.4853
    1927    1090.6188
    1928    1064.8550
    1929    1058.4780
    1930    1073.5556
    1931    1106.6356
    1932    1150.1103
    1933    1194.6595
    1934    1231.8875
    1935    1256.3278
    1936    1266.2995
    1937    1263.5451
    1938    1251.9527
    1939    1235.9043
    1940    1218.8184
    1941    1202.3267
    1942    1186.2693
    1943    1169.4014
    1944    1150.4542
    1945    1129.1105
    1946    1106.5625
    1947    1085.5051
    1948    1069.5621
    1949    1062.2919
    1950    1066.0543
    1951    1081.1902
    1952    1105.8909
    1953    1136.8523
    1954    1170.3710
    1955    1203.3107
    1956    1233.5453
    1957    1259.8038
    1958    1281.1318
    1959    1296.2871
    1960    1303.4040
    1961    1300.1677
    1962    1284.5385
    1963    1255.8085
    1964    1215.5648
    1965    1168.0968
    1966    1119.9475
    1967    1078.6031
    1968    1050.6345
    1969    1039.8311
    1970    1045.9758
    1971    1064.7976
    1972    1089.2803
    1973    1111.9970
    1974    1127.6724
    1975    1134.9883
    1976    1136.8470
    1977    1138.9043
    1978    1146.8860
    1979    1163.7540
    1980    1187.9008
    1981    1213.2056
    1982    1231.0766
    1983    1233.7924
    1984    1217.8243
    1985    1185.7314
    1986    1145.7533
    1987    1109.1384
    1988    1086.1975
    1989    1082.5786
    1990    1097.2049
    1991    1122.6986
    1992    1148.1901
    1993    1163.4793
    1994    1162.9451
    1995    1147.6358
    1996    1124.6985
    1997    1104.4077
    1998    1096.0402
    1999    1104.2444
    2000    1127.3075
