#Frame              T
       1    1243.9850
       2    1197.0685
       3    1208.8426
       4    1231.9762
       5    1111.6717
       6    1083.2046
       7    1030.0629
       8    1122.0488
       9    1016.0297
      10    1154.4179
      11    1007.9882
      12     995.6549
      13     902.9935
      14    1012.7352
      15    1012.3533
      16     942.9865
      17     860.9758
      18     857.8489
      19     942.2853
      20     946.1918
      21     915.5059
      22    1046.6663
      23     896.4256
      24     885.8893
      25     939.7044
      26     891.6228
      27     879.6121
      28     902.8859
      29     772.7472
      30     881.3653
      31     904.5562
      32     878.7305
      33     857.0939
      34     797.3803
      35     887.6259
      36     899.6853
      37     792.9206
      38     855.8675
      39     852.4777
      40     866.9019
      41     755.5839
      42     858.0624
      43     848.9776
      44     892.7983
      45     767.2415
      46     837.8894
      47     759.3239
      48     838.7461
      49     770.1388
      50     824.0982
      51     780.8848
      52     759.9875
      53     760.4636
      54     764.8832
      55     797.0890
      56     730.5189
      57     731.5546
      58     661.5257
      59     673.2660
      60     669.0406
      61     732.5789
      62     653.2755
      63     691.1551
      64     751.0153
      65     749.7436
      66     697.2619
      67     647.6194
      68     650.8555
      69     618.5237
      70     645.8155
      71     668.2167
      72     700.9260
      73     694.0490
      74     643.7455
      75     656.8941
      76     693.9983
      77     709.3557
      78     629.1972
      79     723.8534
      80     638.9453
      81     665.3075
      82     605.4495
      83     652.7235
      84     639.2904
      85     635.4401
      86     671.5276
      87     606.5243
      88     595.8671
      89     591.0084
      90     594.6088
      91     634.6426
      92     605.2299
      93     635.5110
      94     546.4323
      95     566.0060
      96     548.7669
      97     598.8204
      98     613.4059
      99     600.0348
     100     549.4525
     101     559.8079
     102     552.0144
     103     577.5978
     104     573.7884
     105     543.1111
     106     603.4702
     107     530.2709
     108     541.6664
     109     546.3507
     110     583.8559
     111     557.0257
     112     539.6818
     113     550.3246
     114     564.4760
     115     547.5266
     116     530.9710
     117     569.1961
     118     557.0033
     119     572.7205
     120     524.0370
     121     556.6422
     122     537.6739
     123     537.6815
     124     538.1105
     125     505.2865
     126     533.6426
     127     535.3732
     128     524.9914
     129     536.8736
     130     550.3703
     131     522.8155
     132     567.6768
     133     522.5274
     134     503.5377
     135     519.8547
     136     497.1901
     137     473.3645
     138     497.7959
     139     504.0561
     140     518.0982
     141     518.3436
     142     544.3310
     143     474.6254
     144     528.9724
     145     488.2015
     146     516.4960
     147     478.7937
     148     550.5888
     149     539.1453
     150     530.0350
     151     566.3886
     152     514.9171
     153     600.0656
     154     526.9573
     155     517.6793
     156     571.6935
     157     521.5292
     158     458.2239
     159     478.0649
     160     476.0660
     161     520.9719
     162     477.4735
     163     507.4888
     164     479.8550
     165     452.3525
     166     474.2144
     167     455.0285
     168     489.9935
     169     453.8915
     170     431.8788
     171     520.8841
     172     513.3238
     173     477.7957
     174     451.0411
     175     507.6390
     176     468.6971
     177     444.7425
     178     421.9241
     179     463.5283
     180     483.0985
     181     458.0829
     182     452.0135
     183     463.9328
     184     453.4842
     185     472.3176
     186     464.6159
     187     469.9234
     188     441.1346
     189     469.0500
     190     461.9491
     191     471.7316
     192     467.9640
     193     423.1215
     194     478.2711
     195     447.6343
     196     461.8689
     197     453.1210
     198     380.8847
     199     405.3670
     200     399.7308
     201     443.8455
     202     444.8946
     203     438.3360
     204     458.7404
     205     475.3260
     206     432.7483
     207     461.9131
     208     448.6157
     209     437.5659
     210     436.7720
     211     417.3393
     212     423.8994
     213     435.3113
     214     434.5891
     215     433.0292
     216     397.4897
     217     459.0201
     218     385.0165
     219     388.6968
     220     373.7148
     221     391.7303
     222     394.5053
     223     403.8758
     224     420.6732
     225     428.3124
     226     431.1909
     227     411.7754
     228     401.7778
     229     407.0690
     230     420.0450
     231     395.5257
     232     403.2599
     233     369.3290
     234     409.6504
     235     369.9565
     236     419.3407
     237     412.1462
     238     429.4169
     239     403.2570
     240     405.6421
     241     398.4774
     242     408.4928
     243     409.5064
     244     387.2084
     245     373.7807
     246     410.4358
     247     395.0195
     248     408.2670
     249     381.2843
     250     395.7889
     251     369.1059
     252     375.3601
     253     356.3076
     254     364.5996
     255     372.9929
     256     378.1505
     257     350.3478
     258     323.3811
     259     352.7927
     260     397.9234
     261     371.8775
     262     370.3588
     263     398.2583
     264     385.4134
     265     403.2235
     266     355.5615
     267     348.4725
     268     389.0161
     269     403.1865
     270     392.5268
     271     357.5426
     272     381.9746
     273     381.5439
     274     397.8797
     275     382.1571
     276     377.6033
     277     380.8934
     278     394.8845
     279     362.6121
     280     379.1569
     281     399.3412
     282     383.9728
     283     397.6992
     284     373.4907
     285     340.2840
     286     387.1160
     287     392.0669
     288     401.7625
     289     407.8368
     290     372.4376
     291     361.1363
     292     374.2891
     293     376.2895
     294     404.7360
     295     395.8214
     296     394.7734
     297     368.5902
     298     349.6577
     299     398.3082
     300     381.2220
     301     345.3369
     302     386.4761
     303     360.8868
     304     369.3577
     305     361.8277
     306     368.9619
     307     368.1511
     308     333.7831
     309     353.8933
     310     348.0508
     311     332.6039
     312     373.7485
     313     343.5532
     314     343.6744
     315     362.3716
     316     361.9792
     317     343.4069
     318     375.4410
     319     364.8521
     320     352.3453
     321     367.2884
     322     362.2199
     323     391.5912
     324     387.4775
     325     391.2451
     326     371.8582
     327     380.1597
     328     349.9026
     329     376.7434
     330     381.8225
     331     360.7512
     332     398.7793
     333     371.4137
     334     357.4922
     335     384.6460
     336     379.7296
     337     421.9085
     338     382.6626
     339     385.1729
     340     415.9034
     341     345.3328
     342     407.2678
     343     395.5517
     344     341.1659
     345     372.1608
     346     360.3124
     347     369.1048
     348     392.2790
     349     370.8163
     350     399.9826
     351     350.4207
     352     330.1966
     353     357.2235
     354     373.3905
     355     359.0629
     356     327.6561
     357     366.9328
     358     349.2037
     359     387.6643
     360     334.0139
     361     326.9724
     362     343.7964
     363     378.9821
     364     344.6254
     365     356.1471
     366     342.0391
     367     386.0109
     368     374.6854
     369     381.1310
     370     360.4076
     371     348.4490
     372     357.4106
     373     343.3717
     374     329.2354
     375     374.5383
     376     394.0115
     377     365.9075
     378     341.2807
     379     320.3005
     380     353.0017
     381     358.9624
     382     344.9060
     383     374.0861
     384     388.2758
     385     394.3738
     386     347.2310
     387     369.1220
     388     416.2404
     389     416.1476
     390     404.3302
     391     360.0753
     392     385.2875
     393     377.7136
     394     366.9506
     395     381.6826
     396     410.4546
     397     373.1391
     398     354.6613
     399     367.7255
     400     411.9225
