#Frame              T
       1    1217.5716
       2    1063.7900
       3     921.4575
       4     973.1867
       5    1037.2812
       6     981.9727
       7    1189.5011
       8    1079.1908
       9     997.0492
      10     949.1986
      11     961.5178
      12     976.7985
      13    1010.2323
      14     894.6178
      15     926.4117
      16     920.6476
      17     933.5224
      18     876.7441
      19     848.2497
      20     891.3678
      21     915.7278
      22     935.3136
      23     806.7466
      24     809.7716
      25     794.1767
      26     810.8328
      27     896.0573
      28     872.6713
      29     766.0663
      30     843.2128
      31     789.0250
      32     859.3806
      33     840.3848
      34     728.5118
      35     780.7191
      36     811.9754
      37     843.4392
      38     832.1418
      39     772.8772
      40     758.7354
      41     784.1677
      42     761.6100
      43     749.6434
      44     750.5312
      45     728.9335
      46     677.5196
      47     809.6356
      48     740.2363
      49     700.8483
      50     754.3125
      51     730.7025
      52     771.0609
      53     750.6754
      54     781.1928
      55     753.9335
      56     794.6735
      57     712.4878
      58     770.9254
      59     733.7501
      60     722.7786
      61     682.0845
      62     688.1585
      63     644.6266
      64     689.0759
      65     653.7756
      66     661.9620
      67     717.0205
      68     698.4535
      69     718.8319
      70     780.3909
      71     711.7426
      72     661.2220
      73     633.6370
      74     621.1413
      75     657.4256
      76     681.4230
      77     631.1330
      78     693.0088
      79     661.7690
      80     625.9889
      81     716.6250
      82     700.6052
      83     661.5856
      84     654.5131
      85     653.8940
      86     663.7946
      87     563.3597
      88     582.0177
      89     541.1639
      90     614.6499
      91     624.6337
      92     630.0118
      93     592.4218
      94     598.3682
      95     599.5829
      96     630.1281
      97     676.9460
      98     652.4649
      99     630.8342
     100     615.5990
     101     593.1963
     102     649.1816
     103     630.1758
     104     597.4523
     105     588.1706
     106     566.8296
     107     566.6976
     108     558.2083
     109     606.7890
     110     590.1125
     111     622.2899
     112     570.0775
     113     581.6649
     114     634.3763
     115     559.2026
     116     608.9101
     117     554.3868
     118     594.9959
     119     551.0936
     120     590.1787
     121     517.1096
     122     598.5334
     123     573.7049
     124     572.7280
     125     559.3101
     126     612.1658
     127     564.6576
     128     564.8329
     129     528.9115
     130     565.4240
     131     557.7105
     132     534.1012
     133     535.6896
     134     498.5370
     135     498.5549
     136     505.4780
     137     491.4982
     138     577.6765
     139     581.8825
     140     537.4542
     141     547.9475
     142     454.9084
     143     501.3729
     144     464.3796
     145     492.6330
     146     516.8325
     147     553.5221
     148     575.7583
     149     548.1374
     150     532.9383
     151     547.0922
     152     570.1963
     153     585.8951
     154     547.7229
     155     544.1707
     156     525.7399
     157     613.4006
     158     506.6001
     159     495.7715
     160     517.2191
     161     521.9301
     162     555.9586
     163     587.6108
     164     584.9737
     165     535.6978
     166     505.6293
     167     523.7727
     168     480.1078
     169     542.8456
     170     536.8692
     171     553.5992
     172     513.6111
     173     537.2300
     174     502.0429
     175     516.4504
     176     506.3941
     177     459.1907
     178     504.6532
     179     505.0361
     180     491.1206
     181     511.7775
     182     498.1648
     183     472.5841
     184     485.5373
     185     455.0021
     186     516.3508
     187     510.2119
     188     528.7809
     189     479.8389
     190     488.8893
     191     482.9404
     192     473.5708
     193     483.1608
     194     499.7509
     195     554.5440
     196     477.2156
     197     519.9409
     198     478.7386
     199     552.2758
     200     510.6713
     201     534.3094
     202     508.2693
     203     499.0558
     204     467.9015
     205     466.0752
     206     469.3763
     207     433.2890
     208     493.5987
     209     448.4841
     210     492.9337
     211     461.5044
     212     452.5141
     213     445.0478
     214     454.6791
     215     451.2235
     216     481.9310
     217     455.1754
     218     465.2635
     219     462.2260
     220     463.7416
     221     422.0912
     222     456.3575
     223     481.1562
     224     458.6184
     225     497.0120
     226     449.0137
     227     480.4221
     228     439.1474
     229     452.8878
     230     449.8439
     231     473.7521
     232     437.1076
     233     416.0410
     234     418.5167
     235     450.1718
     236     410.1971
     237     459.8166
     238     418.5082
     239     464.5229
     240     427.3516
     241     417.3431
     242     431.3356
     243     395.3248
     244     382.1309
     245     428.7679
     246     391.2004
     247     381.7119
     248     441.4444
     249     439.0643
     250     406.8704
     251     441.4832
     252     457.0221
     253     427.1714
     254     420.3810
     255     446.9218
     256     482.0566
     257     421.8455
     258     422.2613
     259     395.9566
     260     392.5139
     261     420.2149
     262     395.9441
     263     383.0222
     264     376.3501
     265     407.4444
     266     425.0139
     267     392.7558
     268     421.4949
     269     416.7727
     270     423.9970
     271     400.4059
     272     402.3863
     273     425.4934
     274     418.6791
     275     420.2699
     276     445.9452
     277     406.2150
     278     405.5060
     279     408.4137
     280     408.8877
     281     417.4849
     282     431.4588
     283     401.7548
     284     428.6755
     285     387.2295
     286     412.8978
     287     404.5140
     288     404.9494
     289     447.7706
     290     478.3988
     291     430.1858
     292     428.7090
     293     441.4601
     294     422.7737
     295     425.3326
     296     375.8936
     297     416.1874
     298     398.0870
     299     400.4747
     300     392.1013
     301     379.3571
     302     366.9322
     303     383.6798
     304     390.8463
     305     390.8251
     306     397.2902
     307     366.7181
     308     373.9043
     309     362.5910
     310     391.9974
     311     376.7386
     312     394.4068
     313     409.4190
     314     405.5212
     315     398.9039
     316     367.2274
     317     362.2175
     318     341.9000
     319     341.5917
     320     377.6502
     321     343.9395
     322     348.1380
     323     376.9490
     324     370.1453
     325     365.2939
     326     395.4715
     327     345.0680
     328     378.5098
     329     397.2289
     330     348.6924
     331     371.4985
     332     353.4037
     333     361.7534
     334     370.9589
     335     392.8677
     336     379.1800
     337     374.4834
     338     360.5862
     339     401.8055
     340     374.5966
     341     380.3781
     342     380.4355
     343     373.6836
     344     385.6470
     345     400.9815
     346     395.1048
     347     344.7888
     348     347.8584
     349     392.1394
     350     368.3599
     351     422.2222
     352     365.0618
     353     441.0516
     354     414.4721
     355     369.7531
     356     400.3555
     357     367.2147
     358     392.8321
     359     390.5272
     360     378.9181
     361     369.9949
     362     346.2552
     363     382.9046
     364     344.7500
     365     369.3618
     366     356.0785
     367     393.9547
     368     374.2447
     369     376.3500
     370     362.5815
     371     417.8219
     372     385.2916
     373     420.8834
     374     381.2110
     375     367.2623
     376     402.2132
     377     379.1233
     378     368.7602
     379     367.2186
     380     361.5037
     381     377.7897
     382     363.5625
     383     352.6656
     384     365.0051
     385     354.5354
     386     375.7822
     387     381.7149
     388     367.1283
     389     340.5395
     390     374.7556
     391     389.6169
     392     368.5490
     393     387.7456
     394     360.1065
     395     371.9419
     396     420.4282
     397     389.2754
     398     374.3459
     399     340.9220
     400     371.5235
