#Frame              T
       1    1323.8516
       2    1118.4448
       3    1120.5492
       4    1097.3541
       5    1081.1116
       6    1234.1298
       7    1142.3228
       8    1088.9591
       9    1072.9662
      10    1097.5933
      11    1140.9209
      12    1053.5129
      13    1153.7166
      14    1069.9531
      15    1143.8250
      16    1096.5946
      17    1087.2955
      18    1077.3000
      19     963.2613
      20    1030.6957
      21     965.3869
      22     951.0692
      23     941.7577
      24     958.6384
      25     952.0282
      26     922.5059
      27     808.6956
      28     933.6483
      29    1014.6841
      30     871.1071
      31     958.9733
      32     964.9557
      33     840.9614
      34     871.5075
      35     885.5709
      36     811.7023
      37     912.4775
      38     795.3083
      39     895.1517
      40     792.5389
      41     824.3895
      42     855.3230
      43     826.0207
      44     921.9430
      45     817.2439
      46     780.5002
      47     877.4854
      48     854.9852
      49     879.6165
      50     870.5666
      51     870.2904
      52     810.0575
      53     764.1855
      54     676.4965
      55     763.8556
      56     712.7252
      57     716.0677
      58     831.4986
      59     769.7802
      60     795.0043
      61     775.5109
      62     738.2557
      63     723.4801
      64     728.3224
      65     693.4567
      66     723.9739
      67     726.2935
      68     681.8642
      69     745.6102
      70     696.6562
      71     651.9541
      72     660.0415
      73     658.4838
      74     623.5020
      75     682.9609
      76     685.7761
      77     670.5630
      78     614.2948
      79     662.9040
      80     660.4851
      81     684.3331
      82     723.3964
      83     636.5997
      84     682.2594
      85     679.2423
      86     644.2899
      87     638.5542
      88     648.9532
      89     710.8726
      90     698.7680
      91     619.1095
      92     655.3122
      93     652.6855
      94     688.6541
      95     638.9617
      96     697.6557
      97     699.6356
      98     692.1862
      99     636.1981
     100     656.7858
     101     592.5129
     102     593.4237
     103     617.9826
     104     569.0156
     105     603.2333
     106     551.0983
     107     563.1160
     108     625.9190
     109     584.5839
     110     628.9239
     111     619.8436
     112     554.9722
     113     575.1081
     114     582.8608
     115     591.8151
     116     595.9432
     117     582.1023
     118     585.7251
     119     546.4678
     120     556.4784
     121     580.5276
     122     542.1617
     123     518.8883
     124     593.5366
     125     533.1188
     126     546.4538
     127     531.3972
     128     548.3920
     129     564.6421
     130     554.8958
     131     520.6783
     132     542.2739
     133     515.4423
     134     563.7141
     135     556.6238
     136     606.6128
     137     579.7081
     138     600.3176
     139     562.3141
     140     566.8392
     141     612.9189
     142     565.8858
     143     588.0832
     144     602.2158
     145     532.8986
     146     551.9517
     147     589.3994
     148     621.3423
     149     573.1052
     150     520.5734
     151     549.9630
     152     598.8368
     153     574.9761
     154     565.8760
     155     580.1815
     156     529.9089
     157     476.8019
     158     531.0960
     159     548.5604
     160     522.0611
     161     547.2973
     162     536.4051
     163     538.7866
     164     522.5706
     165     442.9313
     166     464.7384
     167     511.9515
     168     476.6048
     169     538.5174
     170     509.6494
     171     530.6715
     172     493.3093
     173     559.9784
     174     531.5006
     175     524.9072
     176     517.7242
     177     532.5393
     178     486.3912
     179     505.4083
     180     486.6641
     181     476.9782
     182     516.2051
     183     538.2859
     184     533.5156
     185     525.5537
     186     531.6967
     187     569.7132
     188     520.5011
     189     460.3352
     190     529.9200
     191     474.8632
     192     513.0133
     193     479.0732
     194     482.9770
     195     411.2178
     196     447.8721
     197     442.3556
     198     518.4698
     199     489.6330
     200     493.7195
     201     473.8487
     202     494.5861
     203     495.5099
     204     468.8177
     205     450.5426
     206     499.7644
     207     504.4619
     208     498.3020
     209     443.7288
     210     464.1295
     211     485.4019
     212     444.9055
     213     420.2004
     214     436.6353
     215     402.6272
     216     459.4857
     217     466.7057
     218     443.1387
     219     438.6800
     220     452.1697
     221     465.3048
     222     466.9683
     223     512.7722
     224     525.2332
     225     477.7308
     226     503.7606
     227     489.0290
     228     459.1681
     229     453.1594
     230     416.6373
     231     453.7598
     232     430.2700
     233     422.6139
     234     412.3956
     235     419.3360
     236     408.4450
     237     468.9633
     238     443.0289
     239     454.6214
     240     424.9165
     241     458.8916
     242     449.2192
     243     443.6046
     244     467.2550
     245     469.4487
     246     489.5702
     247     424.1242
     248     430.7213
     249     396.7408
     250     430.2728
     251     399.7431
     252     413.4696
     253     379.2695
     254     377.7527
     255     395.3480
     256     442.6010
     257     402.7259
     258     434.1003
     259     398.0887
     260     424.1669
     261     435.8181
     262     465.2850
     263     434.8596
     264     423.2368
     265     430.8425
     266     432.5203
     267     424.0813
     268     422.8940
     269     434.5848
     270     426.7991
     271     415.7282
     272     404.4713
     273     418.4329
     274     449.3805
     275     414.2805
     276     412.2812
     277     393.3793
     278     400.5859
     279     399.3159
     280     405.6293
     281     425.1640
     282     357.4907
     283     417.8070
     284     368.6380
     285     407.2435
     286     396.4397
     287     395.5454
     288     410.6042
     289     398.2611
     290     407.1777
     291     382.6213
     292     396.2214
     293     419.2209
     294     442.7978
     295     400.2038
     296     405.8087
     297     433.3567
     298     398.2351
     299     419.2629
     300     403.5891
     301     440.6414
     302     396.7276
     303     374.2831
     304     426.7457
     305     366.8326
     306     416.2575
     307     393.6389
     308     420.6285
     309     393.4842
     310     421.3251
     311     381.5601
     312     418.1449
     313     385.2729
     314     424.6720
     315     385.9568
     316     411.4291
     317     410.3944
     318     363.0343
     319     390.3437
     320     380.4551
     321     376.9622
     322     375.8653
     323     356.0819
     324     374.9171
     325     357.1985
     326     415.2807
     327     366.3560
     328     407.4731
     329     423.6105
     330     426.7979
     331     425.3532
     332     430.2018
     333     484.2892
     334     434.5797
     335     443.8111
     336     409.9819
     337     425.3085
     338     421.5381
     339     422.2753
     340     415.7821
     341     444.6012
     342     419.8957
     343     450.2247
     344     430.1849
     345     405.3578
     346     389.2188
     347     398.9548
     348     401.4171
     349     410.0565
     350     413.3459
     351     393.5925
     352     420.9697
     353     424.0652
     354     437.6998
     355     415.5988
     356     463.6509
     357     412.5043
     358     447.7079
     359     398.7656
     360     419.3333
     361     448.3185
     362     390.1716
     363     390.7716
     364     392.0656
     365     414.9280
     366     413.1589
     367     446.8781
     368     429.0876
     369     425.8878
     370     436.7865
     371     385.7241
     372     394.3648
     373     394.4118
     374     408.2369
     375     416.5823
     376     381.1145
     377     399.1671
     378     311.4997
     379     393.7069
     380     391.8480
     381     426.0907
     382     364.7095
     383     397.2886
     384     355.8387
     385     455.5678
     386     380.7716
     387     395.9929
     388     396.2004
     389     371.5744
     390     418.3919
     391     365.7964
     392     406.3132
     393     396.1042
     394     427.1691
     395     394.2306
     396     417.6787
     397     397.4511
     398     420.8495
     399     397.5037
     400     398.5961
