#Frame              T
       1    2987.8434
       2    2852.4160
       3    2625.4894
       4    2358.0475
       5    2104.8655
       6    1908.8100
       7    1789.9024
       8    1742.3967
       9    1740.2124
      10    1748.2240
      11    1735.2605
      12    1684.7663
      13    1600.2038
      14    1503.5586
      15    1427.2168
      16    1402.0491
      17    1446.0164
      18    1557.2228
      19    1713.5876
      20    1879.0685
      21    2014.3064
      22    2088.1948
      23    2086.6579
      24    2015.9042
      25    1899.3762
      26    1769.7290
      27    1658.7089
      28    1588.2620
      29    1565.4960
      30    1582.6624
      31    1621.6073
      32    1660.7734
      33    1682.2264
      34    1676.5667
      35    1644.6164
      36    1595.9820
      37    1545.3724
      38    1507.7676
      39    1493.6458
      40    1505.9380
      41    1540.0327
      42    1586.3178
      43    1633.5573
      44    1671.8370
      45    1694.5338
      46    1699.1487
      47    1687.1532
      48    1663.2120
      49    1634.1264
      50    1607.6151
      51    1590.8777
      52    1588.9711
      53    1603.2947
      54    1630.6631
      55    1663.4799
      56    1691.3176
      57    1703.7780
      58    1693.9422
      59    1661.2908
      60    1612.8983
      61    1562.1279
      62    1524.8873
      63    1514.5018
      64    1536.9518
      65    1588.2895
      66    1655.3464
      67    1719.6480
      68    1763.2223
      69    1774.3096
      70    1751.0837
      71    1702.1886
      72    1643.8845
      73    1594.6749
      74    1569.1184
      75    1572.8702
      76    1600.6395
      77    1637.8433
      78    1665.5090
      79    1666.8737
      80    1633.4687
      81    1568.5088
      82    1486.2388
      83    1407.3504
      84    1352.0786
      85    1333.4727
      86    1353.2413
      87    1401.5488
      88    1460.6841
      89    1511.1891
      90    1538.2586
      91    1536.2757
      92    1510.0921
      93    1472.7628
      94    1440.5991
      95    1427.2666
      96    1438.9641
      97    1472.3607
      98    1516.0115
      99    1554.7302
     100    1575.2869
     101    1571.2844
     102    1545.3949
     103    1508.2137
     104    1474.2284
     105    1456.4271
     106    1461.5159
     107    1487.4910
     108    1524.4445
     109    1558.2988
     110    1576.0444
     111    1570.5154
     112    1542.9426
     113    1502.3981
     114    1462.4004
     115    1435.9704
     116    1430.9730
     117    1447.4548
     118    1477.9257
     119    1510.4064
     120    1533.0320
     121    1538.4320
     122    1526.2750
     123    1503.1423
     124    1479.9078
     125    1467.6485
     126    1473.5552
     127    1498.2603
     128    1535.4564
     129    1573.9303
     130    1601.3527
     131    1608.6129
     132    1593.2582
     133    1560.7756
     134    1522.8966
     135    1493.1245
     136    1481.3365
     137    1490.2985
     138    1515.5750
     139    1547.9736
     140    1576.9507
     141    1593.8987
     142    1594.5688
     143    1580.0361
     144    1555.9581
     145    1530.4334
     146    1511.2121
     147    1503.1966
     148    1507.0342
     149    1519.1836
     150    1533.2755
     151    1542.1724
     152    1540.0454
     153    1523.9234
     154    1494.4035
     155    1455.4543
     156    1413.4457
     157    1375.6807
     158    1348.7875
     159    1337.3083
     160    1342.7582
     161    1363.3314
     162    1394.2617
     163    1428.7117
     164    1459.1217
     165    1479.0473
     166    1485.1950
     167    1478.8250
     168    1465.6654
     169    1454.1509
     170    1452.5490
     171    1465.9953
     172    1494.4713
     173    1532.3340
     174    1569.5644
     175    1594.5688
     176    1598.0186
     177    1576.5904
     178    1535.0039
     179    1485.1536
     180    1442.3733
     181    1420.1215
     182    1425.0869
     183    1454.5828
     184    1497.2704
     185    1537.0451
     186    1558.7519
     187    1553.6958
     188    1523.0027
     189    1477.7025
     190    1435.4144
     191    1414.3829
     192    1426.7525
     193    1473.8666
     194    1545.5641
     195    1623.4092
     196    1686.4662
     197    1717.8128
     198    1709.8417
     199    1666.6068
     200    1602.3683
     201    1536.9351
     202    1490.0385
     203    1477.3480
     204    1506.2282
     205    1567.1806
     206    1634.1964
     207    1680.8693
     208    1692.3715
     209    1668.0317
     210    1619.6598
     211    1566.8485
     212    1529.9163
     213    1522.6184
     214    1547.2475
     215    1593.9383
     216    1644.3542
     217    1678.3141
     218    1680.9546
     219    1647.9096
     220    1586.7093
     221    1513.9758
     222    1449.5525
     223    1409.8331
     224    1402.7418
     225    1425.7313
     226    1466.6480
     227    1507.2843
     228    1529.9153
     229    1524.6077
     230    1493.1218
     231    1447.7298
     232    1406.2252
     233    1385.3939
     234    1395.2164
     235    1435.6325
     236    1496.7584
     237    1562.2764
     238    1614.7147
     239    1640.8300
     240    1635.3758
     241    1602.1562
     242    1552.2338
     243    1500.1283
     244    1459.4115
     245    1439.0951
     246    1441.7283
     247    1463.5174
     248    1496.2196
     249    1530.1295
     250    1557.1960
     251    1573.2973
     252    1579.0410
     253    1579.0077
     254    1579.8469
     255    1587.9082
     256    1607.1027
     257    1637.5369
     258    1675.1986
     259    1712.7156
     260    1740.9786
     261    1751.2815
     262    1737.5340
     263    1698.0593
     264    1636.5384
     265    1561.7428
     266    1485.9182
     267    1422.0629
     268    1380.7331
     269    1367.2361
     270    1380.0721
     271    1411.2589
     272    1448.6713
     273    1479.8565
     274    1496.1054
     275    1495.3638
     276    1482.9046
     277    1469.4705
     278    1467.4305
     279    1486.1870
     280    1528.3873
     281    1588.3243
     282    1653.1686
     283    1706.6167
     284    1733.7047
     285    1725.2994
     286    1681.0395
     287    1609.8238
     288    1527.4294
     289    1451.7806
     290    1397.3640
     291    1370.7137
     292    1368.5681
     293    1379.4081
     294    1387.8493
     295    1380.3633
     296    1350.3275
     297    1300.6896
     298    1243.3147
     299    1195.2048
     300    1172.8741
     301    1186.8134
     302    1237.9058
     303    1316.9262
     304    1407.2129
     305    1489.5894
     306    1547.9609
     307    1573.8655
     308    1568.5813
     309    1542.1381
     310    1509.5406
     311    1485.4628
     312    1479.3081
     313    1492.4349
     314    1518.4522
     315    1546.2392
     316    1564.2996
     317    1564.5814
     318    1544.4710
     319    1507.0414
     320    1460.1753
     321    1414.5597
     322    1380.6187
     323    1365.3724
     324    1370.5204
     325    1392.4420
     326    1423.9199
     327    1456.7605
     328    1484.2994
     329    1503.0424
     330    1513.1164
     331    1517.6070
     332    1521.1411
     333    1528.1865
     334    1541.5571
     335    1561.5194
     336    1585.7354
     337    1610.0039
     338    1629.5185
     339    1640.2146
     340    1639.8214
     341    1628.3708
     342    1608.0949
     343    1582.8317
     344    1557.1537
     345    1535.4640
     346    1521.2124
     347    1516.3033
     348    1520.6900
     349    1532.1931
     350    1546.7453
     351    1559.3323
     352    1565.5272
     353    1563.0358
     354    1552.5688
     355    1537.6644
     356    1523.5198
     357    1515.2379
     358    1516.0926
     359    1526.3593
     360    1543.0446
     361    1560.5938
     362    1572.4059
     363    1572.7344
     364    1558.3529
     365    1529.4632
     366    1489.6069
     367    1444.6723
     368    1401.2696
     369    1364.8955
     370    1338.4135
     371    1321.4617
     372    1311.1574
     373    1303.7498
     374    1296.3574
     375    1288.0830
     376    1280.2768
     377    1275.9892
     378    1278.8478
     379    1291.7436
     380    1315.7508
     381    1349.5624
     382    1389.5873
     383    1430.7358
     384    1467.7156
     385    1496.3686
     386    1514.4404
     387    1521.5111
     388    1518.5313
     389    1507.6009
     390    1491.9186
     391    1475.3440
     392    1461.4136
     393    1452.2343
     394    1447.8242
     395    1446.2441
     396    1444.4988
     397    1439.8547
     398    1431.0430
     399    1418.8736
     400    1406.0130
     401    1396.0123
     402    1392.0102
     403    1395.6752
     404    1406.7230
     405    1422.9762
     406    1440.7711
     407    1455.6222
     408    1463.1364
     409    1460.1066
     410    1445.5714
     411    1421.4796
     412    1392.6109
     413    1365.5628
     414    1346.9786
     415    1341.5484
     416    1350.4967
     417    1371.1253
     418    1397.5771
     419    1422.5692
     420    1439.5575
     421    1444.6982
     422    1438.0467
     423    1423.6058
     424    1408.1438
     425    1399.0600
     426    1401.9190
     427    1418.4249
     428    1445.5673
     429    1476.3444
     430    1501.9450
     431    1514.6451
     432    1510.3675
     433    1490.0128
     434    1459.1442
     435    1426.1334
     436    1399.3852
     437    1384.5690
     438    1382.7699
     439    1390.1350
     440    1399.2034
     441    1401.6284
     442    1391.3582
     443    1366.9605
     444    1332.1632
     445    1294.5383
     446    1262.9558
     447    1244.7741
     448    1243.7076
     449    1259.0228
     450    1286.2169
     451    1318.8153
     452    1350.5522
     453    1377.1691
     454    1397.3007
     455    1412.3052
     456    1425.2639
     457    1439.5794
     458    1457.6791
     459    1480.2127
     460    1505.8976
     461    1531.9254
     462    1554.7336
     463    1570.9087
     464    1577.9569
     465    1574.7231
     466    1561.3948
     467    1539.2278
     468    1510.1969
     469    1476.7671
     470    1441.8141
     471    1408.5923
     472    1380.5668
     473    1360.9643
     474    1352.0598
     475    1354.4014
     476    1366.2997
     477    1383.9134
     478    1402.0802
     479    1415.7407
     480    1421.5230
     481    1418.9309
     482    1410.6447
     483    1401.7225
     484    1397.8320
     485    1403.0638
     486    1418.1252
     487    1439.6670
     488    1461.1228
     489    1474.8533
     490    1474.8643
     491    1459.1194
     492    1430.5647
     493    1396.3949
     494    1365.7321
     495    1346.4927
     496    1342.5922
     497    1352.5429
     498    1370.0121
     499    1386.1811
     500    1393.0553
     501    1386.4970
     502    1367.8750
     503    1343.7505
     504    1323.7130
     505    1317.0878
     506    1329.5706
     507    1360.9391
     508    1404.7337
     509    1450.1717
     510    1485.6961
     511    1502.8484
     512    1499.0101
     513    1478.0318
     514    1448.6053
     515    1421.0300
     516    1403.5826
     517    1399.7979
     518    1407.5985
     519    1420.5182
     520    1430.4615
     521    1430.9170
     522    1419.4100
     523    1398.3544
     524    1374.0662
     525    1354.4051
     526    1345.9368
     527    1351.6610
     528    1370.1067
     529    1396.0754
     530    1422.6895
     531    1443.8809
     532    1456.3193
     533    1460.0743
     534    1457.8581
     535    1453.2942
     536    1449.0152
     537    1445.4363
     538    1440.7297
     539    1432.0085
     540    1417.1882
     541    1396.6791
     542    1374.1036
     543    1355.6120
     544    1347.9567
     545    1356.0216
     546    1380.7751
     547    1418.5020
     548    1461.7119
     549    1501.4848
     550    1530.4098
     551    1544.9745
     552    1546.4598
     553    1539.9829
     554    1532.0855
     555    1527.8412
     556    1528.6216
     557    1531.3914
     558    1529.8638
     559    1517.1366
     560    1488.8355
     561    1445.5340
     562    1393.4178
     563    1342.8177
     564    1305.0482
     565    1288.6361
     566    1296.2845
     567    1323.6973
     568    1360.8534
     569    1395.4778
     570    1417.4591
     571    1422.3614
     572    1412.5430
     573    1395.5460
     574    1380.6017
     575    1374.7985
     576    1380.4611
     577    1394.6631
     578    1410.8659
     579    1421.8884
     580    1422.9842
     581    1413.8512
     582    1398.8415
     583    1385.2907
     584    1380.5907
     585    1389.1073
     586    1410.1791
     587    1438.0978
     588    1464.2103
     589    1480.3172
     590    1481.8941
     591    1469.6925
     592    1449.0594
     593    1427.3769
     594    1410.8186
     595    1401.8451
     596    1398.4316
     597    1395.2705
     598    1386.3980
     599    1368.1449
     600    1341.1943
     601    1310.8855
     602    1285.6071
     603    1273.8999
     604    1281.3809
     605    1308.6541
     606    1350.9863
     607    1399.8809
     608    1445.9646
     609    1482.0837
     610    1505.4011
     611    1517.6646
     612    1523.6028
     613    1528.2176
     614    1534.2392
     615    1540.8295
     616    1543.9783
     617    1538.3415
     618    1519.7586
     619    1487.4430
     620    1444.9634
     621    1399.5982
     622    1360.2705
     623    1334.7630
     624    1327.1853
     625    1336.6306
     626    1357.5734
     627    1381.9098
     628    1401.8801
     629    1412.7188
     630    1414.0030
     631    1409.2157
     632    1403.8053
     633    1402.6121
     634    1407.7592
     635    1417.8212
     636    1428.5090
     637    1434.4933
     638    1431.5965
     639    1418.5613
     640    1397.7802
     641    1374.7098
     642    1356.0953
     643    1347.5872
     644    1351.6046
     645    1366.2928
     646    1386.0238
     647    1403.3316
     648    1411.6068
     649    1407.5380
     650    1392.3722
     651    1371.4986
     652    1352.5188
     653    1342.5506
     654    1345.7638
     655    1362.0182
     656    1387.0283
     657    1413.9046
     658    1435.4904
     659    1446.6623
     660    1445.8010
     661    1434.9474
     662    1418.6425
     663    1401.9577
     664    1388.5216
     665    1379.3391
     666    1372.8322
     667    1366.0001
     668    1356.1079
     669    1342.1123
     670    1325.1952
     671    1308.2313
     672    1294.5130
     673    1286.3672
     674    1284.3132
     675    1287.1500
     676    1292.8864
     677    1300.0104
     678    1308.4149
     679    1319.4765
     680    1335.2198
     681    1356.9455
     682    1383.9458
     683    1412.9262
     684    1438.4788
     685    1454.5798
     686    1456.7075
     687    1443.8391
     688    1419.4271
     689    1390.7122
     690    1366.4246
     691    1353.7066
     692    1355.4956
     693    1369.4387
     694    1388.8213
     695    1405.1814
     696    1411.6330
     697    1405.6249
     698    1390.0842
     699    1372.4714
     700    1362.0509
     701    1366.3430
     702    1388.0841
     703    1423.8637
     704    1465.0197
     705    1500.5382
     706    1520.9130
     707    1521.5276
     708    1504.2576
     709    1476.6388
     710    1448.8835
     711    1429.8856
     712    1423.8294
     713    1428.7505
     714    1437.5942
     715    1441.2961
     716    1432.6074
     717    1409.1552
     718    1374.5618
     719    1337.2198
     720    1307.2261
     721    1292.6737
     722    1296.7663
     723    1316.8602
     724    1345.7514
     725    1374.6161
     726    1396.3799
     727    1408.1608
     728    1411.8742
     729    1412.8514
     730    1417.1118
     731    1428.4224
     732    1446.3474
     733    1466.0763
     734    1480.1083
     735    1481.1459
     736    1465.0713
     737    1432.8431
     738    1390.5316
     739    1347.4002
     740    1312.7218
     741    1292.5621
     742    1287.8045
     743    1294.2136
     744    1304.5270
     745    1311.7524
     746    1312.3344
     747    1307.8426
     748    1304.4000
     749    1310.0092
     750    1330.8368
     751    1367.9709
     752    1416.0453
     753    1464.4382
     754    1500.7407
     755    1515.2878
     756    1505.0748
     757    1475.2168
     758    1436.6453
     759    1401.1066
     760    1376.8666
     761    1366.7875
     762    1367.9311
     763    1372.5246
     764    1370.7387
     765    1354.6626
     766    1321.8826
     767    1277.0707
     768    1230.7649
     769    1195.6976
     770    1182.0551
     771    1193.5563
     772    1225.9203
     773    1268.3362
     774    1307.3903
     775    1331.9663
     776    1337.2623
     777    1326.4083
     778    1309.0628
     779    1297.4960
     780    1301.6349
     781    1324.9537
     782    1362.7998
     783    1403.8433
     784    1434.1804
     785    1442.6012
     786    1425.0430
     787    1386.4717
     788    1339.3411
     789    1299.0987
     790    1278.3788
     791    1282.1280
     792    1305.6183
     793    1336.1991
     794    1358.1938
     795    1359.0923
     796    1334.6577
     797    1290.9163
     798    1242.1916
     799    1205.8874
     800    1196.0145
     801    1217.9339
     802    1266.2875
     803    1326.8355
     804    1381.4687
     805    1414.5339
     806    1418.1698
     807    1394.7453
     808    1355.5681
     809    1316.4249
     810    1291.6747
     811    1289.1047
     812    1307.4017
     813    1337.0500
     814    1364.1903
     815    1375.9436
     816    1365.2169
     817    1333.2696
     818    1289.1555
     819    1246.3832
     820    1218.1512
     821    1212.9718
     822    1232.2298
     823    1270.3588
     824    1317.3228
     825    1362.2966
     826    1397.1177
     827    1418.3194
     828    1427.1998
     829    1428.1778
     830    1426.3207
     831    1425.1431
     832    1425.5249
     833    1426.0180
     834    1424.1931
     835    1418.2860
     836    1408.3446
     837    1396.3675
     838    1385.3952
     839    1378.0392
     840    1375.1931
     841    1375.6009
     842    1376.5098
     843    1375.1311
     844    1370.2650
     845    1363.3409
     846    1358.2911
     847    1360.1241
     848    1372.6228
     849    1396.0855
     850    1426.1309
     851    1454.2982
     852    1470.4984
     853    1466.5987
     854    1439.8165
     855    1394.5037
     856    1341.4154
     857    1294.5231
     858    1266.3965
     859    1263.7697
     860    1284.9357
     861    1320.0294
     862    1354.2459
     863    1372.9672
     864    1367.0383
     865    1336.2809
     866    1289.8772
     867    1243.3642
     868    1213.2474
     869    1211.1062
     870    1239.2684
     871    1289.6822
     872    1346.6381
     873    1392.4883
     874    1414.0880
     875    1407.3921
     876    1378.5573
     877    1341.3470
     878    1311.9058
     879    1302.8059
     880    1318.4960
     881    1353.7608
     882    1395.7048
     883    1428.4760
     884    1438.9555
     885    1421.3314
     886    1378.9487
     887    1322.8889
     888    1267.9211
     889    1227.3799
     890    1208.8432
     891    1212.1334
     892    1230.2741
     893    1252.8793
     894    1270.5360
     895    1278.4282
     896    1277.8427
     897    1275.0993
     898    1278.4643
     899    1294.3549
     900    1324.3763
     901    1364.3648
     902    1405.7572
     903    1438.6830
     904    1455.5322
     905    1453.6365
     906    1436.0667
     907    1410.2713
     908    1385.1183
     909    1367.5618
     910    1360.3004
     911    1361.3341
     912    1365.4754
     913    1367.0645
     914    1362.7012
     915    1352.8751
     916    1341.8707
     917    1336.0237
     918    1341.0353
     919    1359.4342
     920    1389.2155
     921    1424.1864
     922    1455.8534
     923    1476.1035
     924    1479.6879
     925    1465.6531
     926    1437.3197
     927    1400.9622
     928    1363.7547
     929    1331.7005
     930    1308.1942
     931    1293.6154
     932    1285.9644
     933    1282.1727
     934    1279.5035
     935    1276.5113
     936    1273.2956
     937    1271.0860
     938    1271.4562
     939    1275.5634
     940    1283.7241
     941    1295.4051
     942    1309.4753
     943    1324.5076
     944    1339.0549
     945    1351.9122
     946    1362.2783
     947    1369.6523
     948    1373.5304
     949    1373.2123
     950    1368.0057
     951    1357.8216
     952    1343.8374
     953    1328.7861
     954    1316.5605
     955    1311.1278
     956    1315.0893
     957    1328.4397
     958    1348.0864
     959    1368.4451
     960    1383.0269
     961    1386.5494
     962    1376.8652
     963    1355.9980
     964    1329.8152
     965    1306.3176
     966    1293.0605
     967    1294.5613
     968    1310.6240
     969    1336.2226
     970    1363.0549
     971    1382.2933
     972    1387.6248
     973    1377.5431
     974    1356.0110
     975    1331.1601
     976    1312.3981
     977    1306.9664
     978    1317.2440
     979    1339.8454
     980    1366.8643
     981    1388.7872
     982    1397.9462
     983    1391.1939
     984    1370.8201
     985    1343.4915
     986    1317.7507
     987    1301.0818
     988    1297.5212
     989    1306.4518
     990    1322.9273
     991    1339.5845
     992    1349.4682
     993    1348.4491
     994    1336.2736
     995    1316.1600
     996    1293.4112
     997    1273.6414
     998    1261.2098
     999    1258.3252
    1000    1264.9679
    1001    1279.5027
    1002    1299.4322
    1003    1322.0915
    1004    1344.9478
    1005    1365.6518
    1006    1382.0977
    1007    1392.6979
    1008    1396.8364
    1009    1395.2726
    1010    1390.2027
    1011    1384.7834
    1012    1382.1176
    1013    1383.9488
    1014    1389.5659
    1015    1395.5436
    1016    1396.7275
    1017    1388.2547
    1018    1367.7716
    1019    1336.8689
    1020    1301.0819
    1021    1268.3988
    1022    1246.7631
    1023    1241.4110
    1024    1252.9750
    1025    1277.0638
    1026    1305.5520
    1027    1329.2166
    1028    1340.8385
    1029    1337.6733
    1030    1322.3887
    1031    1302.0951
    1032    1285.7729
    1033    1280.9910
    1034    1291.0940
    1035    1313.9170
    1036    1342.5155
    1037    1367.6619
    1038    1381.1976
    1039    1379.0317
    1040    1362.7156
    1041    1339.0211
    1042    1317.6467
    1043    1307.8153
    1044    1314.9260
    1045    1338.4261
    1046    1371.6966
    1047    1404.0762
    1048    1424.3736
    1049    1424.6506
    1050    1402.9299
    1051    1363.8744
    1052    1317.1963
    1053    1274.3584
    1054    1244.7118
    1055    1232.4192
    1056    1235.2579
    1057    1245.7420
    1058    1254.1554
    1059    1252.3604
    1060    1236.9479
    1061    1210.5762
    1062    1181.0492
    1063    1158.5382
    1064    1152.0046
    1065    1166.0929
    1066    1199.5348
    1067    1245.5217
    1068    1293.8340
    1069    1333.9393
    1070    1358.0309
    1071    1363.0932
    1072    1351.4267
    1073    1329.5386
    1074    1305.8177
    1075    1287.7999
    1076    1279.9378
    1077    1282.5711
    1078    1292.3139
    1079    1303.6039
    1080    1310.8012
    1081    1310.1267
    1082    1300.8535
    1083    1285.4354
    1084    1268.6132
    1085    1255.8231
    1086    1251.4077
    1087    1257.1592
    1088    1271.6461
    1089    1290.5828
    1090    1308.1840
    1091    1319.0751
    1092    1320.0995
    1093    1311.3980
    1094    1296.4136
    1095    1280.8480
    1096    1270.9312
    1097    1271.5451
    1098    1284.7738
    1099    1309.3293
    1100    1340.9956
    1101    1373.8828
    1102    1402.0259
    1103    1420.8504
    1104    1428.1653
    1105    1424.4988
    1106    1412.7340
    1107    1397.1382
    1108    1382.0490
    1109    1370.5780
    1110    1363.7003
    1111    1359.9728
    1112    1355.9728
    1113    1347.4374
    1114    1330.9158
    1115    1305.4712
    1116    1273.7409
    1117    1241.7977
    1118    1217.6841
    1119    1208.9942
    1120    1220.2554
    1121    1250.9993
    1122    1295.2607
    1123    1342.8087
    1124    1381.8617
    1125    1402.5183
    1126    1399.8295
    1127    1375.4512
    1128    1337.2206
    1129    1296.6768
    1130    1265.2686
    1131    1250.5271
    1132    1253.5447
    1133    1268.6932
    1134    1285.7336
    1135    1293.5853
    1136    1284.4220
    1137    1256.6341
    1138    1215.6171
    1139    1172.0949
    1140    1138.5428
    1141    1124.9414
    1142    1135.3378
    1143    1166.4232
    1144    1208.6472
    1145    1249.4786
    1146    1277.6690
    1147    1287.0072
    1148    1278.2570
    1149    1258.6160
    1150    1238.9105
    1151    1229.5552
    1152    1236.7771
    1153    1260.4832
    1154    1294.4701
    1155    1328.7294
    1156    1352.9197
    1157    1359.7573
    1158    1347.2183
    1159    1318.9047
    1160    1282.6283
    1161    1247.8414
    1162    1222.8281
    1163    1212.4838
    1164    1217.2182
    1165    1233.2277
    1166    1254.0527
    1167    1272.9124
    1168    1284.9158
    1169    1288.3411
    1170    1284.6681
    1171    1277.6224
    1172    1271.7781
    1173    1271.1994
    1174    1278.3554
    1175    1293.4273
    1176    1314.1408
    1177    1336.2070
    1178    1354.3185
    1179    1363.4752
    1180    1360.3282
    1181    1344.2038
    1182    1317.5240
    1183    1285.4449
    1184    1254.7182
    1185    1232.0128
    1186    1222.1268
    1187    1226.6298
    1188    1243.3839
    1189    1267.1588
    1190    1291.2038
    1191    1309.3253
    1192    1317.8215
    1193    1316.6550
    1194    1309.4257
    1195    1302.0705
    1196    1300.6556
    1197    1309.0024
    1198    1327.0055
    1199    1350.2913
    1200    1371.4380
    1201    1382.4159
    1202    1377.4783
    1203    1355.5175
    1204    1321.0019
    1205    1282.9952
    1206    1252.3900
    1207    1238.2274
    1208    1244.4857
    1209    1268.6144
    1210    1302.3024
    1211    1334.0660
    1212    1352.7357
    1213    1350.8372
    1214    1326.9329
    1215    1286.2432
    1216    1239.2911
    1217    1198.8436
    1218    1175.9901
    1219    1176.6109
    1220    1199.5128
    1221    1236.9199
    1222    1277.0531
    1223    1307.8621
    1224    1320.7169
    1225    1312.9461
    1226    1288.4622
    1227    1256.2570
    1228    1227.2434
    1229    1210.4797
    1230    1210.0742
    1231    1223.8423
    1232    1244.1784
    1233    1260.8261
    1234    1264.6061
    1235    1250.8308
    1236    1221.2230
    1237    1183.6265
    1238    1149.5715
    1239    1130.5179
    1240    1134.0665
    1241    1161.4314
    1242    1207.0134
    1243    1260.1972
    1244    1308.7592
    1245    1342.7343
    1246    1357.4272
    1247    1354.5667
    1248    1341.2353
    1249    1326.9978
    1250    1320.3062
    1251    1325.4981
    1252    1341.4253
    1253    1362.0830
    1254    1378.9148
    1255    1383.9071
    1256    1372.3888
    1257    1344.6072
    1258    1305.6271
    1259    1263.7010
    1260    1227.7440
    1261    1204.7453
    1262    1197.8778
    1263    1205.8313
    1264    1223.5234
    1265    1243.9022
    1266    1260.2071
    1267    1267.9331
    1268    1265.9095
    1269    1256.2235
    1270    1243.1437
    1271    1231.4968
    1272    1225.0798
    1273    1225.5997
    1274    1232.4014
    1275    1242.9451
    1276    1253.7658
    1277    1261.5808
    1278    1264.2433
    1279    1261.3179
    1280    1254.1247
    1281    1245.2480
    1282    1237.6695
    1283    1233.8244
    1284    1234.8836
    1285    1240.4332
    1286    1248.5726
    1287    1256.3816
    1288    1260.7432
    1289    1259.3770
    1290    1251.7192
    1291    1239.2590
    1292    1225.2201
    1293    1213.7376
    1294    1208.7742
    1295    1213.0619
    1296    1227.3371
    1297    1250.0999
    1298    1277.9728
    1299    1306.5201
    1300    1331.2596
    1301    1348.6141
    1302    1356.6828
    1303    1355.7409
    1304    1348.3000
    1305    1338.5291
    1306    1331.0294
    1307    1329.2789
    1308    1334.2806
    1309    1343.9646
    1310    1353.6550
    1311    1357.5598
    1312    1350.8546
    1313    1331.6629
    1314    1302.2238
    1315    1268.7562
    1316    1239.9490
    1317    1224.4488
    1318    1228.0808
    1319    1251.7013
    1320    1290.4558
    1321    1334.7981
    1322    1373.0595
    1323    1394.7835
    1324    1393.7457
    1325    1369.6798
    1326    1328.2069
    1327    1279.0542
    1328    1233.1411
    1329    1199.4367
    1330    1182.5693
    1331    1181.8941
    1332    1192.2193
    1333    1205.8855
    1334    1215.5131
    1335    1216.5076
    1336    1208.4909
    1337    1195.1877
    1338    1182.8738
    1339    1178.0059
    1340    1184.9151
    1341    1204.3932
    1342    1233.5763
    1343    1266.9641
    1344    1298.0508
    1345    1320.9892
    1346    1331.8579
    1347    1329.3118
    1348    1314.6173
    1349    1291.1959
    1350    1263.8525
    1351    1237.8527
    1352    1217.9760
    1353    1207.6330
    1354    1208.1577
    1355    1218.4198
    1356    1234.9475
    1357    1252.6955
    1358    1266.3385
    1359    1271.7264
    1360    1267.0358
    1361    1253.2888
    1362    1234.1412
    1363    1214.9853
    1364    1201.5307
    1365    1198.1672
    1366    1206.5658
    1367    1225.0119
    1368    1248.7841
    1369    1271.5285
    1370    1287.2272
    1371    1292.1693
    1372    1286.2982
    1373    1273.4422
    1374    1260.2092
    1375    1253.7331
    1376    1258.9497
    1377    1276.4766
    1378    1302.0833
    1379    1328.0326
    1380    1345.7032
    1381    1348.4418
    1382    1333.7022
    1383    1303.8795
    1384    1265.6567
    1385    1228.0968
    1386    1200.0345
    1387    1187.5092
    1388    1191.9766
    1389    1209.8665
    1390    1233.7143
    1391    1254.6223
    1392    1265.2973
    1393    1262.6009
    1394    1248.6721
    1395    1230.1984
    1396    1216.0838
    1397    1214.2911
    1398    1228.9086
    1399    1258.4584
    1400    1296.1031
    1401    1331.7584
    1402    1355.3982
    1403    1360.3688
    1404    1345.5632
    1405    1315.7202
    1406    1279.7843
    1407    1247.9000
    1408    1228.0850
    1409    1223.7320
    1410    1232.7850
    1411    1248.8387
    1412    1263.7011
    1413    1270.4520
    1414    1265.8609
    1415    1251.3182
    1416    1232.0781
    1417    1215.2791
    1418    1207.5268
    1419    1212.7829
    1420    1231.1230
    1421    1258.7278
    1422    1289.1563
    1423    1315.4898
    1424    1332.5717
    1425    1338.5023
    1426    1334.8477
    1427    1325.5536
    1428    1315.0866
    1429    1306.6011
    1430    1300.8745
    1431    1296.3985
    1432    1290.4629
    1433    1280.6437
    1434    1266.0538
    1435    1247.9806
    1436    1229.7401
    1437    1215.6744
    1438    1209.5484
    1439    1213.0328
    1440    1225.0024
    1441    1241.9969
    1442    1259.6321
    1443    1274.3381
    1444    1284.6779
    1445    1291.7151
    1446    1298.3170
    1447    1307.7052
    1448    1321.8273
    1449    1340.1681
    1450    1359.4517
    1451    1374.3976
    1452    1379.3078
    1453    1369.9517
    1454    1345.0909
    1455    1307.1109
    1456    1261.5443
    1457    1215.6281
    1458    1176.3611
    1459    1148.6836
    1460    1134.3483
    1461    1131.8184
    1462    1137.1949
    1463    1145.8686
    1464    1154.3677
    1465    1161.7435
    1466    1169.8181
    1467    1181.9991
    1468    1201.2621
    1469    1228.5468
    1470    1262.2536
    1471    1298.5882
    1472    1332.4247
    1473    1358.5858
    1474    1373.2719
    1475    1375.1206
    1476    1365.4494
    1477    1347.6159
    1478    1325.8222
    1479    1303.8514
    1480    1284.1741
    1481    1267.6572
    1482    1253.9196
    1483    1242.1564
    1484    1232.0217
    1485    1224.1305
    1486    1219.9564
    1487    1221.1816
    1488    1228.7894
    1489    1242.2744
    1490    1259.3304
    1491    1276.2378
    1492    1288.8916
    1493    1294.1201
    1494    1290.7741
    1495    1280.1350
    1496    1265.4635
    1497    1250.8502
    1498    1239.8047
    1499    1234.1150
    1500    1233.3832
    1501    1235.3669
    1502    1236.9727
    1503    1235.5232
    1504    1229.8369
    1505    1220.7185
    1506    1210.6875
    1507    1203.0510
    1508    1200.6562
    1509    1204.7570
    1510    1214.3811
    1511    1226.4498
    1512    1236.6719
    1513    1240.9945
    1514    1237.1078
    1515    1225.3950
    1516    1208.9048
    1517    1192.3378
    1518    1180.4533
    1519    1176.5046
    1520    1181.2595
    1521    1192.9004
    1522    1207.7941
    1523    1221.8089
    1524    1231.6856
    1525    1235.9503
    1526    1235.0866
    1527    1231.0180
    1528    1226.2326
    1529    1222.9218
    1530    1222.3639
    1531    1224.6802
    1532    1228.9851
    1533    1233.8487
    1534    1237.8910
    1535    1240.2680
    1536    1240.9018
    1537    1240.4200
    1538    1239.9235
    1539    1240.7043
    1540    1243.9593
    1541    1250.5143
    1542    1260.6034
    1543    1273.7586
    1544    1288.8052
    1545    1303.9275
    1546    1316.8074
    1547    1324.9024
    1548    1325.8916
    1549    1318.2405
    1550    1301.7381
    1551    1277.8282
    1552    1249.5601
    1553    1221.0585
    1554    1196.5817
    1555    1179.4008
    1556    1170.8569
    1557    1169.9371
    1558    1173.5899
    1559    1177.7560
    1560    1178.8186
    1561    1174.9739
    1562    1166.9773
    1563    1157.9425
    1564    1152.2264
    1565    1153.7886
    1566    1164.5926
    1567    1183.6298
    1568    1207.0191
    1569    1229.2621
    1570    1245.2135
    1571    1251.9508
    1572    1249.8150
    1573    1242.2651
    1574    1234.6056
    1575    1232.0199
    1576    1237.5866
    1577    1251.0051
    1578    1268.5363
    1579    1284.2215
    1580    1291.9825
    1581    1287.8691
    1582    1271.6320
    1583    1246.9861
    1584    1220.3759
    1585    1198.6472
    1586    1186.4786
    1587    1184.5491
    1588    1189.2167
    1589    1193.9372
    1590    1191.9430
    1591    1179.1172
    1592    1155.9357
    1593    1127.7147
    1594    1103.0181
    1595    1090.7419
    1596    1096.8912
    1597    1122.2271
    1598    1161.6771
    1599    1205.7912
    1600    1243.7891
    1601    1267.1349
    1602    1272.3439
    1603    1261.9588
    1604    1243.2992
    1605    1225.4731
    1606    1215.8233
    1607    1217.2256
    1608    1227.2795
    1609    1239.6196
    1610    1246.7315
    1611    1243.1038
    1612    1227.4958
    1613    1203.4615
    1614    1177.9774
    1615    1158.7512
    1616    1151.3099
    1617    1157.0262
    1618    1172.8342
    1619    1192.6750
    1620    1210.0074
    1621    1220.3416
    1622    1222.8274
    1623    1220.3449
    1624    1218.1267
    1625    1221.4556
    1626    1233.3359
    1627    1253.0830
    1628    1276.4201
    1629    1297.0417
    1630    1308.9855
    1631    1308.8781
    1632    1297.2069
    1633    1278.1510
    1634    1258.0083
    1635    1242.7855
    1636    1235.8681
    1637    1236.7406
    1638    1241.3462
    1639    1243.9774
    1640    1239.9027
    1641    1227.6228
    1642    1209.8135
    1643    1192.5252
    1644    1182.8972
    1645    1186.2438
    1646    1203.6510
    1647    1231.0784
    1648    1260.4347
    1649    1282.3225
    1650    1289.4579
    1651    1279.4675
    1652    1255.9505
    1653    1227.3009
    1654    1203.6309
    1655    1192.8819
    1656    1197.6307
    1657    1213.8773
    1658    1232.3781
    1659    1242.0828
    1660    1234.3912
    1661    1206.6323
    1662    1163.4666
    1663    1115.6397
    1664    1076.4339
    1665    1056.9965
    1666    1062.3019
    1667    1089.3972
    1668    1128.6576
    1669    1167.4956
    1670    1195.0204
    1671    1205.8856
    1672    1201.9400
    1673    1191.1047
    1674    1183.9167
    1675    1189.0597
    1676    1209.6105
    1677    1241.4844
    1678    1274.7351
    1679    1297.2507
    1680    1299.4494
    1681    1278.1527
    1682    1238.1154
    1683    1190.5912
    1684    1149.4503
    1685    1126.2999
    1686    1126.4671
    1687    1147.3424
    1688    1179.6863
    1689    1211.3488
    1690    1231.9229
    1691    1236.5129
    1692    1227.1731
    1693    1211.5181
    1694    1199.1463
    1695    1197.3757
    1696    1208.0485
    1697    1226.7080
    1698    1244.4728
    1699    1251.8221
    1700    1242.7085
    1701    1217.2775
    1702    1182.0838
    1703    1147.7602
    1704    1125.0923
    1705    1121.0046
    1706    1135.9480
    1707    1163.7076
    1708    1193.7871
    1709    1215.4700
    1710    1221.8973
    1711    1212.5235
    1712    1193.0360
    1713    1172.8447
    1714    1161.1815
    1715    1163.3748
    1716    1178.7631
    1717    1201.0396
    1718    1220.8554
    1719    1229.6346
    1720    1223.0732
    1721    1202.9609
    1722    1176.6334
    1723    1154.2975
    1724    1145.2503
    1725    1154.4182
    1726    1180.4931
    1727    1216.3479
    1728    1251.5435
    1729    1275.9674
    1730    1283.2317
    1731    1272.6082
    1732    1248.8853
    1733    1220.3308
    1734    1195.6143
    1735    1180.8412
    1736    1177.7604
    1737    1183.7608
    1738    1193.5618
    1739    1201.7706
    1740    1205.1341
    1741    1203.5888
    1742    1199.8330
    1743    1197.7698
    1744    1200.5682
    1745    1209.1542
    1746    1221.7082
    1747    1234.3040
    1748    1242.3877
    1749    1242.4972
    1750    1233.5414
    1751    1217.1607
    1752    1197.0500
    1753    1177.5455
    1754    1162.0299
    1755    1151.7754
    1756    1145.7724
    1757    1141.7324
    1758    1137.8050
    1759    1134.0319
    1760    1132.6809
    1761    1137.2694
    1762    1150.7597
    1763    1173.7712
    1764    1203.6389
    1765    1234.7977
    1766    1260.4115
    1767    1274.6796
    1768    1274.9301
    1769    1262.6591
    1770    1243.0435
    1771    1223.0279
    1772    1208.6520
    1773    1202.6199
    1774    1203.1058
    1775    1204.3760
    1776    1199.0963
    1777    1181.4559
    1778    1149.8528
    1779    1108.0592
    1780    1064.3835
    1781    1029.0933
    1782    1010.9855
    1783    1014.3102
    1784    1037.1539
    1785    1071.9166
    1786    1107.8048
    1787    1134.5048
    1788    1145.7302
    1789    1141.3314
    1790    1127.1649
    1791    1112.7543
    1792    1107.6173
    1793    1117.6405
    1794    1142.8446
    1795    1177.3300
    1796    1211.3739
    1797    1234.8877
    1798    1240.9382
    1799    1228.0675
    1800    1200.6120
    1801    1166.9886
    1802    1136.6516
    1803    1116.8614
    1804    1110.4270
    1805    1115.1615
    1806    1125.1364
    1807    1133.1666
    1808    1133.5635
    1809    1124.1636
    1810    1106.9586
    1811    1087.1936
    1812    1071.3592
    1813    1064.8874
    1814    1070.4152
    1815    1087.1773
    1816    1111.6216
    1817    1138.8770
    1818    1164.4351
    1819    1185.4096
    1820    1200.9677
    1821    1211.9097
    1822    1219.7064
    1823    1225.4930
    1824    1229.4737
    1825    1230.9639
    1826    1228.9913
    1827    1223.1209
    1828    1214.0623
    1829    1203.7178
    1830    1194.5834
    1831    1188.7313
    1832    1186.8512
    1833    1187.8241
    1834    1189.0984
    1835    1187.7641
    1836    1181.8901
    1837    1171.5247
    1838    1158.8877
    1839    1147.5809
    1840    1141.0815
    1841    1141.1064
    1842    1146.5727
    1843    1153.6751
    1844    1157.1726
    1845    1152.4318
    1846    1137.4390
    1847    1113.9711
    1848    1087.4229
    1849    1065.2757
    1850    1054.6894
    1851    1060.0479
    1852    1081.3461
    1853    1114.0464
    1854    1150.5300
    1855    1182.6666
    1856    1204.5785
    1857    1214.5662
    1858    1215.4724
    1859    1213.3259
    1860    1214.7517
    1861    1224.0517
    1862    1241.0693
    1863    1260.7276
    1864    1274.5643
    1865    1273.8130
    1866    1252.9313
    1867    1212.2146
    1868    1158.4249
    1869    1103.0701
    1870    1058.8646
    1871    1035.6133
    1872    1037.0124
    1873    1059.5736
    1874    1094.0891
    1875    1129.0839
    1876    1154.9178
    1877    1166.9778
    1878    1166.7880
    1879    1160.6942
    1880    1156.6965
    1881    1160.7345
    1882    1173.9441
    1883    1192.0059
    1884    1206.8570
    1885    1210.0775
    1886    1196.5809
    1887    1167.1166
    1888    1128.5604
    1889    1091.8249
    1890    1068.1401
    1891    1065.0917
    1892    1083.9174
    1893    1119.1097
    1894    1160.5027
    1895    1197.0398
    1896    1220.7752
    1897    1229.5698
    1898    1227.4629
    1899    1222.6059
    1900    1223.5963
    1901    1235.6494
    1902    1258.1484
    1903    1284.5675
    1904    1304.8571
    1905    1309.3887
    1906    1292.9382
    1907    1257.1341
    1908    1210.3573
    1909    1165.0383
    1910    1133.2997
    1911    1122.5657
    1912    1132.8470
    1913    1156.8128
    1914    1182.6775
    1915    1198.8155
    1916    1198.3177
    1917    1181.7279
    1918    1156.8755
    1919    1135.8301
    1920    1130.1273
    1921    1146.1245
    1922    1182.3506
    1923    1229.9232
    1924    1275.8533
    1925    1307.8827
    1926    1318.9262
    1927    1309.4565
    1928    1287.0171
    1929    1263.1216
    1930    1248.7211
    1931    1249.9352
    1932    1265.6607
    1933    1288.0005
    1934    1305.3433
    1935    1306.8782
    1936    1286.7638
    1937    1246.3495
    1938    1193.6741
    1939    1140.5264
    1940    1098.2639
    1941    1073.9872
    1942    1068.4765
    1943    1076.6199
    1944    1090.0600
    1945    1100.8935
    1946    1104.8978
    1947    1103.0513
    1948    1100.8220
    1949    1105.5431
    1950    1122.9348
    1951    1154.1763
    1952    1194.7492
    1953    1235.5975
    1954    1266.2220
    1955    1278.5218
    1956    1269.8649
    1957    1244.1480
    1958    1210.4070
    1959    1179.4939
    1960    1160.1094
    1961    1155.7259
    1962    1163.6087
    1963    1176.3381
    1964    1185.1982
    1965    1184.0075
    1966    1171.7854
    1967    1153.2007
    1968    1136.6714
    1969    1130.9031
    1970    1141.2260
    1971    1167.1572
    1972    1202.1780
    1973    1235.8673
    1974    1257.6027
    1975    1260.4109
    1976    1243.4653
    1977    1212.2732
    1978    1176.5108
    1979    1146.4129
    1980    1129.1465
    1981    1126.5224
    1982    1134.8069
    1983    1146.6074
    1984    1154.0779
    1985    1152.2167
    1986    1140.9889
    1987    1125.4393
    1988    1113.6985
    1989    1113.6306
    1990    1129.4444
    1991    1159.6541
    1992    1197.2784
    1993    1232.2503
    1994    1255.0982
    1995    1260.4284
    1996    1248.8207
    1997    1226.3972
    1998    1202.2485
    1999    1184.7566
    2000    1178.2975
