#Frame              T
       1    1206.9931
       2    1031.5350
       3    1173.0592
       4    1182.3401
       5    1062.6695
       6    1075.0963
       7    1146.1895
       8    1060.4972
       9    1108.0988
      10    1055.7235
      11    1091.8812
      12    1049.1100
      13    1039.7677
      14    1093.9562
      15    1014.6816
      16    1012.1066
      17    1014.6849
      18     915.4231
      19     875.5149
      20     969.3421
      21    1012.9087
      22     966.7967
      23    1100.0255
      24    1045.7168
      25    1065.7477
      26     983.9890
      27     979.5608
      28     925.9430
      29     923.2851
      30     879.2429
      31     883.7933
      32     985.2819
      33     894.2339
      34     898.3977
      35     774.3064
      36     893.3014
      37     917.4423
      38     881.6528
      39     943.1522
      40     913.0361
      41     939.9598
      42     816.1213
      43     814.0244
      44     843.6917
      45     842.9962
      46     805.6302
      47     831.4582
      48     762.0489
      49     842.9263
      50     717.6906
      51     734.9951
      52     726.4590
      53     784.0944
      54     824.2944
      55     833.7268
      56     796.1324
      57     758.6164
      58     793.5687
      59     776.0908
      60     740.7139
      61     774.6978
      62     778.5172
      63     822.7048
      64     811.0167
      65     829.7844
      66     808.8458
      67     825.4405
      68     824.8284
      69     719.4147
      70     679.7366
      71     755.4885
      72     769.3798
      73     739.8414
      74     641.9154
      75     717.5300
      76     685.2005
      77     723.2053
      78     678.9075
      79     683.2039
      80     652.8901
      81     685.6492
      82     711.7323
      83     708.0094
      84     639.0369
      85     674.2449
      86     632.7609
      87     701.8877
      88     633.5650
      89     720.4207
      90     712.3481
      91     677.3221
      92     677.6763
      93     650.9748
      94     615.2688
      95     604.7834
      96     665.9250
      97     602.3524
      98     648.8196
      99     628.2760
     100     632.1827
     101     644.7761
     102     588.5101
     103     616.4528
     104     649.7236
     105     673.8636
     106     615.5767
     107     657.9088
     108     611.6785
     109     614.0071
     110     575.7257
     111     585.3115
     112     598.9987
     113     581.8432
     114     568.8899
     115     630.2983
     116     607.0884
     117     623.8131
     118     562.1338
     119     535.0461
     120     553.6801
     121     574.5467
     122     568.4565
     123     565.4646
     124     601.2490
     125     608.0480
     126     587.9487
     127     582.8435
     128     547.5611
     129     533.7758
     130     573.1046
     131     484.2680
     132     518.7411
     133     538.0265
     134     576.6913
     135     517.4177
     136     591.2559
     137     538.1750
     138     549.5510
     139     536.0345
     140     519.9990
     141     526.4656
     142     572.1176
     143     530.3620
     144     507.9507
     145     492.6420
     146     545.8622
     147     512.0346
     148     525.4880
     149     518.6085
     150     539.7815
     151     525.8666
     152     513.3254
     153     537.0200
     154     495.0921
     155     503.2418
     156     500.5257
     157     516.2681
     158     500.2833
     159     546.7550
     160     553.6137
     161     511.9522
     162     519.2395
     163     469.8345
     164     468.2364
     165     473.8652
     166     497.3631
     167     496.0344
     168     501.4478
     169     456.0830
     170     450.8047
     171     485.7697
     172     479.1186
     173     488.9069
     174     459.4072
     175     432.9124
     176     468.4515
     177     496.0218
     178     468.5907
     179     486.0571
     180     488.8677
     181     458.7695
     182     461.2094
     183     483.7542
     184     486.5592
     185     489.5346
     186     501.7774
     187     493.4951
     188     509.5444
     189     512.6746
     190     492.8838
     191     467.7369
     192     488.7545
     193     478.6314
     194     462.2524
     195     490.1277
     196     443.2366
     197     487.9931
     198     457.6108
     199     464.9428
     200     493.6379
     201     480.1339
     202     487.3649
     203     486.5506
     204     473.3339
     205     460.4067
     206     465.0645
     207     477.8977
     208     466.8008
     209     485.7817
     210     446.2175
     211     448.0483
     212     490.1552
     213     437.3126
     214     454.2416
     215     492.5357
     216     495.3383
     217     470.8924
     218     457.2311
     219     447.5465
     220     427.5667
     221     432.7366
     222     468.2094
     223     432.5271
     224     432.4058
     225     442.5223
     226     489.7232
     227     470.6956
     228     447.3450
     229     464.3857
     230     409.3113
     231     445.2555
     232     485.5117
     233     429.3465
     234     451.5942
     235     452.8498
     236     442.3876
     237     465.8711
     238     401.8648
     239     487.4743
     240     461.4225
     241     471.1930
     242     432.4269
     243     451.1307
     244     422.1389
     245     405.1916
     246     404.2165
     247     434.2612
     248     441.8295
     249     418.0108
     250     431.1411
     251     448.9069
     252     438.7821
     253     433.1222
     254     402.3054
     255     398.2261
     256     402.7865
     257     444.9249
     258     430.9775
     259     419.1460
     260     450.5627
     261     430.2797
     262     398.9787
     263     414.9440
     264     386.3217
     265     446.1842
     266     448.2824
     267     442.0772
     268     423.9139
     269     453.2526
     270     386.7831
     271     413.7965
     272     411.0549
     273     445.1082
     274     403.9598
     275     402.7520
     276     399.9102
     277     401.4129
     278     419.3458
     279     386.1249
     280     431.3444
     281     384.1825
     282     440.6195
     283     388.3871
     284     369.3869
     285     374.7866
     286     401.2640
     287     379.3708
     288     363.2469
     289     390.4620
     290     442.5756
     291     387.0811
     292     401.7479
     293     415.2136
     294     410.5485
     295     406.7137
     296     409.6871
     297     446.8307
     298     422.3425
     299     417.1888
     300     380.9652
     301     408.0171
     302     415.1909
     303     428.2707
     304     385.1142
     305     411.4069
     306     394.1713
     307     413.5329
     308     426.8686
     309     396.3615
     310     407.6693
     311     380.8534
     312     422.6797
     313     389.5829
     314     390.5816
     315     375.5003
     316     420.3220
     317     409.4615
     318     404.0556
     319     391.7775
     320     378.1425
     321     392.3151
     322     373.1557
     323     375.1006
     324     388.4733
     325     360.7420
     326     348.8198
     327     363.2551
     328     365.4536
     329     371.4838
     330     360.9822
     331     357.7120
     332     371.5994
     333     426.8209
     334     427.5431
     335     390.2575
     336     439.0106
     337     380.6272
     338     420.6455
     339     406.7092
     340     364.8259
     341     380.9022
     342     404.2041
     343     380.7910
     344     403.7687
     345     389.0841
     346     404.6054
     347     396.6305
     348     349.5483
     349     405.5498
     350     381.8828
     351     399.8072
     352     368.9509
     353     338.8960
     354     365.5476
     355     404.6412
     356     398.0127
     357     383.6768
     358     350.1284
     359     373.4647
     360     386.7994
     361     387.2052
     362     375.8244
     363     375.6412
     364     378.2724
     365     393.1773
     366     393.0357
     367     379.2490
     368     413.7062
     369     399.8463
     370     417.2422
     371     420.5276
     372     388.0249
     373     370.7891
     374     391.0598
     375     418.3072
     376     437.7444
     377     396.2778
     378     368.3274
     379     421.3489
     380     371.2840
     381     396.1866
     382     375.5733
     383     373.8378
     384     375.7158
     385     369.4534
     386     392.4263
     387     386.1941
     388     375.9867
     389     377.5395
     390     367.4372
     391     383.0429
     392     367.1546
     393     382.5552
     394     366.1737
     395     360.8789
     396     389.0461
     397     367.4380
     398     371.4681
     399     357.6886
     400     377.6996
