#Frame              T
       1    1156.7064
       2    1017.3068
       3    1074.4535
       4    1053.2268
       5     963.8739
       6    1113.4164
       7     984.7214
       8     993.2349
       9     999.6166
      10     926.0378
      11     975.1502
      12     935.0477
      13     937.3515
      14     944.1378
      15     976.2259
      16     945.1234
      17     959.7705
      18     971.5407
      19     886.5194
      20     920.0582
      21     895.4516
      22     888.4741
      23     903.4670
      24     833.8845
      25     844.5383
      26     780.8761
      27     761.1273
      28     793.2063
      29     836.3633
      30     801.0141
      31     844.1066
      32     801.7506
      33     785.8113
      34     821.4249
      35     776.7543
      36     756.9660
      37     846.5844
      38     681.4002
      39     744.1724
      40     789.2603
      41     771.0886
      42     779.4958
      43     776.6785
      44     713.7642
      45     767.7533
      46     724.6959
      47     779.8710
      48     781.7538
      49     689.0304
      50     696.2743
      51     703.4799
      52     729.1919
      53     720.9681
      54     697.2490
      55     639.4183
      56     668.8624
      57     731.4277
      58     693.1200
      59     728.0482
      60     658.2861
      61     709.7443
      62     651.0694
      63     625.7650
      64     694.7951
      65     688.0777
      66     717.1764
      67     659.5236
      68     673.2642
      69     597.2366
      70     613.8383
      71     584.7504
      72     568.3432
      73     658.7601
      74     624.5533
      75     633.7197
      76     607.2599
      77     584.6634
      78     644.4168
      79     588.8648
      80     627.8819
      81     661.4412
      82     637.3859
      83     626.9194
      84     583.9791
      85     624.3683
      86     629.6426
      87     610.6245
      88     617.2616
      89     589.8178
      90     638.1741
      91     586.8447
      92     607.1937
      93     565.5462
      94     559.8981
      95     526.2186
      96     539.2009
      97     559.1860
      98     548.9569
      99     550.2045
     100     565.0720
     101     539.1763
     102     571.0433
     103     584.3201
     104     594.3328
     105     565.8686
     106     569.9520
     107     585.2744
     108     556.9088
     109     511.7045
     110     518.9288
     111     556.4311
     112     543.0901
     113     545.9504
     114     505.1366
     115     580.2463
     116     537.7687
     117     572.0854
     118     490.1828
     119     563.8982
     120     559.7787
     121     508.5970
     122     522.1732
     123     503.4993
     124     526.8007
     125     543.7640
     126     507.3386
     127     516.8832
     128     454.2098
     129     477.6458
     130     522.7641
     131     499.9007
     132     558.4637
     133     552.4467
     134     497.6682
     135     516.7365
     136     522.4202
     137     519.5140
     138     514.6904
     139     479.6567
     140     478.4757
     141     493.8800
     142     511.6002
     143     471.1792
     144     455.9823
     145     423.9309
     146     472.2948
     147     483.8156
     148     463.5943
     149     500.2927
     150     456.2911
     151     391.6743
     152     454.8795
     153     439.0778
     154     450.4753
     155     475.1450
     156     482.5349
     157     484.0776
     158     489.1048
     159     479.4962
     160     478.6509
     161     503.8515
     162     452.7745
     163     504.8394
     164     492.1129
     165     471.2413
     166     470.8739
     167     462.8607
     168     465.9314
     169     458.9797
     170     466.0677
     171     434.9491
     172     447.2341
     173     447.7738
     174     472.1256
     175     450.2597
     176     440.3524
     177     415.9079
     178     446.7226
     179     467.1779
     180     419.3823
     181     448.5339
     182     412.3092
     183     411.5349
     184     395.7393
     185     412.6824
     186     454.5111
     187     468.9531
     188     466.4317
     189     451.6547
     190     437.4602
     191     454.6465
     192     413.7089
     193     434.2916
     194     434.4564
     195     447.9931
     196     385.5676
     197     399.5985
     198     435.2810
     199     398.1288
     200     399.7702
     201     403.4123
     202     416.6055
     203     409.7012
     204     448.6002
     205     441.2730
     206     452.8111
     207     423.8423
     208     455.4273
     209     453.7052
     210     431.6529
     211     424.4011
     212     394.6358
     213     411.7620
     214     402.8886
     215     443.7108
     216     451.4825
     217     416.3403
     218     384.5963
     219     386.5563
     220     395.3417
     221     390.4812
     222     415.8334
     223     385.2200
     224     398.7288
     225     375.6653
     226     395.2291
     227     393.0592
     228     432.2493
     229     402.9257
     230     381.9720
     231     397.1743
     232     375.9197
     233     384.8432
     234     400.4419
     235     378.7174
     236     385.2691
     237     352.6381
     238     376.0256
     239     365.9793
     240     382.1656
     241     356.7233
     242     412.9241
     243     363.6706
     244     377.0070
     245     330.8932
     246     394.1349
     247     350.2581
     248     373.2338
     249     356.8400
     250     399.6243
     251     387.4195
     252     350.2061
     253     378.0323
     254     360.0395
     255     351.9085
     256     383.7280
     257     383.7116
     258     348.5314
     259     363.8688
     260     370.8160
     261     367.8837
     262     361.5063
     263     380.5948
     264     387.8166
     265     390.4721
     266     399.0110
     267     390.4169
     268     411.5098
     269     367.2196
     270     388.9834
     271     347.4531
     272     386.0770
     273     368.6606
     274     382.4577
     275     357.0879
     276     358.3373
     277     363.5576
     278     361.0219
     279     399.6053
     280     394.0039
     281     372.9111
     282     392.9927
     283     356.4923
     284     374.9881
     285     349.7237
     286     327.8308
     287     339.5353
     288     338.0927
     289     335.3050
     290     344.4315
     291     340.3493
     292     339.2912
     293     382.0706
     294     346.3195
     295     350.8553
     296     333.1031
     297     381.2104
     298     356.0281
     299     355.5897
     300     325.3292
     301     370.9177
     302     367.2806
     303     357.6993
     304     369.4315
     305     356.7277
     306     334.7059
     307     381.9974
     308     368.6209
     309     401.9301
     310     355.1473
     311     381.5329
     312     380.6314
     313     391.5824
     314     389.3669
     315     375.5010
     316     357.1640
     317     352.0712
     318     318.4243
     319     346.8009
     320     339.6763
     321     339.1768
     322     349.0419
     323     289.5235
     324     344.2238
     325     342.2901
     326     337.7028
     327     354.7049
     328     372.2717
     329     347.4838
     330     348.3995
     331     351.6594
     332     365.6697
     333     327.2219
     334     366.0393
     335     357.0294
     336     351.9169
     337     365.4709
     338     340.2272
     339     324.4631
     340     345.1991
     341     337.3197
     342     331.1203
     343     347.4291
     344     345.1739
     345     372.9182
     346     366.2091
     347     351.6692
     348     351.7706
     349     348.6288
     350     348.6866
     351     362.0561
     352     332.4721
     353     343.2088
     354     328.4002
     355     354.5074
     356     346.5624
     357     341.0464
     358     352.7751
     359     355.2679
     360     368.8056
     361     371.0010
     362     368.5995
     363     356.4617
     364     325.0080
     365     355.5039
     366     326.9817
     367     347.3673
     368     342.9218
     369     356.7119
     370     327.7908
     371     351.9252
     372     322.9016
     373     354.8893
     374     333.1818
     375     335.7429
     376     324.4408
     377     349.5725
     378     378.8128
     379     375.8436
     380     320.8825
     381     350.2157
     382     366.8361
     383     359.5647
     384     357.7920
     385     303.3921
     386     345.3599
     387     301.5197
     388     333.0735
     389     341.1905
     390     378.7272
     391     346.8297
     392     393.4783
     393     334.8546
     394     331.3992
     395     352.9368
     396     354.1622
     397     366.2606
     398     345.3230
     399     357.0238
     400     363.1246
