#Frame              T
       1    1126.4947
       2    1085.3301
       3    1179.1836
       4    1086.7561
       5    1106.9810
       6     999.7499
       7    1104.3579
       8    1063.5249
       9     930.0386
      10     962.9401
      11     959.2239
      12     989.7235
      13     975.7209
      14     970.2675
      15    1060.9490
      16     967.8235
      17     930.3236
      18     973.7871
      19     956.2276
      20    1022.4707
      21     964.4074
      22     926.6000
      23     970.6887
      24     934.5329
      25     859.0631
      26     973.7887
      27     931.9628
      28     848.9752
      29     805.3053
      30     810.8161
      31     926.6921
      32     892.8217
      33     874.1284
      34     832.3301
      35     940.4828
      36     829.3776
      37     914.8090
      38     850.9863
      39     810.3251
      40     813.2561
      41     700.6315
      42     834.3058
      43     862.3779
      44     829.4849
      45     769.9394
      46     810.2145
      47     783.4138
      48     825.1804
      49     860.2702
      50     824.0242
      51     826.5673
      52     813.7790
      53     784.8150
      54     816.4630
      55     823.5561
      56     755.5766
      57     815.1055
      58     817.6432
      59     736.9084
      60     700.1171
      61     749.3281
      62     751.1058
      63     791.7729
      64     784.0758
      65     793.6066
      66     801.8444
      67     696.7595
      68     712.7423
      69     672.2832
      70     788.1799
      71     722.4856
      72     730.5596
      73     763.3039
      74     724.1643
      75     746.1085
      76     672.7361
      77     692.7827
      78     722.7244
      79     767.8774
      80     728.2111
      81     662.7807
      82     717.4116
      83     700.2057
      84     692.0486
      85     695.0871
      86     650.1889
      87     724.3329
      88     704.0917
      89     652.4086
      90     677.2649
      91     583.6422
      92     648.6906
      93     742.2219
      94     655.7321
      95     676.6738
      96     663.9909
      97     681.5672
      98     655.4239
      99     640.9033
     100     649.1386
     101     593.5967
     102     672.6206
     103     572.8459
     104     641.7000
     105     661.5153
     106     708.4142
     107     693.6371
     108     605.5256
     109     635.1958
     110     626.3579
     111     618.7135
     112     662.7205
     113     635.5392
     114     594.1916
     115     568.1833
     116     625.4413
     117     544.3000
     118     583.6159
     119     591.9880
     120     600.3028
     121     604.5910
     122     544.8015
     123     586.1871
     124     618.4341
     125     560.0940
     126     572.8306
     127     546.2092
     128     555.1366
     129     577.0847
     130     553.5764
     131     577.5978
     132     545.6684
     133     509.4285
     134     503.8634
     135     498.1953
     136     502.5628
     137     500.9508
     138     571.8299
     139     540.5950
     140     544.8296
     141     545.7688
     142     571.9139
     143     521.6405
     144     503.8198
     145     537.0846
     146     537.1310
     147     498.8919
     148     503.4908
     149     500.2937
     150     562.9980
     151     496.8550
     152     562.0158
     153     547.0559
     154     499.0519
     155     564.5037
     156     546.3350
     157     535.0075
     158     469.1097
     159     498.0288
     160     499.8454
     161     493.5306
     162     483.2778
     163     502.2826
     164     521.5866
     165     529.2887
     166     518.5662
     167     511.0477
     168     559.4073
     169     512.2684
     170     459.7146
     171     482.1148
     172     487.7064
     173     512.5726
     174     515.2852
     175     478.3958
     176     479.1052
     177     506.2694
     178     467.7540
     179     489.1296
     180     464.6066
     181     508.2300
     182     505.2409
     183     457.9497
     184     509.7302
     185     485.8565
     186     445.2991
     187     407.9338
     188     464.5682
     189     447.5480
     190     466.0979
     191     461.2087
     192     431.3915
     193     445.5670
     194     443.7273
     195     460.8017
     196     471.8684
     197     466.6162
     198     462.3850
     199     500.9617
     200     383.0072
     201     423.3557
     202     447.1859
     203     474.7305
     204     453.9045
     205     449.1774
     206     449.4511
     207     449.3827
     208     428.1978
     209     423.6068
     210     439.4173
     211     412.1241
     212     429.7377
     213     404.0195
     214     436.0800
     215     424.8390
     216     402.3661
     217     418.7604
     218     439.0669
     219     444.8031
     220     434.4211
     221     454.0576
     222     404.0528
     223     439.0169
     224     436.0644
     225     407.6536
     226     413.3722
     227     436.5976
     228     468.9610
     229     442.1543
     230     422.8871
     231     432.1182
     232     428.6393
     233     470.3521
     234     425.5405
     235     433.3248
     236     413.4713
     237     455.0401
     238     436.4200
     239     450.7998
     240     419.8127
     241     403.0181
     242     405.1446
     243     443.2539
     244     410.1710
     245     435.2023
     246     424.1059
     247     425.5860
     248     450.1812
     249     448.3542
     250     464.3480
     251     417.7901
     252     422.9505
     253     465.4037
     254     401.7953
     255     429.1248
     256     424.2895
     257     390.6174
     258     412.2339
     259     389.6806
     260     379.9137
     261     406.3920
     262     406.9935
     263     385.2626
     264     384.2098
     265     392.9776
     266     386.5275
     267     398.4649
     268     368.2078
     269     406.9830
     270     430.8383
     271     421.3548
     272     415.1133
     273     454.6733
     274     432.7363
     275     390.6459
     276     414.6451
     277     424.9907
     278     419.7619
     279     445.3621
     280     435.2659
     281     385.2338
     282     403.2911
     283     409.7470
     284     379.4116
     285     423.8932
     286     382.6384
     287     397.2907
     288     359.7649
     289     411.0309
     290     437.4145
     291     386.9104
     292     380.9862
     293     387.2911
     294     404.6264
     295     348.2762
     296     349.5247
     297     364.0370
     298     352.7395
     299     353.6903
     300     382.0422
     301     343.9593
     302     366.1872
     303     373.4952
     304     373.4918
     305     397.4267
     306     369.5582
     307     388.9146
     308     373.6205
     309     373.3230
     310     384.5093
     311     371.9257
     312     378.5615
     313     356.4223
     314     424.8227
     315     362.5498
     316     419.1557
     317     423.5655
     318     453.8139
     319     455.9382
     320     397.1448
     321     385.3460
     322     395.8588
     323     405.6329
     324     372.0138
     325     380.8774
     326     372.2201
     327     379.2819
     328     384.0433
     329     409.2521
     330     383.5731
     331     381.2880
     332     373.8032
     333     388.6616
     334     406.4756
     335     383.9892
     336     397.4027
     337     394.0482
     338     398.5839
     339     433.5187
     340     395.1702
     341     390.2127
     342     349.4645
     343     384.0642
     344     395.3559
     345     361.2961
     346     366.5048
     347     330.7753
     348     363.6872
     349     367.0521
     350     407.3087
     351     411.5496
     352     382.4317
     353     393.7920
     354     386.0308
     355     372.4090
     356     395.8075
     357     396.7222
     358     397.4711
     359     366.6094
     360     363.5845
     361     392.3787
     362     391.7167
     363     398.2491
     364     354.0645
     365     390.3953
     366     390.9984
     367     347.0165
     368     374.1939
     369     339.5413
     370     363.3420
     371     341.4347
     372     347.5645
     373     350.2973
     374     410.0437
     375     367.7156
     376     342.9487
     377     348.6465
     378     334.8650
     379     371.3591
     380     362.8730
     381     350.4203
     382     406.6034
     383     392.5288
     384     337.3465
     385     388.7777
     386     394.4424
     387     384.4090
     388     394.6679
     389     342.8129
     390     366.8029
     391     353.7236
     392     337.2188
     393     370.8046
     394     374.5409
     395     339.4478
     396     352.3120
     397     368.0615
     398     350.1413
     399     383.1920
     400     344.8258
