#Frame              T
       1    2949.6691
       2    2778.8410
       3    2525.8884
       4    2247.6032
       5    2001.5071
       6    1828.3684
       7    1741.0408
       8    1723.4094
       9    1739.3914
      10    1748.2395
      11    1720.2986
      12    1647.6550
      13    1546.2531
      14    1449.1043
      15    1393.3209
      16    1405.8889
      17    1493.4162
      18    1639.3904
      19    1809.5025
      20    1962.7039
      21    2063.8978
      22    2094.0235
      23    2054.5454
      24    1965.3115
      25    1856.7265
      26    1759.1087
      27    1693.7046
      28    1668.6377
      29    1679.6814
      30    1714.1050
      31    1755.9114
      32    1790.8382
      33    1809.7057
      34    1809.5117
      35    1792.6328
      36    1765.0175
      37    1734.2295
      38    1707.8098
      39    1691.9950
      40    1690.6252
      41    1704.1588
      42    1728.9934
      43    1757.5624
      44    1779.6743
      45    1785.1322
      46    1767.0136
      47    1724.5094
      48    1664.1424
      49    1598.6334
      50    1543.6705
      51    1513.6055
      52    1517.1047
      53    1553.7933
      54    1613.1940
      55    1676.9185
      56    1723.9182
      57    1737.2733
      58    1710.1566
      59    1648.6314
      60    1570.0598
      61    1497.6458
      62    1453.0728
      63    1449.7197
      64    1488.5399
      65    1557.7329
      66    1636.2407
      67    1700.0976
      68    1729.8495
      69    1716.8153
      70    1666.0802
      71    1594.9532
      72    1527.1326
      73    1484.5917
      74    1480.1431
      75    1513.1706
      76    1569.7367
      77    1627.0734
      78    1661.2940
      79    1655.9853
      80    1608.7119
      81    1532.8387
      82    1453.5292
      83    1399.0328
      84    1390.5292
      85    1434.5271
      86    1520.5315
      87    1624.5949
      88    1717.4873
      89    1774.7211
      90    1784.8530
      91    1752.9432
      92    1697.9151
      93    1644.9547
      94    1615.9093
      95    1621.2757
      96    1656.6937
      97    1705.1232
      98    1743.7342
      99    1752.7739
     100    1723.0229
     101    1659.1194
     102    1577.6911
     103    1501.1458
     104    1449.4735
     105    1433.0390
     106    1449.0114
     107    1482.8882
     108    1514.6142
     109    1526.5595
     110    1509.8056
     111    1466.4590
     112    1407.7785
     113    1349.5154
     114    1306.5821
     115    1288.9338
     116    1299.5207
     117    1334.0949
     118    1382.7857
     119    1433.9009
     120    1478.5428
     121    1513.0371
     122    1538.3029
     123    1557.6251
     124    1574.4133
     125    1590.7404
     126    1606.7820
     127    1620.9580
     128    1630.5065
     129    1632.2468
     130    1623.3216
     131    1601.8104
     132    1567.2545
     133    1521.1774
     134    1467.5210
     135    1412.6189
     136    1364.2663
     137    1329.9498
     138    1315.0260
     139    1321.5342
     140    1347.6774
     141    1387.9435
     142    1434.1712
     143    1477.7331
     144    1512.3568
     145    1536.4107
     146    1553.3587
     147    1569.8208
     148    1591.9536
     149    1621.8278
     150    1655.6008
     151    1684.4300
     152    1697.7909
     153    1687.8219
     154    1652.9320
     155    1599.1868
     156    1538.8393
     157    1486.4566
     158    1454.0426
     159    1447.0413
     160    1462.7445
     161    1491.6245
     162    1520.9334
     163    1539.1737
     164    1539.8283
     165    1523.0672
     166    1494.9317
     167    1464.5277
     168    1440.4944
     169    1428.1530
     170    1428.2836
     171    1437.7101
     172    1451.1494
     173    1463.4023
     174    1471.0134
     175    1472.9680
     176    1470.5125
     177    1466.4797
     178    1464.4324
     179    1467.7694
     180    1478.8613
     181    1498.2948
     182    1524.3424
     183    1552.8086
     184    1577.4808
     185    1591.3732
     186    1588.7329
     187    1567.3392
     188    1530.1688
     189    1485.3689
     190    1444.0597
     191    1416.7026
     192    1409.4920
     193    1422.1523
     194    1448.2033
     195    1477.7260
     196    1501.3161
     197    1513.5825
     198    1514.9327
     199    1510.9419
     200    1509.4647
     201    1516.6291
     202    1533.4691
     203    1554.7852
     204    1570.9268
     205    1571.9115
     206    1552.2009
     207    1514.0188
     208    1467.5944
     209    1427.9320
     210    1409.2060
     211    1418.9730
     212    1454.6246
     213    1503.6898
     214    1548.0787
     215    1570.7075
     216    1561.9122
     217    1523.1131
     218    1466.3254
     219    1409.6878
     220    1370.6906
     221    1359.6587
     222    1376.0269
     223    1408.8865
     224    1441.5255
     225    1458.0275
     226    1449.2804
     227    1416.1604
     228    1368.9032
     229    1323.1323
     230    1294.2184
     231    1292.1415
     232    1318.6521
     233    1367.4661
     234    1427.0092
     235    1484.3663
     236    1528.8893
     237    1554.3025
     238    1558.9767
     239    1544.8703
     240    1516.0322
     241    1477.4630
     242    1434.6272
     243    1393.3251
     244    1359.2768
     245    1337.0047
     246    1328.3741
     247    1331.7038
     248    1342.0664
     249    1352.7452
     250    1357.4888
     251    1353.0310
     252    1341.0073
     253    1328.2105
     254    1324.5855
     255    1339.3681
     256    1376.7917
     257    1433.1772
     258    1496.8249
     259    1551.0898
     260    1579.7309
     261    1572.6350
     262    1529.7577
     263    1461.7238
     264    1386.7869
     265    1325.2131
     266    1293.0776
     267    1297.5871
     268    1335.3853
     269    1394.2019
     270    1457.0823
     271    1507.6799
     272    1534.8975
     273    1535.6056
     274    1514.8781
     275    1483.9157
     276    1456.2783
     277    1443.4032
     278    1450.7510
     279    1475.9417
     280    1509.5000
     281    1537.8298
     282    1547.5243
     283    1529.8352
     284    1483.9834
     285    1418.1987
     286    1347.9601
     287    1291.7246
     288    1265.2671
     289    1276.3578
     290    1321.6464
     291    1387.0932
     292    1452.1528
     293    1496.5014
     294    1506.9902
     295    1482.2585
     296    1433.1942
     297    1378.9826
     298    1340.1357
     299    1331.0189
     300    1354.5619
     301    1401.1163
     302    1451.9887
     303    1486.4540
     304    1489.6956
     305    1458.6974
     306    1403.8290
     307    1345.4442
     308    1306.6280
     309    1304.6856
     310    1344.5358
     311    1416.5957
     312    1500.0849
     313    1570.4917
     314    1608.2485
     315    1605.2430
     316    1566.8382
     317    1508.9099
     318    1451.2738
     319    1410.1118
     320    1392.3022
     321    1393.8322
     322    1402.7348
     323    1405.0156
     324    1390.8993
     325    1358.8520
     326    1315.9435
     327    1274.6853
     328    1247.9235
     329    1244.0763
     330    1264.6019
     331    1304.3059
     332    1353.7981
     333    1402.7420
     334    1442.6650
     335    1468.6145
     336    1479.4816
     337    1477.2600
     338    1465.7740
     339    1449.4421
     340    1432.4553
     341    1418.3819
     342    1409.8983
     343    1408.3700
     344    1413.3542
     345    1422.4257
     346    1431.7628
     347    1437.5357
     348    1437.4053
     349    1431.0951
     350    1419.9621
     351    1406.6848
     352    1395.2143
     353    1389.9121
     354    1393.8347
     355    1407.2926
     356    1427.5276
     357    1449.5579
     358    1467.7135
     359    1477.2264
     360    1475.3599
     361    1461.7932
     362    1438.3301
     363    1408.2726
     364    1375.8348
     365    1345.7169
     366    1322.5950
     367    1310.1888
     368    1309.9936
     369    1320.4017
     370    1336.9742
     371    1353.7882
     372    1365.2170
     373    1367.6501
     374    1360.8975
     375    1348.8853
     376    1339.0479
     377    1340.0382
     378    1358.1284
     379    1393.6638
     380    1439.5064
     381    1482.7903
     382    1509.5068
     383    1509.9957
     384    1483.0809
     385    1437.1503
     386    1387.5496
     387    1351.0638
     388    1339.4897
     389    1354.8817
     390    1388.6132
     391    1424.8562
     392    1447.1033
     393    1444.9771
     394    1418.4939
     395    1378.0538
     396    1340.1739
     397    1320.6694
     398    1328.0421
     399    1359.8166
     400    1403.3851
     401    1441.0583
     402    1457.2767
     403    1445.0146
     404    1408.7375
     405    1362.6219
     406    1324.6672
     407    1309.1497
     408    1320.8240
     409    1353.5074
     410    1393.4290
     411    1425.4845
     412    1439.5471
     413    1434.2861
     414    1417.0880
     415    1400.2938
     416    1395.4935
     417    1408.4493
     418    1436.8490
     419    1471.6941
     420    1501.4353
     421    1516.8620
     422    1514.6192
     423    1497.9915
     424    1474.8245
     425    1453.5913
     426    1439.3884
     427    1431.8061
     428    1425.7592
     429    1414.7789
     430    1394.9909
     431    1367.7644
     432    1339.7191
     433    1320.0112
     434    1316.0886
     435    1329.9198
     436    1356.7579
     437    1387.6403
     438    1414.2370
     439    1431.0179
     440    1433.6098
     441    1420.9847
     442    1399.5922
     443    1381.0479
     444    1375.6645
     445    1387.2471
     446    1411.2092
     447    1436.2118
     448    1448.6946
     449    1438.4944
     450    1403.0230
     451    1348.3409
     452    1287.1019
     453    1234.4912
     454    1203.6253
     455    1201.7938
     456    1228.5588
     457    1276.1467
     458    1331.8998
     459    1381.9809
     460    1415.2357
     461    1426.1553
     462    1416.1611
     463    1392.8823
     464    1367.6003
     465    1351.5318
     466    1352.0363
     467    1370.0137
     468    1399.4632
     469    1429.4594
     470    1448.0136
     471    1446.6322
     472    1423.9370
     473    1386.7116
     474    1347.7138
     475    1321.2560
     476    1318.4036
     477    1343.1245
     478    1390.3370
     479    1446.8128
     480    1495.1697
     481    1519.8259
     482    1512.7187
     483    1476.5103
     484    1423.8795
     485    1372.9974
     486    1340.8080
     487    1336.6866
     488    1359.0015
     489    1396.0044
     490    1430.7359
     491    1447.9913
     492    1440.5382
     493    1412.0863
     494    1375.7778
     495    1348.6674
     496    1344.4660
     497    1367.9798
     498    1413.6325
     499    1468.0146
     500    1514.9343
     501    1541.0739
     502    1540.3077
     503    1515.1582
     504    1474.9779
     505    1431.7880
     506    1395.6728
     507    1371.6302
     508    1358.9415
     509    1352.9296
     510    1348.0008
     511    1340.4748
     512    1330.0122
     513    1319.1849
     514    1311.6318
     515    1309.8636
     516    1313.8545
     517    1321.0990
     518    1328.0029
     519    1331.7903
     520    1331.8786
     521    1330.0149
     522    1329.1243
     523    1331.4897
     524    1337.2384
     525    1344.0190
     526    1348.1820
     527    1346.9495
     528    1340.4478
     529    1332.4805
     530    1329.4854
     531    1337.9710
     532    1361.4662
     533    1398.3211
     534    1441.3897
     535    1479.8776
     536    1502.7589
     537    1502.5016
     538    1477.7141
     539    1433.7022
     540    1380.7642
     541    1330.9002
     542    1294.1592
     543    1275.8171
     544    1275.2129
     545    1286.5785
     546    1301.5939
     547    1312.6724
     548    1315.6294
     549    1310.7590
     550    1302.1654
     551    1295.9117
     552    1297.8245
     553    1311.6788
     554    1338.1631
     555    1374.6593
     556    1415.6878
     557    1453.8583
     558    1481.2366
     559    1491.0142
     560    1479.2697
     561    1446.4753
     562    1398.2583
     563    1344.8721
     564    1299.0569
     565    1272.5737
     566    1272.4832
     567    1298.6579
     568    1343.5965
     569    1394.6698
     570    1438.0675
     571    1463.1842
     572    1465.9678
     573    1449.9853
     574    1424.7184
     575    1401.6322
     576    1389.4744
     577    1390.6522
     578    1400.1490
     579    1407.4875
     580    1401.0426
     581    1373.0320
     582    1323.1892
     583    1259.6043
     584    1196.3457
     585    1148.7698
     586    1128.3314
     587    1138.8993
     588    1175.9509
     589    1228.7642
     590    1284.5098
     591    1332.5194
     592    1367.1633
     593    1388.4568
     594    1400.4719
     595    1408.5216
     596    1416.4872
     597    1425.3585
     598    1433.3108
     599    1436.9219
     600    1432.8369
     601    1419.2087
     602    1396.4414
     603    1367.0180
     604    1334.5634
     605    1302.6961
     606    1274.3186
     607    1251.6249
     608    1236.4714
     609    1230.5976
     610    1235.4372
     611    1251.5145
     612    1277.6174
     613    1310.2053
     614    1343.6107
     615    1371.3115
     616    1387.9946
     617    1391.6480
     618    1384.8742
     619    1374.8392
     620    1371.2263
     621    1381.5958
     622    1406.3166
     623    1438.0690
     624    1466.0459
     625    1480.4366
     626    1475.4370
     627    1450.9855
     628    1412.9569
     629    1371.4860
     630    1337.7196
     631    1319.9691
     632    1320.6218
     633    1335.1775
     634    1354.1428
     635    1367.1368
     636    1367.3207
     637    1354.1368
     638    1333.2982
     639    1314.1749
     640    1305.7552
     641    1312.8742
     642    1334.2243
     643    1362.8547
     644    1388.8615
     645    1403.1682
     646    1400.9047
     647    1383.0373
     648    1355.6336
     649    1327.2101
     650    1305.4235
     651    1294.5205
     652    1294.4724
     653    1301.8697
     654    1311.8985
     655    1320.3546
     656    1324.8601
     657    1325.0643
     658    1322.1662
     659    1318.1814
     660    1315.1979
     661    1314.7673
     662    1317.5760
     663    1323.4452
     664    1331.5385
     665    1340.5930
     666    1349.0555
     667    1355.1328
     668    1356.8974
     669    1352.6029
     670    1341.2253
     671    1323.0448
     672    1300.0132
     673    1275.6280
     674    1254.0934
     675    1238.8869
     676    1231.3880
     677    1230.3758
     678    1232.6679
     679    1234.5429
     680    1233.3163
     681    1228.4697
     682    1221.8911
     683    1217.1109
     684    1217.8104
     685    1226.1959
     686    1241.9423
     687    1262.2043
     688    1282.7311
     689    1299.6070
     690    1310.8338
     691    1317.0175
     692    1320.8364
     693    1325.5835
     694    1333.5109
     695    1344.7533
     696    1357.2999
     697    1367.9902
     698    1374.0471
     699    1374.3942
     700    1370.1160
     701    1363.8529
     702    1358.4772
     703    1355.7508
     704    1355.5895
     705    1356.2239
     706    1355.1577
     707    1350.5058
     708    1342.1033
     709    1331.7431
     710    1322.2760
     711    1316.0162
     712    1313.3946
     713    1312.6797
     714    1310.9622
     715    1305.9172
     716    1297.4177
     717    1288.1460
     718    1282.8512
     719    1286.4437
     720    1301.5733
     721    1326.7234
     722    1355.8496
     723    1380.0113
     724    1390.5380
     725    1382.5684
     726    1357.5398
     727    1323.3965
     728    1292.0205
     729    1274.5745
     730    1276.5991
     731    1295.0810
     732    1319.0228
     733    1333.5451
     734    1325.9615
     735    1291.3505
     736    1235.3072
     737    1172.6561
     738    1122.5138
     739    1101.5164
     740    1117.7754
     741    1167.8509
     742    1237.8945
     743    1308.5387
     744    1361.7137
     745    1386.8604
     746    1384.2546
     747    1364.2862
     748    1343.0404
     749    1335.8800
     750    1351.4630
     751    1388.4862
     752    1436.3228
     753    1479.1181
     754    1501.5965
     755    1494.3662
     756    1456.8941
     757    1397.3087
     758    1329.3630
     759    1267.8250
     760    1223.9900
     761    1202.8774
     762    1202.9103
     763    1217.7579
     764    1239.2106
     765    1259.8887
     766    1275.0093
     767    1282.9413
     768    1284.7045
     769    1282.8852
     770    1280.4905
     771    1280.1095
     772    1283.4832
     773    1291.3886
     774    1303.6668
     775    1319.2510
     776    1336.2026
     777    1351.8855
     778    1363.4015
     779    1368.2715
     780    1365.1830
     781    1354.5641
     782    1338.7562
     783    1321.6035
     784    1307.4185
     785    1299.5978
     786    1299.4723
     787    1305.9681
     788    1316.2281
     789    1326.8122
     790    1334.8879
     791    1338.9767
     792    1339.1124
     793    1336.5547
     794    1333.3606
     795    1331.9776
     796    1334.8070
     797    1343.6112
     798    1358.7845
     799    1378.6631
     800    1399.2097
     801    1414.4428
     802    1417.8186
     803    1404.3784
     804    1372.9771
     805    1327.6405
     806    1277.2744
     807    1233.5471
     808    1207.4957
     809    1205.9262
     810    1228.8229
     811    1268.7806
     812    1312.9003
     813    1346.8034
     814    1359.5830
     815    1347.9274
     816    1317.6927
     817    1282.0090
     818    1256.3736
     819    1252.5376
     820    1273.6491
     821    1312.6806
     822    1354.8164
     823    1382.9010
     824    1383.9068
     825    1353.9643
     826    1299.9956
     827    1237.2608
     828    1183.7553
     829    1153.6466
     830    1152.3285
     831    1174.9940
     832    1209.1905
     833    1240.2176
     834    1257.1199
     835    1256.8346
     836    1244.8826
     837    1232.4242
     838    1231.0260
     839    1247.4065
     840    1280.3751
     841    1321.2101
     842    1357.2459
     843    1377.1021
     844    1375.3257
     845    1354.5050
     846    1324.0246
     847    1296.0400
     848    1280.4152
     849    1280.8017
     850    1293.5225
     851    1309.6848
     852    1319.5225
     853    1317.0298
     854    1302.8716
     855    1284.3145
     856    1272.1649
     857    1275.9479
     858    1299.3426
     859    1337.8962
     860    1380.1222
     861    1411.6297
     862    1420.5969
     863    1402.3794
     864    1361.3983
     865    1309.5926
     866    1262.1132
     867    1231.9896
     868    1225.8096
     869    1241.9618
     870    1271.9233
     871    1303.8980
     872    1327.2707
     873    1336.1545
     874    1330.7954
     875    1316.5413
     876    1301.0867
     877    1291.2925
     878    1290.8422
     879    1299.3847
     880    1313.1077
     881    1326.2549
     882    1332.9737
     883    1328.9242
     884    1312.3172
     885    1284.3212
     886    1248.9231
     887    1212.2638
     888    1181.4281
     889    1162.8161
     890    1160.5045
     891    1175.1104
     892    1203.4672
     893    1239.2975
     894    1274.9831
     895    1303.9951
     896    1322.9699
     897    1332.5032
     898    1336.3628
     899    1339.4926
     900    1345.6182
     901    1355.4247
     902    1366.0724
     903    1372.3558
     904    1369.1698
     905    1354.1934
     906    1329.3834
     907    1300.4448
     908    1274.5121
     909    1257.1514
     910    1250.0505
     911    1250.4210
     912    1252.3673
     913    1249.6634
     914    1238.8095
     915    1221.0435
     916    1202.3101
     917    1191.0146
     918    1194.4580
     919    1215.5280
     920    1251.1546
     921    1293.2059
     922    1331.4486
     923    1357.3609
     924    1367.2917
     925    1363.7201
     926    1354.0470
     927    1347.2929
     928    1350.0113
     929    1363.2379
     930    1381.9239
     931    1397.0793
     932    1399.5876
     933    1384.0312
     934    1350.9747
     935    1306.7952
     936    1261.1700
     937    1223.3493
     938    1198.8887
     939    1188.2322
     940    1187.6020
     941    1191.5728
     942    1196.0431
     943    1200.2289
     944    1206.7737
     945    1219.9709
     946    1242.9743
     947    1275.3742
     948    1312.3608
     949    1345.9982
     950    1368.1516
     951    1373.8045
     952    1363.2995
     953    1342.4717
     954    1320.2835
     955    1304.4789
     956    1297.4062
     957    1295.1190
     958    1290.3059
     959    1276.5493
     960    1251.6495
     961    1219.0239
     962    1186.8264
     963    1165.0316
     964    1161.5716
     965    1179.0946
     966    1213.7398
     967    1256.4650
     968    1296.2989
     969    1324.0259
     970    1334.8250
     971    1329.1933
     972    1312.1609
     973    1291.0088
     974    1272.2010
     975    1258.8562
     976    1249.9567
     977    1241.5755
     978    1229.3767
     979    1211.1295
     980    1188.0833
     981    1164.6888
     982    1146.9178
     983    1140.0050
     984    1146.5818
     985    1165.9127
     986    1194.4161
     987    1227.0993
     988    1259.1971
     989    1287.3318
     990    1309.8767
     991    1326.6474
     992    1338.3042
     993    1345.7964
     994    1349.9862
     995    1351.5212
     996    1350.9462
     997    1348.8452
     998    1345.7442
     999    1341.7337
    1000    1336.1121
    1001    1327.3515
    1002    1313.7631
    1003    1294.4450
    1004    1270.2654
    1005    1244.2576
    1006    1221.0736
    1007    1205.5162
    1008    1200.6458
    1009    1206.2622
    1010    1218.5412
    1011    1231.1546
    1012    1237.5249
    1013    1233.2890
    1014    1217.9971
    1015    1195.4376
    1016    1172.5044
    1017    1156.9445
    1018    1154.7282
    1019    1168.0218
    1020    1194.5309
    1021    1228.4459
    1022    1262.6091
    1023    1291.0251
    1024    1310.5813
    1025    1321.1675
    1026    1324.4765
    1027    1322.7259
    1028    1318.0779
    1029    1312.5267
    1030    1307.9172
    1031    1305.9351
    1032    1307.8810
    1033    1314.1422
    1034    1323.5475
    1035    1333.0335
    1036    1338.0580
    1037    1333.9254
    1038    1317.7414
    1039    1290.2521
    1040    1256.6132
    1041    1225.3898
    1042    1205.8213
    1043    1204.2241
    1044    1220.9801
    1045    1249.5278
    1046    1278.0963
    1047    1293.8229
    1048    1287.8034
    1049    1259.0723
    1050    1215.7619
    1051    1172.7505
    1052    1146.5191
    1053    1149.1082
    1054    1183.4847
    1055    1242.1497
    1056    1309.5809
    1057    1367.6201
    1058    1401.7462
    1059    1405.8293
    1060    1383.6125
    1061    1346.5290
    1062    1308.8778
    1063    1282.3411
    1064    1271.9611
    1065    1275.0217
    1066    1283.0692
    1067    1286.0703
    1068    1276.9325
    1069    1254.5790
    1070    1224.4404
    1071    1196.3218
    1072    1180.6816
    1073    1184.8971
    1074    1210.8485
    1075    1254.4698
    1076    1307.1872
    1077    1358.5599
    1078    1399.1164
    1079    1422.4651
    1080    1426.1769
    1081    1411.5024
    1082    1382.3595
    1083    1344.0867
    1084    1302.3294
    1085    1262.1989
    1086    1227.7024
    1087    1201.3762
    1088    1184.0835
    1089    1175.0307
    1090    1172.0991
    1091    1172.5251
    1092    1173.8067
    1093    1174.5684
    1094    1175.0481
    1095    1176.9760
    1096    1182.8303
    1097    1194.7246
    1098    1213.3601
    1099    1237.4852
    1100    1264.0851
    1101    1289.2358
    1102    1309.2944
    1103    1321.9494
    1104    1326.6932
    1105    1324.5678
    1106    1317.3811
    1107    1306.8397
    1108    1294.0449
    1109    1279.5654
    1110    1263.9739
    1111    1248.4586
    1112    1234.9963
    1113    1225.7728
    1114    1222.0126
    1115    1222.9128
    1116    1225.4295
    1117    1225.1985
    1118    1218.2357
    1119    1202.7494
    1120    1180.3398
    1121    1156.0049
    1122    1136.7468
    1123    1129.1033
    1124    1136.4853
    1125    1157.4369
    1126    1185.6895
    1127    1212.1748
    1128    1228.3420
    1129    1229.5275
    1130    1217.0163
    1131    1197.8367
    1132    1182.1679
    1133    1179.2461
    1134    1193.4506
    1135    1222.3337
    1136    1257.5298
    1137    1288.1534
    1138    1305.1575
    1139    1304.7999
    1140    1289.8556
    1141    1268.2194
    1142    1249.5980
    1143    1241.6885
    1144    1247.3773
    1145    1264.0213
    1146    1285.0055
    1147    1302.7957
    1148    1312.1055
    1149    1311.7893
    1150    1304.7184
    1151    1295.8384
    1152    1289.3943
    1153    1286.6691
    1154    1285.3772
    1155    1281.0738
    1156    1269.8311
    1157    1250.7318
    1158    1226.8722
    1159    1204.2835
    1160    1189.1505
    1161    1184.8397
    1162    1190.5153
    1163    1201.8146
    1164    1212.9014
    1165    1219.0434
    1166    1218.8295
    1167    1215.0765
    1168    1213.8745
    1169    1222.0091
    1170    1243.7423
    1171    1278.3036
    1172    1319.3165
    1173    1356.6680
    1174    1380.1387
    1175    1383.2504
    1176    1365.7212
    1177    1333.5331
    1178    1296.6294
    1179    1265.1866
    1180    1245.9716
    1181    1240.2278
    1182    1243.8687
    1183    1249.7484
    1184    1250.8701
    1185    1243.1126
    1186    1226.5185
    1187    1204.9529
    1188    1184.5043
    1189    1171.2533
    1190    1169.1537
    1191    1178.7019
    1192    1196.8232
    1193    1217.9828
    1194    1236.0040
    1195    1245.8157
    1196    1244.6335
    1197    1232.4726
    1198    1212.0776
    1199    1188.3002
    1200    1166.9683
    1201    1153.4585
    1202    1151.3722
    1203    1161.7167
    1204    1182.7516
    1205    1210.4411
    1206    1239.4337
    1207    1264.4164
    1208    1281.5224
    1209    1289.3278
    1210    1289.0169
    1211    1283.5987
    1212    1276.4039
    1213    1269.4087
    1214    1262.1917
    1215    1252.4265
    1216    1238.0768
    1217    1219.2007
    1218    1196.6517
    1219    1170.7668
    1220    1144.0592
    1221    1122.9859
    1222    1115.1876
    1223    1125.2829
    1224    1152.3949
    1225    1190.3570
    1226    1230.1529
    1227    1263.3718
    1228    1285.1977
    1229    1295.7142
    1230    1299.0483
    1231    1300.8246
    1232    1305.1665
    1233    1312.6261
    1234    1319.9810
    1235    1321.9872
    1236    1314.2793
    1237    1296.0190
    1238    1270.9623
    1239    1246.3729
    1240    1230.2158
    1241    1227.8379
    1242    1239.5927
    1243    1260.4735
    1244    1281.9481
    1245    1295.2402
    1246    1294.7068
    1247    1279.9614
    1248    1255.9097
    1249    1230.6971
    1250    1212.3778
    1251    1205.6357
    1252    1209.8962
    1253    1219.6125
    1254    1226.6388
    1255    1223.7068
    1256    1207.5218
    1257    1180.1853
    1258    1148.4611
    1259    1121.3481
    1260    1106.9912
    1261    1110.0908
    1262    1130.7383
    1263    1164.9793
    1264    1206.6414
    1265    1249.4812
    1266    1288.7841
    1267    1322.0183
    1268    1348.5772
    1269    1368.8798
    1270    1383.2891
    1271    1391.4000
    1272    1392.0813
    1273    1384.2167
    1274    1367.6625
    1275    1343.8069
    1276    1315.3449
    1277    1285.3741
    1278    1256.3155
    1279    1229.2617
    1280    1204.0773
    1281    1180.1715
    1282    1157.5263
    1283    1137.4432
    1284    1122.5818
    1285    1116.1741
    1286    1120.7327
    1287    1136.8525
    1288    1162.6848
    1289    1194.3258
    1290    1226.8844
    1291    1255.6833
    1292    1277.1954
    1293    1289.6503
    1294    1293.2375
    1295    1289.6752
    1296    1281.2446
    1297    1269.8394
    1298    1256.5667
    1299    1241.9826
    1300    1226.6211
    1301    1211.3705
    1302    1197.4237
    1303    1185.8585
    1304    1177.1720
    1305    1171.1633
    1306    1167.3632
    1307    1165.8555
    1308    1167.9830
    1309    1176.3511
    1310    1193.8476
    1311    1221.9496
    1312    1259.1013
    1313    1300.0685
    1314    1336.8153
    1315    1360.8127
    1316    1365.9926
    1317    1351.1705
    1318    1320.8203
    1319    1283.6897
    1320    1249.6437
    1321    1225.9515
    1322    1214.5563
    1323    1211.5138
    1324    1208.8880
    1325    1198.3898
    1326    1175.3142
    1327    1141.1651
    1328    1103.8271
    1329    1075.0840
    1330    1066.3650
    1331    1084.3375
    1332    1128.0844
    1333    1189.0094
    1334    1253.5857
    1335    1307.9532
    1336    1342.6257
    1337    1355.4748
    1338    1351.8173
    1339    1341.5816
    1340    1334.7245
    1341    1336.8509
    1342    1346.9080
    1343    1357.8793
    1344    1360.0638
    1345    1345.4929
    1346    1311.6200
    1347    1262.7413
    1348    1208.5802
    1349    1160.6805
    1350    1128.1974
    1351    1114.8532
    1352    1118.2197
    1353    1131.3835
    1354    1146.0860
    1355    1155.9255
    1356    1158.3517
    1357    1154.7995
    1358    1149.1549
    1359    1145.4218
    1360    1145.7226
    1361    1149.5188
    1362    1154.2861
    1363    1157.1783
    1364    1156.7549
    1365    1153.8653
    1366    1151.2533
    1367    1152.1156
    1368    1158.4238
    1369    1169.9387
    1370    1184.4440
    1371    1198.9971
    1372    1211.3890
    1373    1220.9974
    1374    1228.7208
    1375    1236.1933
    1376    1244.6359
    1377    1253.7726
    1378    1261.3067
    1379    1263.3209
    1380    1255.5762
    1381    1235.2565
    1382    1202.4452
    1383    1160.6903
    1384    1116.3751
    1385    1077.0976
    1386    1049.6123
    1387    1038.0047
    1388    1042.7155
    1389    1060.7807
    1390    1087.1242
    1391    1116.2101
    1392    1143.3489
    1393    1165.4076
    1394    1181.0318
    1395    1190.5428
    1396    1195.6250
    1397    1198.8437
    1398    1203.0071
    1399    1210.4073
    1400    1222.0622
    1401    1237.2140
    1402    1253.3387
    1403    1266.8114
    1404    1274.1338
    1405    1273.3849
    1406    1265.3358
    1407    1253.6710
    1408    1244.0064
    1409    1241.8526
    1410    1250.1749
    1411    1267.5366
    1412    1287.7551
    1413    1301.4947
    1414    1299.4193
    1415    1275.8112
    1416    1231.2694
    1417    1173.3471
    1418    1114.6778
    1419    1069.0713
    1420    1046.8754
    1421    1051.3214
    1422    1077.3372
    1423    1113.4269
    1424    1145.9998
    1425    1164.5149
    1426    1165.4541
    1427    1153.5931
    1428    1140.0260
    1429    1137.6114
    1430    1155.5217
    1431    1195.0248
    1432    1248.2633
    1433    1300.7074
    1434    1336.4640
    1435    1344.3690
    1436    1322.4110
    1437    1278.6915
    1438    1228.5364
    1439    1188.8912
    1440    1172.1968
    1441    1182.1113
    1442    1212.6757
    1443    1251.0976
    1444    1282.8615
    1445    1296.9792
    1446    1289.3165
    1447    1263.0091
    1448    1226.3740
    1449    1189.5184
    1450    1160.9436
    1451    1145.1913
    1452    1142.1623
    1453    1148.0935
    1454    1157.5401
    1455    1165.4112
    1456    1168.3047
    1457    1164.9057
    1458    1155.7261
    1459    1142.6884
    1460    1128.8866
    1461    1118.4810
    1462    1116.3563
    1463    1127.1778
    1464    1153.8177
    1465    1195.5996
    1466    1247.1831
    1467    1298.8878
    1468    1338.7936
    1469    1356.1599
    1470    1345.0477
    1471    1306.7911
    1472    1250.3008
    1473    1189.8624
    1474    1140.9395
    1475    1115.2570
    1476    1116.8556
    1477    1140.6425
    1478    1174.1449
    1479    1201.9836
    1480    1211.4937
    1481    1197.4249
    1482    1163.9706
    1483    1123.3719
    1484    1091.6346
    1485    1082.9269
    1486    1104.6300
    1487    1154.7116
    1488    1222.2493
    1489    1290.8530
    1490    1343.7634
    1491    1368.8970
    1492    1362.1991
    1493    1328.3449
    1494    1278.7688
    1495    1227.8676
    1496    1188.7019
    1497    1169.4944
    1498    1171.8301
    1499    1190.8672
    1500    1217.2932
    1501    1240.3298
    1502    1250.9131
    1503    1244.2174
    1504    1220.9364
    1505    1187.0817
    1506    1152.3772
    1507    1127.6317
    1508    1121.6931
    1509    1138.7793
    1510    1176.9976
    1511    1228.5948
    1512    1281.9708
    1513    1324.9319
    1514    1348.2143
    1515    1348.1527
    1516    1327.5889
    1517    1294.6935
    1518    1260.0860
    1519    1233.1906
    1520    1219.0864
    1521    1217.0376
    1522    1221.3000
    1523    1223.8494
    1524    1217.8559
    1525    1200.4693
    1526    1173.8552
    1527    1144.2063
    1528    1119.2479
    1529    1105.3236
    1530    1105.2348
    1531    1117.5730
    1532    1137.6222
    1533    1159.2459
    1534    1176.8494
    1535    1186.6431
    1536    1186.9496
    1537    1177.8337
    1538    1160.6036
    1539    1137.5547
    1540    1111.9697
    1541    1088.0949
    1542    1070.7513
    1543    1064.4107
    1544    1071.8578
    1545    1092.8302
    1546    1123.2173
    1547    1155.4035
    1548    1180.0720
    1549    1189.2034
    1550    1179.3004
    1551    1153.4676
    1552    1121.1928
    1553    1095.5275
    1554    1088.5911
    1555    1107.1690
    1556    1150.0316
    1557    1207.7799
    1558    1265.4547
    1559    1307.5956
    1560    1324.0568
    1561    1313.9584
    1562    1285.9625
    1563    1254.7867
    1564    1235.3820
    1565    1237.0390
    1566    1259.6879
    1567    1293.8296
    1568    1324.1480
    1569    1335.4198
    1570    1318.4160
    1571    1273.4900
    1572    1210.4912
    1573    1145.1294
    1574    1093.3117
    1575    1065.6452
    1576    1064.1173
    1577    1082.0831
    1578    1107.4241
    1579    1127.5364
    1580    1134.1886
    1581    1126.4463
    1582    1110.6595
    1583    1097.6694
    1584    1098.4012
    1585    1119.5554
    1586    1160.9869
    1587    1215.6632
    1588    1272.1293
    1589    1318.4506
    1590    1346.0507
    1591    1352.0154
    1592    1339.1965
    1593    1314.3409
    1594    1285.1926
    1595    1257.7590
    1596    1234.7511
    1597    1215.6204
    1598    1197.9534
    1599    1179.4390
    1600    1159.4987
    1601    1139.9145
    1602    1124.3354
    1603    1117.0373
    1604    1121.4926
    1605    1139.1867
    1606    1168.9432
    1607    1206.8533
    1608    1246.8179
    1609    1281.6965
    1610    1304.9407
    1611    1312.3200
    1612    1303.1844
    1613    1280.7726
    1614    1251.3895
    1615    1222.6317
    1616    1201.1472
    1617    1190.6250
    1618    1190.7424
    1619    1197.4901
    1620    1204.8144
    1621    1206.9976
    1622    1200.8924
    1623    1187.1549
    1624    1169.9942
    1625    1155.5010
    1626    1149.1560
    1627    1153.4766
    1628    1166.7535
    1629    1183.4634
    1630    1196.2846
    1631    1198.9733
    1632    1188.9326
    1633    1168.3652
    1634    1143.4596
    1635    1121.8966
    1636    1109.7279
    1637    1109.0152
    1638    1117.2983
    1639    1129.1308
    1640    1138.9091
    1641    1143.6430
    1642    1144.3910
    1643    1145.7498
    1644    1153.6152
    1645    1172.0644
    1646    1200.6519
    1647    1233.5882
    1648    1261.6209
    1649    1275.8568
    1650    1271.5991
    1651    1250.4396
    1652    1219.7990
    1653    1190.1400
    1654    1170.9627
    1655    1167.2126
    1656    1177.5795
    1657    1195.3792
    1658    1211.6153
    1659    1218.9162
    1660    1214.6942
    1661    1202.1932
    1662    1189.0070
    1663    1183.7590
    1664    1192.3830
    1665    1215.5331
    1666    1248.1212
    1667    1281.1064
    1668    1304.7925
    1669    1312.2883
    1670    1301.7658
    1671    1276.7042
    1672    1244.1851
    1673    1212.0789
    1674    1186.3357
    1675    1169.4187
    1676    1160.3383
    1677    1156.0197
    1678    1153.2252
    1679    1150.1232
    1680    1146.8510
    1681    1144.9227
    1682    1145.9649
    1683    1150.6450
    1684    1158.4837
    1685    1168.5558
    1686    1180.4800
    1687    1194.9778
    1688    1213.5808
    1689    1237.5447
    1690    1266.4771
    1691    1297.4194
    1692    1324.9684
    1693    1342.5934
    1694    1344.8049
    1695    1329.3988
    1696    1298.7606
    1697    1259.4940
    1698    1220.3273
    1699    1189.0535
    1700    1169.7097
    1701    1161.1582
    1702    1157.7124
    1703    1151.6322
    1704    1136.5301
    1705    1110.2882
    1706    1076.2570
    1707    1042.2335
    1708    1017.6689
    1709    1010.2418
    1710    1023.0931
    1711    1053.6665
    1712    1094.4576
    1713    1135.3743
    1714    1166.9201
    1715    1183.0541
    1716    1182.6769
    1717    1169.2903
    1718    1149.1824
    1719    1128.9977
    1720    1113.6380
    1721    1105.1723
    1722    1102.9688
    1723    1104.7509
    1724    1107.9473
    1725    1110.7147
    1726    1112.3427
    1727    1113.1558
    1728    1114.2053
    1729    1116.9294
    1730    1122.7598
    1731    1132.6367
    1732    1146.6040
    1733    1163.6549
    1734    1181.7731
    1735    1198.0290
    1736    1208.8432
    1737    1210.6236
    1738    1200.7832
    1739    1178.8081
    1740    1146.9000
    1741    1109.8307
    1742    1073.9267
    1743    1045.4238
    1744    1028.6938
    1745    1024.9724
    1746    1032.1259
    1747    1045.6409
    1748    1060.5099
    1749    1073.2673
    1750    1083.3087
    1751    1092.8793
    1752    1105.6827
    1753    1124.6914
    1754    1150.1603
    1755    1178.8270
    1756    1204.7704
    1757    1221.5894
    1758    1224.9332
    1759    1214.2032
    1760    1192.5877
    1761    1165.4673
    1762    1138.2019
    1763    1114.5314
    1764    1096.1344
    1765    1083.1645
    1766    1075.2902
    1767    1072.6957
    1768    1076.5074
    1769    1088.3660
    1770    1109.3050
    1771    1138.5146
    1772    1172.6882
    1773    1206.4104
    1774    1233.5697
    1775    1249.2953
    1776    1251.6118
    1777    1242.0381
    1778    1224.8142
    1779    1205.0586
    1780    1186.6684
    1781    1170.8977
    1782    1156.2776
    1783    1139.9226
    1784    1119.6277
    1785    1095.7584
    1786    1071.9675
    1787    1054.2513
    1788    1048.6203
    1789    1058.3710
    1790    1082.2140
    1791    1114.1859
    1792    1145.5168
    1793    1167.7855
    1794    1176.1131
    1795    1171.1042
    1796    1158.6755
    1797    1147.6900
    1798    1146.1895
    1799    1157.8243
    1800    1180.2244
    1801    1206.0958
    1802    1226.3076
    1803    1233.5118
    1804    1224.9520
    1805    1203.5181
    1806    1176.6520
    1807    1153.4704
    1808    1141.2397
    1809    1142.6714
    1810    1155.1703
    1811    1172.2482
    1812    1186.3437
    1813    1191.7730
    1814    1186.6552
    1815    1173.2089
    1816    1156.5041
    1817    1142.3450
    1818    1135.2110
    1819    1137.0361
    1820    1147.1328
    1821    1163.0164
    1822    1181.5277
    1823    1199.6814
    1824    1215.0273
    1825    1225.6895
    1826    1230.3736
    1827    1228.5221
    1828    1220.6006
    1829    1208.3460
    1830    1194.7294
    1831    1183.4247
    1832    1177.7413
    1833    1179.3021
    1834    1187.0125
    1835    1196.9075
    1836    1203.1834
    1837    1200.2127
    1838    1184.8624
    1839    1158.2124
    1840    1125.9108
    1841    1096.8603
    1842    1080.5384
    1843    1083.7816
    1844    1108.1081
    1845    1148.5426
    1846    1194.5786
    1847    1233.2515
    1848    1253.3267
    1849    1248.9568
    1850    1221.4509
    1851    1178.6322
    1852    1132.0949
    1853    1093.3536
    1854    1070.3777
    1855    1065.7521
    1856    1076.7637
    1857    1096.9398
    1858    1118.3392
    1859    1133.9404
    1860    1139.5291
    1861    1134.6546
    1862    1122.5149
    1863    1108.8984
    1864    1100.4805
    1865    1102.8626
    1866    1118.8166
    1867    1147.2104
    1868    1182.9950
    1869    1218.3065
    1870    1244.3847
    1871    1253.8172
    1872    1242.6280
    1873    1211.7156
    1874    1167.1732
    1875    1119.1693
    1876    1079.4436
    1877    1057.9673
    1878    1059.7798
    1879    1083.1210
    1880    1119.6774
    1881    1157.0785
    1882    1182.9613
    1883    1189.2702
    1884    1175.2092
    1885    1147.6254
    1886    1118.4994
    1887    1100.3168
    1888    1101.0093
    1889    1120.4416
    1890    1149.9806
    1891    1175.5459
    1892    1183.0949
    1893    1164.4169
    1894    1120.9187
    1895    1063.8142
    1896    1010.5080
    1897     978.4443
    1898     978.7382
    1899    1012.0552
    1900    1068.3444
    1901    1130.5137
    1902    1180.5826
    1903    1205.9258
    1904    1203.2693
    1905    1179.0429
    1906    1146.1567
    1907    1118.6223
    1908    1106.1731
    1909    1110.9344
    1910    1127.2927
    1911    1144.8335
    1912    1152.9931
    1913    1145.4606
    1914    1122.5979
    1915    1091.0617
    1916    1060.9893
    1917    1042.0246
    1918    1039.8061
    1919    1054.2265
    1920    1079.9833
    1921    1108.9972
    1922    1133.5718
    1923    1148.9948
    1924    1154.6338
    1925    1153.2988
    1926    1149.3670
    1927    1146.6250
    1928    1146.7741
    1929    1149.1407
    1930    1151.5422
    1931    1151.7533
    1932    1148.8373
    1933    1143.7401
    1934    1138.9104
    1935    1137.1386
    1936    1140.1516
    1937    1147.6267
    1938    1157.0920
    1939    1164.7681
    1940    1166.9751
    1941    1161.4971
    1942    1148.3579
    1943    1129.7597
    1944    1109.2752
    1945    1090.6542
    1946    1076.6910
    1947    1068.5346
    1948    1065.6203
    1949    1066.1935
    1950    1068.1981
    1951    1070.2089
    1952    1072.0807
    1953    1075.0682
    1954    1081.3530
    1955    1093.1368
    1956    1111.6069
    1957    1136.1344
    1958    1163.9740
    1959    1190.6050
    1960    1210.7094
    1961    1219.6048
    1962    1214.7730
    1963    1196.9945
    1964    1170.5772
    1965    1142.3918
    1966    1119.8437
    1967    1108.4097
    1968    1109.6612
    1969    1120.6181
    1970    1134.8218
    1971    1144.8530
    1972    1145.3829
    1973    1135.5520
    1974    1119.6410
    1975    1105.6305
    1976    1102.0689
    1977    1114.3861
    1978    1142.0879
    1979    1178.0569
    1980    1210.4745
    1981    1226.8962
    1982    1219.0667
    1983    1186.5711
    1984    1137.6821
    1985    1086.8116
    1986    1049.3753
    1987    1036.0281
    1988    1048.5744
    1989    1079.2288
    1990    1113.6025
    1991    1136.3124
    1992    1137.0308
    1993    1114.5594
    1994    1077.2583
    1995    1039.6442
    1996    1016.5315
    1997    1017.1175
    1998    1041.4111
    1999    1080.3981
    2000    1119.7912
