#Frame              T
       1    2965.3679
       2    2822.4770
       3    2603.5089
       4    2355.6753
       5    2127.3627
       6    1954.4965
       7    1851.4382
       8    1809.1549
       9    1800.9021
      10    1793.2035
      11    1758.2940
      12    1683.8994
      13    1577.3121
      14    1462.6870
      15    1372.6744
      16    1337.2514
      17    1373.4070
      18    1478.9773
      19    1632.5403
      20    1799.2857
      21    1940.8712
      22    2026.1321
      23    2039.4421
      24    1984.4083
      25    1882.0812
      26    1764.4314
      27    1665.1058
      28    1610.1141
      29    1611.0272
      30    1662.5164
      31    1744.8165
      32    1830.2691
      33    1891.9373
      34    1911.6937
      35    1885.3729
      36    1823.4870
      37    1747.3975
      38    1682.2542
      39    1649.0011
      40    1657.9680
      41    1705.9628
      42    1777.5872
      43    1850.1921
      44    1900.8454
      45    1913.1832
      46    1882.1209
      47    1815.0937
      48    1729.5689
      49    1647.6987
      50    1589.8405
      51    1568.9104
      52    1587.1396
      53    1635.9748
      54    1698.9511
      55    1756.5736
      56    1791.7983
      57    1794.6335
      58    1764.6903
      59    1711.1034
      60    1649.8942
      61    1599.4695
      62    1575.4198
      63    1585.9960
      64    1629.5362
      65    1694.6199
      66    1763.0167
      67    1814.7445
      68    1833.9235
      69    1813.7197
      70    1758.7413
      71    1683.8996
      72    1609.9083
      73    1556.7764
      74    1537.3756
      75    1553.1458
      76    1593.3663
      77    1638.3703
      78    1665.9087
      79    1658.7719
      80    1611.1361
      81    1531.2678
      82    1439.3103
      83    1360.6859
      84    1317.4720
      85    1321.0312
      86    1368.4978
      87    1444.0502
      88    1524.2958
      89    1585.9494
      90    1613.3059
      91    1603.0668
      92    1564.9474
      93    1517.9340
      94    1483.5708
      95    1478.6617
      96    1509.9100
      97    1572.2455
      98    1651.1480
      99    1727.8152
     100    1785.1952
     101    1812.9186
     102    1809.7695
     103    1783.1796
     104    1746.1547
     105    1712.8070
     106    1693.9899
     107    1694.3085
     108    1711.2060
     109    1736.1298
     110    1757.2369
     111    1762.8118
     112    1744.5349
     113    1699.8876
     114    1633.1820
     115    1554.9322
     116    1479.5408
     117    1421.7520
     118    1392.8134
     119    1397.4816
     120    1432.6975
     121    1488.2900
     122    1549.6224
     123    1601.5194
     124    1632.3418
     125    1636.9987
     126    1618.0073
     127    1584.2819
     128    1548.0008
     129    1520.5337
     130    1508.7503
     131    1512.9351
     132    1526.9886
     133    1540.8266
     134    1544.1296
     135    1530.1876
     136    1498.5672
     137    1455.6748
     138    1413.0023
     139    1383.6434
     140    1378.2684
     141    1401.8719
     142    1452.3260
     143    1521.2331
     144    1596.6673
     145    1666.1854
     146    1718.3775
     147    1744.0221
     148    1738.9413
     149    1706.4460
     150    1656.4918
     151    1602.3239
     152    1556.5799
     153    1527.9857
     154    1519.2459
     155    1526.5212
     156    1540.6820
     157    1550.1457
     158    1544.6448
     159    1518.9141
     160    1475.2190
     161    1423.8451
     162    1380.6983
     163    1361.1652
     164    1372.4394
     165    1410.6774
     166    1464.3659
     167    1518.9642
     168    1560.7671
     169    1580.4976
     170    1576.0871
     171    1553.4038
     172    1524.3011
     173    1502.4899
     174    1498.6524
     175    1516.5748
     176    1551.7298
     177    1592.8431
     178    1625.8752
     179    1638.9590
     180    1626.4790
     181    1590.8504
     182    1541.4400
     183    1491.1353
     184    1451.8351
     185    1430.4605
     186    1426.8867
     187    1434.5368
     188    1443.3990
     189    1444.2536
     190    1432.3955
     191    1409.4793
     192    1383.0224
     193    1363.9084
     194    1362.6711
     195    1385.7299
     196    1432.9523
     197    1497.4961
     198    1567.9226
     199    1631.6946
     200    1678.7383
     201    1703.9051
     202    1707.6696
     203    1695.0392
     204    1673.2442
     205    1649.1467
     206    1627.3522
     207    1609.5565
     208    1594.9761
     209    1581.2496
     210    1565.3406
     211    1544.4563
     212    1517.0695
     213    1483.7392
     214    1447.3369
     215    1412.5925
     216    1385.1187
     217    1370.1431
     218    1371.1867
     219    1388.9480
     220    1420.7371
     221    1460.7941
     222    1501.6366
     223    1536.1154
     224    1559.4544
     225    1570.4634
     226    1571.4530
     227    1566.9359
     228    1561.6943
     229    1559.0031
     230    1559.6977
     231    1562.3515
     232    1564.3341
     233    1563.1917
     234    1557.7479
     235    1548.4507
     236    1536.7667
     237    1523.8973
     238    1509.7374
     239    1493.1174
     240    1473.2889
     241    1451.4152
     242    1430.7937
     243    1415.6660
     244    1409.5192
     245    1413.8015
     246    1427.3098
     247    1446.2083
     248    1464.7922
     249    1477.0688
     250    1478.8630
     251    1469.6982
     252    1453.5336
     253    1437.7488
     254    1430.5562
     255    1437.7658
     256    1460.1818
     257    1492.7396
     258    1525.8407
     259    1548.5014
     260    1552.1965
     261    1533.9774
     262    1497.7203
     263    1453.1001
     264    1412.7628
     265    1388.7089
     266    1388.8418
     267    1414.2901
     268    1458.4354
     269    1508.9390
     270    1552.3461
     271    1578.7286
     272    1584.3429
     273    1571.9186
     274    1549.0515
     275    1525.4964
     276    1510.3014
     277    1509.5530
     278    1525.0388
     279    1553.8182
     280    1588.7669
     281    1620.3046
     282    1639.0916
     283    1638.7930
     284    1617.9463
     285    1580.4681
     286    1534.7885
     287    1491.8253
     288    1462.2546
     289    1453.7958
     290    1469.1646
     291    1505.1401
     292    1553.0411
     293    1600.7285
     294    1635.8045
     295    1649.1808
     296    1637.8911
     297    1606.1476
     298    1564.1438
     299    1524.8665
     300    1499.8754
     301    1495.4540
     302    1510.4885
     303    1536.8846
     304    1562.4227
     305    1575.0246
     306    1566.8920
     307    1537.0392
     308    1491.3735
     309    1440.4164
     310    1395.7157
     311    1366.4236
     312    1357.0956
     313    1366.9472
     314    1390.3712
     315    1418.5039
     316    1441.5602
     317    1451.4185
     318    1443.8059
     319    1419.5333
     320    1384.4530
     321    1348.1070
     322    1321.3282
     323    1313.3294
     324    1329.0215
     325    1367.3151
     326    1420.9998
     327    1478.3870
     328    1526.3833
     329    1554.1874
     330    1556.5830
     331    1535.7840
     332    1501.0011
     333    1465.4885
     334    1442.0453
     335    1438.9235
     336    1457.5452
     337    1492.2641
     338    1532.0746
     339    1563.9942
     340    1577.2317
     341    1566.7800
     342    1535.1692
     343    1491.7403
     344    1449.6411
     345    1421.5469
     346    1415.5476
     347    1432.6117
     348    1466.4502
     349    1505.7390
     350    1537.8547
     351    1552.8318
     352    1546.3067
     353    1520.6400
     354    1483.9739
     355    1447.5585
     356    1422.1788
     357    1414.8303
     358    1426.6823
     359    1452.8938
     360    1484.2277
     361    1509.8984
     362    1520.8057
     363    1512.2449
     364    1485.3009
     365    1446.4965
     366    1405.7831
     367    1373.4718
     368    1357.0344
     369    1358.7567
     370    1375.0154
     371    1397.5502
     372    1416.4174
     373    1423.5912
     374    1415.8681
     375    1396.0278
     376    1371.8876
     377    1353.6418
     378    1350.4122
     379    1367.1444
     380    1402.8593
     381    1450.8251
     382    1500.5954
     383    1541.2270
     384    1564.5748
     385    1567.5371
     386    1552.5123
     387    1526.0107
     388    1496.0695
     389    1469.5424
     390    1450.2754
     391    1438.7231
     392    1432.8846
     393    1429.9379
     394    1427.8298
     395    1426.2448
     396    1426.6155
     397    1431.0260
     398    1440.3947
     399    1453.2137
     400    1466.0231
     401    1475.2532
     402    1479.0471
     403    1478.1035
     404    1475.2618
     405    1473.9756
     406    1476.2400
     407    1480.9513
     408    1483.6712
     409    1478.1503
     410    1459.0494
     411    1424.6659
     412    1378.4515
     413    1328.5946
     414    1285.7589
     415    1259.7724
     416    1256.4427
     417    1275.6200
     418    1311.2274
     419    1353.2870
     420    1391.2659
     421    1417.5865
     422    1430.0156
     423    1431.9920
     424    1430.7789
     425    1434.2402
     426    1447.5663
     427    1471.2172
     428    1500.8126
     429    1528.9253
     430    1547.9784
     431    1553.0884
     432    1543.7698
     433    1523.9220
     434    1500.2118
     435    1479.5259
     436    1466.4828
     437    1461.9108
     438    1462.8079
     439    1463.7167
     440    1458.9296
     441    1444.6796
     442    1420.5181
     443    1389.4196
     444    1356.6323
     445    1327.7796
     446    1306.9406
     447    1295.4072
     448    1291.5273
     449    1291.6378
     450    1291.7057
     451    1289.0568
     452    1283.5733
     453    1277.9295
     454    1276.7551
     455    1284.9647
     456    1305.8197
     457    1339.4286
     458    1382.2863
     459    1428.0664
     460    1469.3058
     461    1499.3331
     462    1513.9069
     463    1512.2160
     464    1496.9745
     465    1473.5094
     466    1448.0734
     467    1425.9465
     468    1409.9898
     469    1400.1366
     470    1393.9695
     471    1388.1440
     472    1380.0840
     473    1369.2465
     474    1357.4044
     475    1347.8295
     476    1343.7935
     477    1347.1184
     478    1357.4346
     479    1372.4287
     480    1388.9306
     481    1404.3044
     482    1417.5015
     483    1429.2845
     484    1441.5201
     485    1455.8638
     486    1472.4529
     487    1489.2444
     488    1502.4269
     489    1507.8568
     490    1502.9815
     491    1488.4149
     492    1468.3730
     493    1449.5993
     494    1439.0272
     495    1440.9984
     496    1455.1242
     497    1475.7397
     498    1493.4195
     499    1498.2632
     500    1483.8354
     501    1450.1440
     502    1404.2919
     503    1358.3668
     504    1325.2736
     505    1314.0793
     506    1326.6615
     507    1356.9879
     508    1393.3247
     509    1422.5560
     510    1434.9731
     511    1427.6957
     512    1405.4225
     513    1378.2557
     514    1357.4938
     515    1351.0620
     516    1360.3866
     517    1379.9247
     518    1399.5085
     519    1408.5381
     520    1400.3513
     521    1375.0603
     522    1339.7734
     523    1306.1387
     524    1286.1540
     525    1287.8203
     526    1312.2509
     527    1353.2799
     528    1399.6524
     529    1438.9494
     530    1461.8122
     531    1464.9831
     532    1452.1395
     533    1432.2983
     534    1416.4106
     535    1413.3845
     536    1426.9267
     537    1454.2838
     538    1487.2429
     539    1514.9183
     540    1527.2394
     541    1518.0276
     542    1486.9643
     543    1440.0038
     544    1387.9397
     545    1343.3205
     546    1316.6855
     547    1313.4326
     548    1332.3802
     549    1366.4603
     550    1405.2411
     551    1438.3866
     552    1458.8877
     553    1465.0133
     554    1460.3769
     555    1452.1681
     556    1448.2061
     557    1453.8619
     558    1469.9091
     559    1492.0504
     560    1512.2950
     561    1521.7193
     562    1513.6316
     563    1485.9966
     564    1442.2708
     565    1390.4310
     566    1340.6228
     567    1302.2835
     568    1281.6805
     569    1280.5640
     570    1296.1773
     571    1322.4174
     572    1351.6451
     573    1376.5844
     574    1391.8605
     575    1394.9450
     576    1386.4562
     577    1369.8773
     578    1350.7971
     579    1335.7458
     580    1330.7305
     581    1339.6548
     582    1362.9427
     583    1396.7889
     584    1433.4184
     585    1462.5833
     586    1474.1926
     587    1461.5328
     588    1424.0534
     589    1368.5262
     590    1307.8142
     591    1257.3356
     592    1230.2501
     593    1232.9695
     594    1262.6728
     595    1307.9149
     596    1352.3239
     597    1380.2202
     598    1382.2231
     599    1358.8115
     600    1320.4533
     601    1284.1032
     602    1267.1648
     603    1281.0107
     604    1326.4208
     605    1392.7000
     606    1460.9318
     607    1510.3043
     608    1525.3145
     609    1501.2707
     610    1446.0601
     611    1377.4732
     612    1317.0425
     613    1282.6775
     614    1282.7399
     615    1313.5204
     616    1360.8027
     617    1404.8520
     618    1427.1100
     619    1416.3825
     620    1372.5147
     621    1306.4057
     622    1236.4217
     623    1182.4528
     624    1159.6105
     625    1173.6236
     626    1219.3904
     627    1283.0332
     628    1346.6157
     629    1393.8580
     630    1415.0024
     631    1409.4474
     632    1385.4659
     633    1357.1171
     634    1339.3245
     635    1342.8014
     636    1370.5034
     637    1416.6597
     638    1468.5785
     639    1510.6188
     640    1529.0737
     641    1516.4297
     642    1473.6836
     643    1410.0444
     644    1340.1744
     645    1279.8659
     646    1241.4918
     647    1230.5950
     648    1244.6166
     649    1274.0903
     650    1305.8721
     651    1327.3549
     652    1330.3308
     653    1313.3192
     654    1281.7140
     655    1245.8278
     656    1217.5965
     657    1207.0270
     658    1219.4029
     659    1253.9045
     660    1303.9241
     661    1358.9945
     662    1407.7891
     663    1441.2193
     664    1454.6179
     665    1448.4351
     666    1427.5036
     667    1399.3497
     668    1372.1471
     669    1352.7483
     670    1345.1192
     671    1349.5966
     672    1363.3029
     673    1381.4593
     674    1398.9026
     675    1411.3340
     676    1416.1793
     677    1413.0201
     678    1403.5369
     679    1390.9338
     680    1378.9269
     681    1370.4982
     682    1366.7060
     683    1365.9463
     684    1364.0393
     685    1355.3262
     686    1334.6203
     687    1299.4796
     688    1251.9785
     689    1199.1552
     690    1151.5985
     691    1120.3470
     692    1113.1741
     693    1131.8674
     694    1171.6720
     695    1222.9909
     696    1274.5752
     697    1317.1211
     698    1346.1214
     699    1362.9669
     700    1373.7846
     701    1386.3897
     702    1406.6106
     703    1435.5740
     704    1469.0355
     705    1498.8879
     706    1516.1437
     707    1514.2388
     708    1491.4596
     709    1451.6566
     710    1403.0470
     711    1355.5865
     712    1317.8526
     713    1294.5228
     714    1285.2813
     715    1285.4617
     716    1288.0746
     717    1286.3873
     718    1276.2104
     719    1257.3331
     720    1233.7520
     721    1212.4974
     722    1201.2984
     723    1205.8976
     724    1228.0240
     725    1264.7398
     726    1309.3031
     727    1353.1580
     728    1388.3459
     729    1409.5880
     730    1415.4616
     731    1408.4330
     732    1393.8627
     733    1378.3422
     734    1367.8331
     735    1366.0721
     736    1373.6132
     737    1387.7313
     738    1403.2392
     739    1414.0439
     740    1415.0399
     741    1403.7915
     742    1381.4432
     743    1352.4985
     744    1323.4971
     745    1301.0461
     746    1289.9119
     747    1291.7910
     748    1305.0732
     749    1325.5466
     750    1347.7701
     751    1366.7183
     752    1379.2181
     753    1384.7141
     754    1385.1413
     755    1384.0474
     756    1385.3121
     757    1391.7942
     758    1404.1545
     759    1420.1805
     760    1435.0992
     761    1443.0682
     762    1439.2969
     763    1421.8313
     764    1392.2994
     765    1355.4542
     766    1317.7833
     767    1285.7032
     768    1263.9467
     769    1254.6319
     770    1257.1647
     771    1268.8236
     772    1285.6972
     773    1303.6701
     774    1319.2944
     775    1330.4654
     776    1336.7835
     777    1339.4473
     778    1340.6634
     779    1342.7753
     780    1347.3837
     781    1354.7056
     782    1363.3924
     783    1370.9633
     784    1374.7559
     785    1372.9568
     786    1365.2171
     787    1352.6491
     788    1337.3662
     789    1321.8216
     790    1308.1304
     791    1297.5170
     792    1290.0515
     793    1284.8127
     794    1280.4471
     795    1275.8930
     796    1270.9803
     797    1266.6838
     798    1264.8964
     799    1267.6979
     800    1276.3671
     801    1290.6406
     802    1308.6502
     803    1327.6182
     804    1345.0171
     805    1359.7116
     806    1372.5436
     807    1385.9897
     808    1402.9049
     809    1424.8268
     810    1450.5921
     811    1475.9510
     812    1494.4880
     813    1499.6548
     814    1487.2196
     815    1457.1802
     816    1414.3185
     817    1367.0744
     818    1325.0919
     819    1296.2961
     820    1284.5465
     821    1288.6644
     822    1303.1311
     823    1320.1883
     824    1332.6214
     825    1336.2792
     826    1331.4562
     827    1322.6234
     828    1316.5822
     829    1319.6817
     830    1335.1341
     831    1361.4405
     832    1392.5071
     833    1419.3833
     834    1433.0757
     835    1427.5734
     836    1402.1143
     837    1361.8599
     838    1316.6213
     839    1277.9673
     840    1255.7318
     841    1255.1576
     842    1275.5436
     843    1310.6498
     844    1350.6121
     845    1384.8174
     846    1404.9520
     847    1407.3579
     848    1393.9457
     849    1371.3206
     850    1348.3712
     851    1333.1510
     852    1330.1747
     853    1339.0881
     854    1355.1043
     855    1370.8506
     856    1378.7694
     857    1373.4544
     858    1353.6940
     859    1323.5541
     860    1291.5300
     861    1267.7265
     862    1260.2084
     863    1272.0738
     864    1300.4511
     865    1337.7035
     866    1374.1270
     867    1401.0073
     868    1413.1878
     869    1410.5541
     870    1397.8512
     871    1382.6933
     872    1372.5473
     873    1371.9438
     874    1380.9295
     875    1395.2030
     876    1407.7812
     877    1411.5226
     878    1401.5715
     879    1376.9081
     880    1340.6189
     881    1298.9756
     882    1259.7365
     883    1230.2433
     884    1215.7921
     885    1218.5655
     886    1237.2239
     887    1267.1865
     888    1301.5545
     889    1332.5737
     890    1353.4120
     891    1359.9074
     892    1351.8228
     893    1333.0711
     894    1310.6312
     895    1292.3874
     896    1284.6266
     897    1290.0608
     898    1306.9874
     899    1329.7786
     900    1350.5578
     901    1361.6598
     902    1358.2115
     903    1340.0128
     904    1312.0255
     905    1283.2031
     906    1263.8874
     907    1262.4304
     908    1282.0627
     909    1319.1820
     910    1363.8881
     911    1402.8026
     912    1423.3107
     913    1417.7957
     914    1386.3884
     915    1337.2252
     916    1284.0119
     917    1241.6197
     918    1221.2538
     919    1226.9431
     920    1254.4657
     921    1292.8612
     922    1327.9528
     923    1346.8111
     924    1341.8137
     925    1313.0495
     926    1268.3177
     927    1220.7312
     928    1184.6914
     929    1171.4828
     930    1185.8396
     931    1224.5162
     932    1277.2915
     933    1330.1050
     934    1369.3701
     935    1386.1201
     936    1378.6582
     937    1352.8295
     938    1319.8399
     939    1292.3918
     940    1280.4887
     941    1288.2871
     942    1312.9373
     943    1345.7137
     944    1375.0694
     945    1390.6535
     946    1386.9770
     947    1365.4459
     948    1333.9894
     949    1304.3267
     950    1287.7759
     951    1291.1183
     952    1314.0621
     953    1349.2903
     954    1385.1028
     955    1409.6856
     956    1415.4341
     957    1401.7202
     958    1375.0747
     959    1346.7161
     960    1328.3462
     961    1327.7740
     962    1345.9545
     963    1376.4728
     964    1407.6035
     965    1426.2160
     966    1422.2188
     967    1392.0848
     968    1340.2703
     969    1278.0187
     970    1219.9446
     971    1179.6062
     972    1165.5489
     973    1179.0225
     974    1213.9640
     975    1259.1422
     976    1301.7421
     977    1331.2458
     978    1342.4195
     979    1336.5352
     980    1320.5237
     981    1304.4015
     982    1297.8186
     983    1306.8115
     984    1331.7104
     985    1366.7519
     986    1401.4865
     987    1423.7296
     988    1423.3614
     989    1395.7481
     990    1343.5580
     991    1276.3635
     992    1208.1793
     993    1153.6758
     994    1124.1440
     995    1124.3729
     996    1151.3474
     997    1195.1843
     998    1242.0889
     999    1278.4918
    1000    1295.1810
    1001    1289.8388
    1002    1267.8997
    1003    1240.4680
    1004    1220.6785
    1005    1219.3810
    1006    1241.6006
    1007    1284.8973
    1008    1340.1302
    1009    1394.3620
    1010    1434.8518
    1011    1452.6124
    1012    1444.5877
    1013    1414.5863
    1014    1372.8343
    1015    1333.4074
    1016    1309.9126
    1017    1311.0402
    1018    1337.6036
    1019    1382.0262
    1020    1430.4316
    1021    1466.7386
    1022    1477.5595
    1023    1456.4230
    1024    1406.0030
    1025    1337.5907
    1026    1267.9083
    1027    1214.1995
    1028    1189.0850
    1029    1196.7398
    1030    1231.6197
    1031    1280.2368
    1032    1325.4493
    1033    1351.8573
    1034    1350.6031
    1035    1322.1415
    1036    1276.1523
    1037    1228.5977
    1038    1196.7825
    1039    1193.9073
    1040    1224.8002
    1041    1284.1916
    1042    1358.1330
    1043    1428.1650
    1044    1476.9489
    1045    1493.5894
    1046    1476.9172
    1047    1435.6183
    1048    1385.1422
    1049    1342.4820
    1050    1320.6436
    1051    1324.5887
    1052    1349.8466
    1053    1384.1895
    1054    1411.8374
    1055    1418.8597
    1056    1398.0077
    1057    1351.4017
    1058    1290.1553
    1059    1230.9485
    1060    1190.5488
    1061    1180.2117
    1062    1202.1195
    1063    1249.0603
    1064    1307.0547
    1065    1359.7198
    1066    1393.0200
    1067    1399.1748
    1068    1378.7072
    1069    1340.0290
    1070    1296.5824
    1071    1262.3540
    1072    1247.3261
    1073    1254.5290
    1074    1279.5477
    1075    1312.2846
    1076    1340.2537
    1077    1352.4888
    1078    1343.0198
    1079    1312.8777
    1080    1269.9315
    1081    1226.5177
    1082    1195.5452
    1083    1186.3258
    1084    1201.5047
    1085    1236.1456
    1086    1279.3482
    1087    1317.9670
    1088    1341.1867
    1089    1344.2408
    1090    1329.7342
    1091    1306.1602
    1092    1284.4789
    1093    1274.1092
    1094    1279.6406
    1095    1299.3173
    1096    1325.7718
    1097    1348.6909
    1098    1358.4678
    1099    1349.5917
    1100    1322.6127
    1101    1284.0153
    1102    1244.0595
    1103    1213.3479
    1104    1199.3220
    1105    1203.8950
    1106    1222.9964
    1107    1248.0933
    1108    1269.0797
    1109    1277.5464
    1110    1269.4128
    1111    1246.1594
    1112    1214.2898
    1113    1183.1840
    1114    1162.0645
    1115    1157.1056
    1116    1169.5841
    1117    1195.5043
    1118    1226.7468
    1119    1253.5185
    1120    1267.5389
    1121    1264.9341
    1122    1247.6953
    1123    1223.0542
    1124    1200.9900
    1125    1190.8252
    1126    1198.1498
    1127    1223.1233
    1128    1260.6189
    1129    1301.9964
    1130    1337.7827
    1131    1360.4098
    1132    1366.2727
    1133    1356.5532
    1134    1336.5378
    1135    1313.6363
    1136    1294.7997
    1137    1284.2790
    1138    1282.4708
    1139    1286.1322
    1140    1289.7738
    1141    1287.7538
    1142    1276.4155
    1143    1255.5619
    1144    1228.7257
    1145    1202.1222
    1146    1182.6790
    1147    1175.8555
    1148    1184.0181
    1149    1205.8850
    1150    1237.1045
    1151    1271.5942
    1152    1303.1268
    1153    1326.7131
    1154    1339.5259
    1155    1341.2568
    1156    1333.9322
    1157    1321.2977
    1158    1307.9043
    1159    1298.0368
    1160    1294.6964
    1161    1298.9275
    1162    1309.6767
    1163    1324.1296
    1164    1338.3999
    1165    1348.4817
    1166    1351.3549
    1167    1345.9825
    1168    1333.8397
    1169    1318.6872
    1170    1305.5369
    1171    1299.0258
    1172    1301.6607
    1173    1312.5471
    1174    1327.1794
    1175    1338.5732
    1176    1339.5544
    1177    1325.5149
    1178    1296.6208
    1179    1258.4821
    1180    1220.7537
    1181    1193.9767
    1182    1185.7872
    1183    1197.9960
    1184    1225.7044
    1185    1258.7917
    1186    1285.2784
    1187    1295.5031
    1188    1285.7444
    1189    1259.8878
    1190    1228.2814
    1191    1204.0112
    1192    1197.9274
    1193    1214.3427
    1194    1249.1273
    1195    1290.9484
    1196    1325.1840
    1197    1339.0876
    1198    1326.4009
    1199    1289.7954
    1200    1240.2523
    1201    1193.5489
    1202    1164.9944
    1203    1164.1803
    1204    1191.5891
    1205    1238.3655
    1206    1289.3600
    1207    1328.2542
    1208    1342.8912
    1209    1329.0525
    1210    1291.5786
    1211    1242.6056
    1212    1197.5173
    1213    1169.7653
    1214    1166.2309
    1215    1185.0947
    1216    1217.2328
    1217    1250.2155
    1218    1272.9483
    1219    1279.3514
    1220    1270.0834
    1221    1251.8902
    1222    1234.8510
    1223    1228.5279
    1224    1238.4436
    1225    1264.1580
    1226    1299.5363
    1227    1334.9218
    1228    1360.3072
    1229    1368.4036
    1230    1356.6948
    1231    1327.9655
    1232    1289.2911
    1233    1249.8763
    1234    1218.3589
    1235    1200.3726
    1236    1197.2165
    1237    1206.1380
    1238    1221.9836
    1239    1239.3988
    1240    1254.6951
    1241    1266.7916
    1242    1277.0285
    1243    1288.0668
    1244    1302.3829
    1245    1320.9583
    1246    1342.6218
    1247    1364.2118
    1248    1381.4626
    1249    1390.3285
    1250    1388.2727
    1251    1374.9809
    1252    1352.2090
    1253    1322.9727
    1254    1290.5707
    1255    1257.8798
    1256    1227.0996
    1257    1199.8869
    1258    1177.6264
    1259    1161.5615
    1260    1152.6544
    1261    1151.2768
    1262    1156.9678
    1263    1168.4338
    1264    1183.8220
    1265    1201.1924
    1266    1219.0682
    1267    1236.8931
    1268    1255.1752
    1269    1275.1431
    1270    1297.9008
    1271    1323.3648
    1272    1349.4778
    1273    1372.1957
    1274    1386.4656
    1275    1387.9874
    1276    1375.1455
    1277    1350.2921
    1278    1319.6384
    1279    1291.4103
    1280    1272.8169
    1281    1267.2888
    1282    1273.2918
    1283    1284.9359
    1284    1293.9143
    1285    1292.1815
    1286    1274.6466
    1287    1241.0447
    1288    1196.2999
    1289    1149.1969
    1290    1109.7776
    1291    1086.3535
    1292    1083.1390
    1293    1099.2673
    1294    1129.4262
    1295    1165.7832
    1296    1200.4685
    1297    1227.8062
    1298    1245.6669
    1299    1255.6117
    1300    1261.8564
    1301    1269.4529
    1302    1282.3299
    1303    1301.8493
    1304    1326.3144
    1305    1351.5053
    1306    1371.9728
    1307    1382.6596
    1308    1380.4265
    1309    1365.0598
    1310    1339.3993
    1311    1308.4935
    1312    1278.1310
    1313    1253.3539
    1314    1237.5212
    1315    1232.1501
    1316    1237.1119
    1317    1250.4060
    1318    1267.8252
    1319    1284.0623
    1320    1295.0371
    1321    1299.3305
    1322    1297.9277
    1323    1293.0858
    1324    1287.1498
    1325    1281.6756
    1326    1276.9695
    1327    1272.0758
    1328    1265.2108
    1329    1254.5224
    1330    1238.9368
    1331    1218.7807
    1332    1195.9398
    1333    1173.4990
    1334    1155.0190
    1335    1143.7155
    1336    1141.8038
    1337    1150.1738
    1338    1168.3901
    1339    1194.8646
    1340    1227.0119
    1341    1261.3309
    1342    1293.5665
    1343    1319.1626
    1344    1334.0765
    1345    1335.7877
    1346    1324.1568
    1347    1301.7777
    1348    1273.5896
    1349    1245.7506
    1350    1224.0368
    1351    1212.2444
    1352    1211.1078
    1353    1218.1517
    1354    1228.5897
    1355    1237.0325
    1356    1239.4291
    1357    1234.5674
    1358    1224.5725
    1359    1214.1919
    1360    1209.0911
    1361    1213.7469
    1362    1229.6989
    1363    1254.7895
    1364    1283.6872
    1365    1309.5146
    1366    1326.0118
    1367    1329.4864
    1368    1319.9183
    1369    1300.8789
    1370    1278.3294
    1371    1258.7272
    1372    1247.0718
    1373    1245.5100
    1374    1252.8890
    1375    1265.3281
    1376    1277.5417
    1377    1284.4671
    1378    1282.7086
    1379    1271.4652
    1380    1252.7942
    1381    1231.1432
    1382    1212.1280
    1383    1200.7761
    1384    1199.8823
    1385    1209.2344
    1386    1225.8996
    1387    1245.2132
    1388    1262.0744
    1389    1272.2938
    1390    1273.7317
    1391    1266.9394
    1392    1255.0978
    1393    1243.1914
    1394    1236.5803
    1395    1239.3328
    1396    1252.8161
    1397    1275.0101
    1398    1300.8225
    1399    1323.3665
    1400    1335.8486
    1401    1333.4925
    1402    1314.8942
    1403    1282.3741
    1404    1241.2154
    1405    1198.0625
    1406    1159.0282
    1407    1128.1379
    1408    1106.5905
    1409    1093.0192
    1410    1084.5723
    1411    1078.3432
    1412    1072.6236
    1413    1067.5841
    1414    1065.2171
    1415    1068.6050
    1416    1080.7901
    1417    1103.6391
    1418    1137.0800
    1419    1178.9266
    1420    1225.2898
    1421    1271.3922
    1422    1312.5143
    1423    1344.8218
    1424    1365.9113
    1425    1375.0095
    1426    1372.8510
    1427    1361.3226
    1428    1343.0075
    1429    1320.7579
    1430    1297.2982
    1431    1274.7938
    1432    1254.4146
    1433    1236.0946
    1434    1218.7054
    1435    1200.7097
    1436    1181.1004
    1437    1160.2750
    1438    1140.4360
    1439    1125.2581
    1440    1118.8678
    1441    1124.4746
    1442    1143.0949
    1443    1172.7653
    1444    1208.5750
    1445    1243.6925
    1446    1271.1935
    1447    1286.0848
    1448    1286.7703
    1449    1275.3966
    1450    1256.9263
    1451    1237.2288
    1452    1220.8956
    1453    1209.6466
    1454    1201.9797
    1455    1194.1708
    1456    1182.1969
    1457    1163.8054
    1458    1139.9038
    1459    1114.7220
    1460    1094.6744
    1461    1086.3373
    1462    1094.2617
    1463    1119.3856
    1464    1158.6035
    1465    1205.6533
    1466    1252.9709
    1467    1293.8249
    1468    1323.9836
    1469    1342.3984
    1470    1350.7515
    1471    1352.0820
    1472    1349.0696
    1473    1342.8103
    1474    1332.7352
    1475    1317.5509
    1476    1296.4304
    1477    1269.7798
    1478    1239.3798
    1479    1208.0116
    1480    1178.8037
    1481    1154.5271
    1482    1137.0319
    1483    1126.9837
    1484    1123.9780
    1485    1126.9755
    1486    1134.8559
    1487    1146.8449
    1488    1162.6377
    1489    1182.1756
    1490    1205.1914
    1491    1230.7584
    1492    1257.0784
    1493    1281.6339
    1494    1301.6307
    1495    1314.5325
    1496    1318.5049
    1497    1312.6862
    1498    1297.2762
    1499    1273.4771
    1500    1243.3213
    1501    1209.4431
    1502    1174.8425
    1503    1142.6674
    1504    1116.0070
    1505    1097.6671
    1506    1089.8967
    1507    1094.0658
    1508    1110.3431
    1509    1137.4713
    1510    1172.7521
    1511    1212.3227
    1512    1251.7391
    1513    1286.7694
    1514    1314.1790
    1515    1332.2501
    1516    1340.9215
    1517    1341.6391
    1518    1336.9901
    1519    1330.0845
    1520    1323.6966
    1521    1319.3973
    1522    1316.9532
    1523    1314.2002
    1524    1307.5413
    1525    1293.1452
    1526    1268.5394
    1527    1233.9091
    1528    1192.5212
    1529    1150.1076
    1530    1113.4301
    1531    1088.4732
    1532    1078.8338
    1533    1084.8256
    1534    1103.5774
    1535    1130.0551
    1536    1158.6315
    1537    1184.7019
    1538    1205.8769
    1539    1222.3869
    1540    1236.5108
    1541    1251.1755
    1542    1268.2608
    1543    1287.3372
    1544    1305.4125
    1545    1317.8102
    1546    1319.8164
    1547    1308.4188
    1548    1283.4817
    1549    1247.9326
    1550    1206.9270
    1551    1166.3056
    1552    1130.9118
    1553    1103.3740
    1554    1083.7835
    1555    1070.3302
    1556    1060.5881
    1557    1052.9217
    1558    1047.4767
    1559    1046.3391
    1560    1052.7234
    1561    1069.5334
    1562    1098.0569
    1563    1137.4050
    1564    1184.6692
    1565    1235.4663
    1566    1284.6547
    1567    1327.1115
    1568    1358.5309
    1569    1376.2285
    1570    1379.7862
    1571    1371.1843
    1572    1354.2010
    1573    1333.2323
    1574    1311.9523
    1575    1292.2755
    1576    1273.9462
    1577    1254.8792
    1578    1232.1573
    1579    1203.4014
    1580    1168.0895
    1581    1128.3911
    1582    1089.1893
    1583    1057.1913
    1584    1039.3040
    1585    1040.6999
    1586    1063.1284
    1587    1104.0090
    1588    1156.6809
    1589    1211.8641
    1590    1260.0025
    1591    1293.8109
    1592    1310.2240
    1593    1311.0894
    1594    1302.3091
    1595    1291.6227
    1596    1285.7343
    1597    1287.8671
    1598    1296.7276
    1599    1307.2316
    1600    1312.5877
    1601    1306.8772
    1602    1287.2346
    1603    1254.9440
    1604    1215.1410
    1605    1175.2991
    1606    1143.1142
    1607    1124.5263
    1608    1122.3872
    1609    1135.9610
    1610    1161.2524
    1611    1192.0455
    1612    1221.3949
    1613    1243.2329
    1614    1253.7307
    1615    1252.0841
    1616    1240.5171
    1617    1223.4734
    1618    1206.1843
    1619    1193.0096
    1620    1186.1157
    1621    1184.9727
    1622    1186.7690
    1623    1187.4869
    1624    1183.2515
    1625    1171.6252
    1626    1152.5508
    1627    1128.6720
    1628    1104.8931
    1629    1087.2533
    1630    1081.3902
    1631    1090.9705
    1632    1116.5027
    1633    1154.9074
    1634    1200.0617
    1635    1244.2579
    1636    1280.1932
    1637    1302.9065
    1638    1311.0597
    1639    1307.1326
    1640    1296.4005
    1641    1284.9511
    1642    1277.4246
    1643    1275.4038
    1644    1277.1462
    1645    1278.6835
    1646    1275.6471
    1647    1265.0163
    1648    1246.2010
    1649    1221.2221
    1650    1194.0371
    1651    1169.2871
    1652    1150.8887
    1653    1140.9225
    1654    1139.1588
    1655    1143.3440
    1656    1150.0897
    1657    1156.0381
    1658    1158.9405
    1659    1158.3614
    1660    1155.8493
    1661    1154.5268
    1662    1158.2082
    1663    1170.2496
    1664    1192.4272
    1665    1224.1535
    1666    1262.2832
    1667    1301.6630
    1668    1336.3594
    1669    1361.2398
    1670    1373.4064
    1671    1373.0140
    1672    1363.2176
    1673    1349.2329
    1674    1336.7322
    1675    1330.0067
    1676    1330.4670
    1677    1336.0238
    1678    1341.6426
    1679    1340.9463
    1680    1328.3662
    1681    1301.1911
    1682    1260.8813
    1683    1213.1813
    1684    1166.8546
    1685    1131.2905
    1686    1113.5938
    1687    1116.0851
    1688    1135.3106
    1689    1163.2429
    1690    1190.1636
    1691    1207.8837
    1692    1212.1239
    1693    1203.4749
    1694    1186.8195
    1695    1169.4843
    1696    1158.7172
    1697    1159.2849
    1698    1171.9481
    1699    1193.2550
    1700    1216.6728
    1701    1234.6593
    1702    1241.0265
    1703    1232.8816
    1704    1211.6093
    1705    1182.6324
    1706    1154.0141
    1707    1134.2511
    1708    1129.8455
    1709    1143.3414
    1710    1172.4339
    1711    1210.4611
    1712    1248.1705
    1713    1276.2665
    1714    1288.0052
    1715    1281.0782
    1716    1258.2133
    1717    1226.3151
    1718    1194.4171
    1719    1171.0446
    1720    1161.6443
    1721    1166.7654
    1722    1181.8331
    1723    1199.0082
    1724    1210.4043
    1725    1211.1082
    1726    1200.8140
    1727    1183.6812
    1728    1166.6377
    1729    1156.7671
    1730    1158.7179
    1731    1173.0613
    1732    1196.1736
    1733    1221.6330
    1734    1242.5468
    1735    1253.9017
    1736    1254.0690
    1737    1244.9900
    1738    1231.1445
    1739    1217.8539
    1740    1209.5779
    1741    1208.6997
    1742    1215.0432
    1743    1226.1603
    1744    1238.1965
    1745    1247.0371
    1746    1249.4355
    1747    1243.9300
    1748    1231.3361
    1749    1214.5844
    1750    1197.8909
    1751    1185.5330
    1752    1180.6494
    1753    1184.4215
    1754    1195.8401
    1755    1212.0793
    1756    1229.3278
    1757    1243.8188
    1758    1252.7640
    1759    1254.9650
    1760    1250.9628
    1761    1242.6943
    1762    1232.7668
    1763    1223.5800
    1764    1216.5683
    1765    1211.8075
    1766    1208.1009
    1767    1203.5048
    1768    1196.1045
    1769    1184.7616
    1770    1169.5703
    1771    1151.8779
    1772    1133.8987
    1773    1118.0988
    1774    1106.5793
    1775    1100.6541
    1776    1100.7288
    1777    1106.4229
    1778    1116.7757
    1779    1130.4089
    1780    1145.6136
    1781    1160.4527
    1782    1172.9915
    1783    1181.6996
    1784    1185.9054
    1785    1186.1116
    1786    1183.9830
    1787    1181.9230
    1788    1182.3134
    1789    1186.6329
    1790    1194.7828
    1791    1204.9363
    1792    1214.0556
    1793    1218.9776
    1794    1217.6999
    1795    1210.3663
    1796    1199.5380
    1797    1189.5787
    1798    1185.3077
    1799    1190.3542
    1800    1205.7643
    1801    1229.3711
    1802    1256.2032
    1803    1279.8655
    1804    1294.4566
    1805    1296.3804
    1806    1285.4119
    1807    1264.6469
    1808    1239.3650
    1809    1215.2138
    1810    1196.3635
    1811    1184.2962
    1812    1177.6500
    1813    1173.1193
    1814    1167.0075
    1815    1156.8027
    1816    1142.2206
    1817    1125.4130
    1818    1110.3615
    1819    1101.7348
    1820    1103.5770
    1821    1118.1699
    1822    1145.3224
    1823    1182.2564
    1824    1224.1156
    1825    1264.9621
    1826    1298.9888
    1827    1321.6508
    1828    1330.4710
    1829    1325.3994
    1830    1308.7046
    1831    1284.4577
    1832    1257.7004
    1833    1233.4135
    1834    1215.4387
    1835    1205.5817
    1836    1203.1568
    1837    1205.1743
    1838    1207.2037
    1839    1204.7264
    1840    1194.6017
    1841    1176.2106
    1842    1151.8818
    1843    1126.4174
    1844    1105.8153
    1845    1095.5557
    1846    1098.9410
    1847    1115.9217
    1848    1142.7416
    1849    1172.6549
    1850    1197.7248
    1851    1211.2220
    1852    1209.7476
    1853    1194.3082
    1854    1170.0283
    1855    1144.6492
    1856    1126.2942
    1857    1121.1620
    1858    1131.7856
    1859    1156.3238
    1860    1189.0593
    1861    1221.9645
    1862    1246.9149
    1863    1257.9039
    1864    1252.5857
    1865    1232.7122
    1866    1203.4189
    1867    1171.6504
    1868    1144.2250
    1869    1126.0778
    1870    1119.1185
    1871    1121.9712
    1872    1130.6249
    1873    1139.8167
    1874    1144.7670
    1875    1142.7768
    1876    1134.2068
    1877    1122.5181
    1878    1113.3297
    1879    1112.7515
    1880    1125.4660
    1881    1153.1308
    1882    1193.6015
    1883    1241.2356
    1884    1288.2002
    1885    1326.3738
    1886    1349.2605
    1887    1353.3647
    1888    1338.6952
    1889    1308.3790
    1890    1267.6104
    1891    1222.3144
    1892    1177.9189
    1893    1138.5312
    1894    1106.6467
    1895    1083.3395
    1896    1068.7250
    1897    1062.4372
    1898    1063.9206
    1899    1072.4572
    1900    1087.0154
    1901    1106.0880
    1902    1127.6856
    1903    1149.5532
    1904    1169.5836
    1905    1186.2908
    1906    1199.1284
    1907    1208.4236
    1908    1214.8768
    1909    1218.8434
    1910    1219.7837
    1911    1216.2037
    1912    1206.1923
    1913    1188.3809
    1914    1162.9480
    1915    1132.2242
    1916    1100.5700
    1917    1073.4719
    1918    1056.1218
    1919    1051.9829
    1920    1061.8543
    1921    1083.7272
    1922    1113.4147
    1923    1145.7118
    1924    1175.7270
    1925    1200.0030
    1926    1217.1250
    1927    1227.6694
    1928    1233.5451
    1929    1236.9699
    1930    1239.4503
    1931    1241.1195
    1932    1240.6720
    1933    1235.9173
    1934    1224.7609
    1935    1206.2669
    1936    1181.4364
    1937    1153.4024
    1938    1126.9460
    1939    1107.4338
    1940    1099.4740
    1941    1105.6472
    1942    1125.6841
    1943    1156.3655
    1944    1192.2540
    1945    1227.1097
    1946    1255.5827
    1947    1274.6351
    1948    1284.1904
    1949    1286.7488
    1950    1286.0750
    1951    1285.4326
    1952    1286.0716
    1953    1286.6703
    1954    1284.0732
    1955    1275.0540
    1956    1258.2844
    1957    1235.5721
    1958    1211.7407
    1959    1193.1025
    1960    1185.0535
    1961    1189.7595
    1962    1204.9324
    1963    1224.3045
    1964    1239.7055
    1965    1243.9781
    1966    1233.6373
    1967    1210.2763
    1968    1180.1495
    1969    1152.0108
    1970    1133.9391
    1971    1130.3241
    1972    1140.1844
    1973    1157.5207
    1974    1173.6377
    1975    1180.6017
    1976    1174.5276
    1977    1157.4026
    1978    1136.6658
    1979    1122.5793
    1980    1124.3099
    1981    1146.2042
    1982    1185.7056
    1983    1233.7189
    1984    1277.3121
    1985    1303.8543
    1986    1305.2230
    1987    1280.6303
    1988    1236.9889
    1989    1186.5890
    1990    1142.9633
    1991    1116.5827
    1992    1111.9194
    1993    1126.6741
    1994    1153.1289
    1995    1180.9804
    1996    1200.6929
    1997    1206.3387
    1998    1197.1171
    1999    1177.1949
    2000    1154.0170
