#Frame              T
       1    2983.7993
       2    2855.6617
       3    2645.6151
       4    2399.4524
       5    2164.7892
       6    1977.0313
       7    1850.5937
       8    1778.2677
       9    1737.6340
      10    1701.3383
      11    1647.7953
      12    1569.0885
      13    1473.6353
      14    1382.8923
      15    1323.4563
      16    1317.4721
      17    1374.5667
      18    1487.7663
      19    1634.5642
      20    1782.8312
      21    1899.7836
      22    1961.2164
      23    1958.0708
      24    1898.2698
      25    1803.3751
      26    1701.4900
      27    1618.9314
      28    1573.1671
      29    1568.8218
      30    1597.7311
      31    1642.8933
      32    1684.8427
      33    1708.1570
      34    1705.9487
      35    1681.1382
      36    1644.4858
      37    1610.3671
      38    1591.8159
      39    1596.4189
      40    1624.2206
      41    1668.0787
      42    1716.1151
      43    1755.2696
      44    1774.7481
      45    1768.4500
      46    1736.0612
      47    1682.9962
      48    1619.3174
      49    1557.5788
      50    1509.7884
      51    1484.2423
      52    1483.2232
      53    1502.2727
      54    1531.2549
      55    1557.0146
      56    1567.0834
      57    1553.5400
      58    1515.8849
      59    1461.8845
      60    1405.8469
      61    1364.6435
      62    1352.5976
      63    1376.8366
      64    1434.6184
      65    1513.6210
      66    1595.3184
      67    1660.5239
      68    1695.3715
      69    1695.7108
      70    1668.3515
      71    1628.5932
      72    1594.7635
      73    1581.6057
      74    1594.8701
      75    1629.1266
      76    1669.6700
      77    1697.8954
      78    1698.2356
      79    1664.1971
      80    1601.3502
      81    1526.1736
      82    1461.0007
      83    1426.5739
      84    1434.6629
      85    1483.5422
      86    1558.3737
      87    1636.5102
      88    1695.5310
      89    1720.8702
      90    1710.3867
      91    1674.4646
      92    1631.7580
      93    1602.1257
      94    1599.2862
      95    1625.8287
      96    1672.3489
      97    1721.0104
      98    1752.2312
      99    1752.0827
     100    1717.6930
     101    1658.6794
     102    1594.0336
     103    1545.5260
     104    1529.9751
     105    1553.2232
     106    1607.9647
     107    1676.0686
     108    1734.4650
     109    1762.6051
     110    1749.0576
     111    1695.1200
     112    1614.3248
     113    1528.0591
     114    1458.7578
     115    1422.8992
     116    1426.0939
     117    1461.8118
     118    1514.0443
     119    1562.8995
     120    1591.2209
     121    1590.0683
     122    1561.3884
     123    1517.1154
     124    1474.9937
     125    1452.3758
     126    1460.0013
     127    1498.0104
     128    1555.7725
     129    1615.5367
     130    1658.4073
     131    1670.4779
     132    1647.1415
     133    1594.3724
     134    1526.8223
     135    1463.4520
     136    1421.7821
     137    1412.2013
     138    1434.6615
     139    1479.6657
     140    1532.5593
     141    1578.5439
     142    1606.7840
     143    1612.8959
     144    1599.3968
     145    1574.1949
     146    1547.8122
     147    1530.2957
     148    1528.5991
     149    1544.9400
     150    1576.4209
     151    1615.8817
     152    1653.6583
     153    1679.8008
     154    1686.3458
     155    1669.2478
     156    1629.5169
     157    1573.1951
     158    1510.0555
     159    1451.3151
     160    1406.9844
     161    1383.5979
     162    1382.8397
     163    1401.2989
     164    1431.3927
     165    1463.3341
     166    1487.8224
     167    1498.8823
     168    1496.0118
     169    1484.7425
     170    1475.1551
     171    1478.6564
     172    1503.9863
     173    1553.7639
     174    1622.7715
     175    1698.6737
     176    1765.1100
     177    1806.2854
     178    1811.6563
     179    1779.1922
     180    1716.1257
     181    1636.8998
     182    1558.9823
     183    1497.8958
     184    1463.0220
     185    1455.3258
     186    1467.4634
     187    1486.3403
     188    1497.8185
     189    1492.2708
     190    1468.6747
     191    1435.3168
     192    1406.8129
     193    1398.6728
     194    1421.4205
     195    1476.3216
     196    1554.2302
     197    1638.0123
     198    1707.7793
     199    1747.1914
     200    1748.7005
     201    1715.9381
     202    1662.4110
     203    1606.8970
     204    1567.0375
     205    1553.2808
     206    1565.3024
     207    1592.2821
     208    1617.0692
     209    1622.7660
     210    1599.3019
     211    1547.5965
     212    1479.8119
     213    1415.5685
     214    1375.3682
     215    1373.4595
     216    1412.6385
     217    1482.8534
     218    1564.1826
     219    1633.2129
     220    1670.6540
     221    1667.5778
     222    1628.1424
     223    1567.8780
     224    1508.1562
     225    1468.7775
     226    1461.2604
     227    1485.1414
     228    1528.5288
     229    1572.6404
     230    1598.6578
     231    1594.4275
     232    1558.6215
     233    1500.9572
     234    1438.5383
     235    1389.7687
     236    1368.0239
     237    1377.2196
     238    1410.7245
     239    1453.9033
     240    1489.3292
     241    1502.8203
     242    1488.2340
     243    1449.4358
     244    1398.8068
     245    1352.8367
     246    1326.3915
     247    1327.7645
     248    1356.2782
     249    1403.1087
     250    1454.7823
     251    1497.9855
     252    1524.1063
     253    1532.1498
     254    1528.9898
     255    1526.2943
     256    1534.7429
     257    1558.6434
     258    1594.2577
     259    1631.9027
     260    1659.8184
     261    1668.1647
     262    1652.0712
     263    1612.9412
     264    1557.6816
     265    1496.2123
     266    1438.2500
     267    1390.6301
     268    1356.1080
     269    1333.7919
     270    1320.6436
     271    1313.2439
     272    1309.1714
     273    1307.6349
     274    1309.3144
     275    1315.5931
     276    1327.5376
     277    1345.0570
     278    1366.6003
     279    1389.5150
     280    1410.8533
     281    1428.2247
     282    1440.3050
     283    1446.8729
     284    1448.5321
     285    1446.3963
     286    1441.9363
     287    1437.0022
     288    1433.8141
     289    1434.7036
     290    1441.5785
     291    1455.3213
     292    1475.4102
     293    1499.9720
     294    1526.2901
     295    1551.5889
     296    1573.7887
     297    1591.8958
     298    1605.8270
     299    1615.6903
     300    1620.8915
     301    1619.6375
     302    1609.2689
     303    1587.3911
     304    1553.3637
     305    1509.4483
     306    1460.9646
     307    1415.1551
     308    1379.0592
     309    1357.1988
     310    1350.0132
     311    1353.6966
     312    1361.5529
     313    1366.3754
     314    1362.9848
     315    1350.0109
     316    1330.3125
     317    1309.8938
     318    1295.6285
     319    1292.5602
     320    1301.8234
     321    1320.1600
     322    1341.3151
     323    1358.7443
     324    1368.4810
     325    1370.9117
     326    1370.6326
     327    1374.4292
     328    1388.3016
     329    1414.8172
     330    1451.7820
     331    1492.6798
     332    1528.7448
     333    1551.9561
     334    1557.8334
     335    1546.8933
     336    1524.1125
     337    1496.5572
     338    1470.1711
     339    1447.1594
     340    1425.2302
     341    1399.1324
     342    1363.8507
     343    1318.0133
     344    1265.9222
     345    1217.1518
     346    1183.6438
     347    1175.3655
     348    1196.3324
     349    1242.7210
     350    1303.8895
     351    1365.9176
     352    1416.3373
     353    1448.3188
     354    1462.7789
     355    1467.6053
     356    1474.2208
     357    1492.7247
     358    1527.4238
     359    1574.4820
     360    1622.6737
     361    1657.1000
     362    1664.5937
     363    1638.8418
     364    1583.2673
     365    1510.4847
     366    1438.3892
     367    1384.1935
     368    1358.5661
     369    1362.0515
     370    1385.1399
     371    1412.0314
     372    1426.7652
     373    1419.4560
     374    1390.2420
     375    1349.3705
     376    1313.2985
     377    1298.2399
     378    1313.6208
     379    1358.0143
     380    1419.2575
     381    1478.8020
     382    1518.6115
     383    1527.9210
     384    1507.3247
     385    1468.6544
     386    1430.5779
     387    1411.4552
     388    1422.2474
     389    1462.3372
     390    1519.7404
     391    1575.3550
     392    1609.6337
     393    1609.4116
     394    1572.5370
     395    1508.6696
     396    1435.9636
     397    1374.8458
     398    1341.1455
     399    1341.0218
     400    1369.4197
     401    1412.4317
     402    1452.5600
     403    1474.9747
     404    1472.6169
     405    1448.3789
     406    1413.6040
     407    1383.5572
     408    1371.6439
     409    1384.5453
     410    1419.9584
     411    1467.6085
     412    1513.0156
     413    1542.5535
     414    1547.9554
     415    1528.7065
     416    1491.6324
     417    1448.0389
     418    1409.6242
     419    1384.7400
     420    1376.2972
     421    1381.8456
     422    1395.4426
     423    1410.3505
     424    1421.5910
     425    1427.5762
     426    1430.2192
     427    1433.4633
     428    1441.0334
     429    1454.5838
     430    1472.9761
     431    1492.7748
     432    1509.6484
     433    1520.1025
     434    1522.8536
     435    1519.2630
     436    1512.6730
     437    1506.9452
     438    1504.8508
     439    1506.9849
     440    1511.6088
     441    1515.4319
     442    1514.9713
     443    1507.9443
     444    1494.1519
     445    1475.5065
     446    1455.2111
     447    1436.4541
     448    1421.1957
     449    1409.5460
     450    1399.9912
     451    1390.4103
     452    1379.4874
     453    1367.8986
     454    1358.6423
     455    1356.2048
     456    1364.7452
     457    1385.9619
     458    1417.5647
     459    1453.1338
     460    1483.6803
     461    1500.5374
     462    1498.6166
     463    1478.7401
     464    1447.9181
     465    1417.1671
     466    1397.5598
     467    1396.0121
     468    1412.4054
     469    1439.1318
     470    1463.3735
     471    1471.5096
     472    1454.1957
     473    1410.2762
     474    1348.0132
     475    1283.0087
     476    1233.3624
     477    1213.6137
     478    1229.5754
     479    1275.9762
     480    1337.8883
     481    1395.5825
     482    1431.1916
     483    1434.8747
     484    1408.2659
     485    1363.8984
     486    1320.7049
     487    1297.1380
     488    1304.3812
     489    1342.1566
     490    1398.6961
     491    1454.8907
     492    1491.1122
     493    1494.2268
     494    1462.2860
     495    1405.2449
     496    1341.5260
     497    1291.7012
     498    1271.5508
     499    1286.9364
     500    1332.2421
     501    1392.8522
     502    1450.6707
     503    1490.6185
     504    1505.7210
     505    1498.9673
     506    1481.3455
     507    1466.9362
     508    1467.0634
     509    1485.7923
     510    1518.4392
     511    1553.5636
     512    1577.5641
     513    1580.0431
     514    1557.8632
     515    1516.3766
     516    1467.4158
     517    1424.8815
     518    1399.6489
     519    1395.7242
     520    1409.0322
     521    1429.1955
     522    1443.5600
     523    1441.9236
     524    1420.2209
     525    1381.8666
     526    1336.3855
     527    1295.9560
     528    1271.1973
     529    1267.7134
     530    1284.5673
     531    1315.1092
     532    1349.7136
     533    1379.3010
     534    1398.3113
     535    1406.0937
     536    1406.3680
     537    1405.1342
     538    1407.9566
     539    1417.6901
     540    1433.4518
     541    1451.1237
     542    1465.0728
     543    1470.3706
     544    1464.6510
     545    1448.9344
     546    1427.1815
     547    1404.8279
     548    1386.9018
     549    1376.4259
     550    1373.6531
     551    1376.3809
     552    1381.1798
     553    1385.0346
     554    1386.7496
     555    1387.5642
     556    1390.7000
     557    1399.9401
     558    1417.7247
     559    1443.5210
     560    1473.2098
     561    1499.8674
     562    1515.7720
     563    1514.9579
     564    1495.4043
     565    1460.0782
     566    1416.4298
     567    1374.4520
     568    1343.8189
     569    1330.8994
     570    1336.7100
     571    1356.8148
     572    1383.2809
     573    1407.5998
     574    1423.2844
     575    1427.5156
     576    1421.6580
     577    1410.4816
     578    1400.1656
     579    1395.7511
     580    1399.1022
     581    1408.2437
     582    1418.3246
     583    1423.7570
     584    1420.5845
     585    1408.1211
     586    1389.2732
     587    1369.4866
     588    1354.7520
     589    1349.4122
     590    1354.5893
     591    1367.8457
     592    1384.2251
     593    1398.2763
     594    1406.2199
     595    1407.3489
     596    1404.1152
     597    1400.9435
     598    1402.3286
     599    1410.9922
     600    1426.7623
     601    1446.5343
     602    1465.3007
     603    1477.8656
     604    1480.6339
     605    1472.8287
     606    1456.7270
     607    1436.8510
     608    1418.4370
     609    1405.7309
     610    1400.6938
     611    1402.5378
     612    1408.2170
     613    1413.6738
     614    1415.3711
     615    1411.5300
     616    1402.6419
     617    1391.1443
     618    1380.4954
     619    1374.0428
     620    1374.0555
     621    1381.1228
     622    1393.9165
     623    1409.2417
     624    1422.5043
     625    1428.8164
     626    1424.5367
     627    1408.5293
     628    1382.5315
     629    1350.5772
     630    1317.8400
     631    1289.3527
     632    1268.9486
     633    1258.5812
     634    1258.0432
     635    1265.0680
     636    1275.8447
     637    1285.9780
     638    1291.7644
     639    1291.4486
     640    1285.9874
     641    1278.9358
     642    1275.3698
     643    1280.1461
     644    1296.0976
     645    1322.8106
     646    1356.4600
     647    1390.8434
     648    1419.3138
     649    1436.9593
     650    1442.2616
     651    1437.6331
     652    1428.6141
     653    1421.9590
     654    1423.2227
     655    1434.6681
     656    1454.2502
     657    1476.0948
     658    1492.3732
     659    1495.9784
     660    1483.0873
     661    1454.6960
     662    1416.5515
     663    1377.4582
     664    1346.5203
     665    1330.2565
     666    1330.5713
     667    1344.2641
     668    1364.2402
     669    1382.0350
     670    1390.7990
     671    1387.7113
     672    1374.9398
     673    1358.8003
     674    1347.4247
     675    1347.8199
     676    1363.3858
     677    1392.7529
     678    1430.2648
     679    1467.8102
     680    1497.2952
     681    1512.9463
     682    1512.7825
     683    1498.8985
     684    1476.5676
     685    1452.5417
     686    1433.1152
     687    1422.4883
     688    1421.7810
     689    1428.8664
     690    1439.0858
     691    1446.6963
     692    1446.6536
     693    1436.1588
     694    1415.3653
     695    1386.9427
     696    1355.0076
     697    1324.2781
     698    1299.4492
     699    1284.1885
     700    1279.8779
     701    1284.8483
     702    1294.6606
     703    1303.4327
     704    1305.8222
     705    1299.0203
     706    1284.0477
     707    1265.8246
     708    1251.8880
     709    1250.1454
     710    1266.4383
     711    1302.6741
     712    1355.8121
     713    1417.8729
     714    1477.6731
     715    1524.3561
     716    1550.9010
     717    1555.7318
     718    1542.1936
     719    1516.6494
     720    1486.0136
     721    1455.4670
     722    1427.0551
     723    1399.6206
     724    1370.0550
     725    1335.3541
     726    1294.6324
     727    1250.2770
     728    1207.7540
     729    1174.1316
     730    1155.9189
     731    1157.0404
     732    1177.6474
     733    1214.1158
     734    1260.1257
     735    1308.3692
     736    1352.2868
     737    1387.3405
     738    1411.6078
     739    1425.7017
     740    1432.1700
     741    1434.5567
     742    1436.3230
     743    1439.8432
     744    1445.7019
     745    1452.5092
     746    1457.3289
     747    1456.6474
     748    1447.6357
     749    1429.3722
     750    1403.6378
     751    1374.9255
     752    1349.4779
     753    1333.5059
     754    1331.1368
     755    1342.8372
     756    1364.9506
     757    1390.5914
     758    1411.6487
     759    1421.2607
     760    1415.9559
     761    1396.7496
     762    1368.7972
     763    1339.6868
     764    1316.9135
     765    1305.3755
     766    1305.7117
     767    1314.0477
     768    1323.2630
     769    1325.4258
     770    1314.6320
     771    1289.3119
     772    1253.1843
     773    1214.4594
     774    1183.4752
     775    1169.5070
     776    1177.7865
     777    1207.6987
     778    1252.7498
     779    1302.3586
     780    1344.9685
     781    1371.5463
     782    1378.3637
     783    1368.1613
     784    1349.2687
     785    1332.8900
     786    1329.3490
     787    1344.4699
     788    1377.3054
     789    1420.0778
     790    1460.4919
     791    1485.7273
     792    1486.7768
     793    1461.6540
     794    1416.3596
     795    1363.2408
     796    1317.2256
     797    1291.1277
     798    1291.5629
     799    1316.8607
     800    1357.7050
     801    1400.2633
     802    1430.7252
     803    1439.7150
     804    1425.1459
     805    1392.6190
     806    1353.2830
     807    1319.9075
     808    1302.5095
     809    1305.0116
     810    1324.0443
     811    1350.2551
     812    1371.6215
     813    1377.6494
     814    1363.0675
     815    1329.7865
     816    1286.4145
     817    1245.4849
     818    1219.3849
     819    1216.4368
     820    1238.4339
     821    1280.3482
     822    1332.1748
     823    1382.2249
     824    1420.7345
     825    1442.5989
     826    1448.3731
     827    1443.2907
     828    1434.7629
     829    1429.3231
     830    1430.1595
     831    1436.1055
     832    1442.4206
     833    1443.0598
     834    1433.4242
     835    1411.9655
     836    1379.8252
     837    1339.9750
     838    1297.0340
     839    1256.5855
     840    1223.5226
     841    1200.6786
     842    1188.7842
     843    1187.8859
     844    1198.9168
     845    1222.3677
     846    1254.6251
     847    1288.8924
     848    1320.0224
     849    1346.1185
     850    1366.9969
     851    1382.6785
     852    1392.9127
     853    1397.3940
     854    1396.1638
     855    1389.9080
     856    1380.0542
     857    1368.6685
     858    1358.1162
     859    1350.4969
     860    1347.0546
     861    1347.8386
     862    1351.7946
     863    1357.2446
     864    1362.5254
     865    1366.5142
     866    1368.8466
     867    1369.8034
     868    1369.9134
     869    1369.4043
     870    1367.7444
     871    1363.6095
     872    1355.4551
     873    1342.4330
     874    1325.1403
     875    1305.7388
     876    1287.3014
     877    1272.6337
     878    1263.0806
     879    1257.8696
     880    1254.5399
     881    1251.1751
     882    1250.3193
     883    1258.9077
     884    1278.4475
     885    1301.9845
     886    1324.1246
     887    1344.3377
     888    1363.5273
     889    1381.5668
     890    1396.8130
     891    1406.6245
     892    1408.3482
     893    1400.4875
     894    1383.6186
     895    1360.5575
     896    1335.6085
     897    1313.1906
     898    1296.3583
     899    1285.7485
     900    1279.4282
     901    1273.8572
     902    1265.6745
     903    1253.4926
     904    1238.8434
     905    1225.8632
     906    1219.8654
     907    1225.3666
     908    1244.3012
     909    1275.0258
     910    1312.4161
     911    1349.0195
     912    1377.0213
     913    1390.6210
     914    1388.1309
     915    1372.8773
     916    1352.3293
     917    1335.6538
     918    1330.5509
     919    1340.4419
     920    1362.9957
     921    1390.6021
     922    1412.7635
     923    1419.6566
     924    1405.6615
     925    1371.6082
     926    1324.9024
     927    1277.4269
     928    1241.8287
     929    1227.3547
     930    1236.6344
     931    1264.6315
     932    1300.3020
     933    1330.4434
     934    1344.3649
     935    1337.7302
     936    1314.2174
     937    1284.3564
     938    1261.8422
     939    1258.4918
     940    1279.5659
     941    1321.1891
     942    1370.9455
     943    1411.6577
     944    1427.2012
     945    1408.3845
     946    1356.7883
     947    1285.0550
     948    1213.2826
     949    1162.5502
     950    1147.7412
     951    1172.2497
     952    1226.6271
     953    1291.8080
     954    1345.7985
     955    1371.4346
     956    1362.4438
     957    1325.6464
     958    1278.4764
     959    1242.6473
     960    1236.1871
     961    1266.7032
     962    1328.3116
     963    1403.3633
     964    1468.3894
     965    1502.1889
     966    1493.2047
     967    1443.5862
     968    1368.5043
     969    1290.9511
     970    1233.8239
     971    1212.1240
     972    1228.1457
     973    1271.3696
     974    1322.8825
     975    1362.4509
     976    1375.5736
     977    1358.0529
     978    1316.7248
     979    1266.4895
     980    1224.9287
     981    1206.3318
     982    1217.0388
     983    1253.6101
     984    1304.3781
     985    1353.6658
     986    1387.0059
     987    1395.4751
     988    1377.7853
     989    1339.7138
     990    1291.4172
     991    1243.8172
     992    1205.4132
     993    1180.5231
     994    1169.2836
     995    1169.0498
     996    1176.3061
     997    1188.1298
     998    1202.6621
     999    1218.6834
    1000    1234.8521
    1001    1249.3296
    1002    1260.0858
    1003    1265.8962
    1004    1267.3927
    1005    1267.5744
    1006    1271.2987
    1007    1283.6500
    1008    1307.5869
    1009    1341.7414
    1010    1379.4519
    1011    1409.8467
    1012    1421.0333
    1013    1404.4451
    1014    1358.7244
    1015    1291.5232
    1016    1218.2849
    1017    1158.0899
    1018    1127.7168
    1019    1135.8724
    1020    1179.7241
    1021    1245.2167
    1022    1311.3221
    1023    1356.8824
    1024    1367.7000
    1025    1341.4149
    1026    1288.4153
    1027    1228.3816
    1028    1183.5461
    1029    1170.9398
    1030    1196.3124
    1031    1251.8918
    1032    1318.8265
    1033    1373.5298
    1034    1395.7970
    1035    1375.9708
    1036    1318.6940
    1037    1241.8767
    1038    1171.0665
    1039    1131.0295
    1040    1137.4006
    1041    1191.3119
    1042    1278.9092
    1043    1375.9389
    1044    1455.8104
    1045    1498.3277
    1046    1496.0737
    1047    1456.2969
    1048    1397.7409
    1049    1343.6512
    1050    1313.4927
    1051    1316.3203
    1052    1348.0572
    1053    1393.4950
    1054    1432.1185
    1055    1445.5718
    1056    1424.1040
    1057    1369.8144
    1058    1295.6797
    1059    1220.8491
    1060    1164.0011
    1061    1137.1925
    1062    1142.3096
    1063    1171.1813
    1064    1209.1073
    1065    1240.4243
    1066    1254.0497
    1067    1247.0265
    1068    1224.8899
    1069    1198.9218
    1070    1181.4999
    1071    1181.3852
    1072    1200.6837
    1073    1234.4487
    1074    1272.7662
    1075    1304.3253
    1076    1320.2860
    1077    1317.3138
    1078    1298.5939
    1079    1272.2402
    1080    1247.8441
    1081    1232.8095
    1082    1229.9799
    1083    1237.2739
    1084    1249.1631
    1085    1259.1909
    1086    1262.4939
    1087    1257.3948
    1088    1245.5749
    1089    1230.9323
    1090    1217.7631
    1091    1209.1164
    1092    1205.9812
    1093    1207.4913
    1094    1211.8540
    1095    1217.4510
    1096    1223.5653
    1097    1230.4254
    1098    1238.6099
    1099    1248.1914
    1100    1258.1260
    1101    1266.2625
    1102    1270.0392
    1103    1267.6058
    1104    1258.8841
    1105    1246.0393
    1106    1233.0553
    1107    1224.5110
    1108    1224.0389
    1109    1233.0137
    1110    1249.8046
    1111    1269.7814
    1112    1286.3393
    1113    1293.0523
    1114    1286.3575
    1115    1267.5207
    1116    1242.7980
    1117    1221.5102
    1118    1212.6575
    1119    1221.3073
    1120    1246.1938
    1121    1279.6169
    1122    1309.8573
    1123    1325.3030
    1124    1318.7621
    1125    1290.3409
    1126    1247.7763
    1127    1204.0811
    1128    1173.3317
    1129    1165.9632
    1130    1184.9674
    1131    1224.2289
    1132    1269.8999
    1133    1304.8443
    1134    1314.7202
    1135    1293.3286
    1136    1245.1380
    1137    1184.0820
    1138    1129.0912
    1139    1097.8770
    1140    1101.0509
    1141    1138.5318
    1142    1199.4318
    1143    1265.4617
    1144    1316.7480
    1145    1338.1869
    1146    1324.2694
    1147    1280.8307
    1148    1223.1424
    1149    1170.9215
    1150    1141.8200
    1151    1145.5645
    1152    1180.8831
    1153    1236.3829
    1154    1294.9604
    1155    1339.9906
    1156    1361.0068
    1157    1356.9012
    1158    1335.6098
    1159    1310.5846
    1160    1295.5051
    1161    1299.1886
    1162    1322.4224
    1163    1357.6949
    1164    1391.8595
    1165    1410.7900
    1166    1404.3939
    1167    1370.2175
    1168    1314.3574
    1169    1249.3681
    1170    1189.9723
    1171    1148.2566
    1172    1130.1638
    1173    1134.3943
    1174    1153.7790
    1175    1178.3543
    1176    1198.9704
    1177    1210.2539
    1178    1212.0287
    1179    1208.8150
    1180    1207.6791
    1181    1215.2597
    1182    1235.0605
    1183    1265.9704
    1184    1302.4867
    1185    1336.5090
    1186    1360.0300
    1187    1367.7547
    1188    1358.7242
    1189    1336.3996
    1190    1307.2207
    1191    1278.2228
    1192    1254.6792
    1193    1238.7322
    1194    1229.4806
    1195    1224.2976
    1196    1220.6330
    1197    1217.4617
    1198    1215.7822
    1199    1218.0328
    1200    1226.7403
    1201    1243.0258
    1202    1265.6271
    1203    1290.8922
    1204    1313.7930
    1205    1329.6314
    1206    1335.8131
    1207    1333.0227
    1208    1325.2667
    1209    1318.4290
    1210    1317.3909
    1211    1322.8473
    1212    1330.1571
    1213    1331.5580
    1214    1320.2842
    1215    1294.0215
    1216    1256.2861
    1217    1215.5546
    1218    1182.6088
    1219    1167.0086
    1220    1173.8645
    1221    1202.0292
    1222    1244.3601
    1223    1289.9907
    1224    1327.8351
    1225    1350.0892
    1226    1354.5352
    1227    1344.8545
    1228    1328.7674
    1229    1314.4354
    1230    1306.5025
    1231    1304.0086
    1232    1301.4753
    1233    1292.1186
    1234    1271.2341
    1235    1238.4997
    1236    1198.5842
    1237    1159.8438
    1238    1131.4787
    1239    1120.1803
    1240    1127.5954
    1241    1149.6728
    1242    1178.2303
    1243    1204.1833
    1244    1221.1975
    1245    1228.3231
    1246    1230.5224
    1247    1236.7343
    1248    1256.0264
    1249    1293.2661
    1250    1346.2245
    1251    1405.5311
    1252    1457.5548
    1253    1488.9938
    1254    1491.4552
    1255    1464.4034
    1256    1415.4487
    1257    1357.8332
    1258    1305.9731
    1259    1270.6227
    1260    1255.3836
    1261    1255.8156
    1262    1261.4828
    1263    1260.2164
    1264    1243.0609
    1265    1208.0873
    1266    1161.6190
    1267    1116.3105
    1268    1086.6727
    1269    1083.6317
    1270    1110.1560
    1271    1159.6808
    1272    1218.0214
    1273    1268.1502
    1274    1296.1283
    1275    1296.0405
    1276    1272.1117
    1277    1237.1719
    1278    1207.9635
    1279    1198.9533
    1280    1216.8940
    1281    1258.1352
    1282    1309.7187
    1283    1353.9125
    1284    1374.5649
    1285    1363.0105
    1286    1321.4009
    1287    1262.2389
    1288    1204.2486
    1289    1166.0017
    1290    1159.5901
    1291    1186.6574
    1292    1238.1934
    1293    1298.0050
    1294    1348.4452
    1295    1376.2766
    1296    1376.6386
    1297    1353.8749
    1298    1319.1302
    1299    1285.7503
    1300    1264.2581
    1301    1258.7186
    1302    1265.7465
    1303    1276.4029
    1304    1280.1666
    1305    1269.4087
    1306    1242.5985
    1307    1204.9812
    1308    1166.5182
    1309    1138.0895
    1310    1127.5632
    1311    1137.1686
    1312    1162.9743
    1313    1196.5329
    1314    1228.0102
    1315    1249.5989
    1316    1257.9477
    1317    1254.7665
    1318    1245.5149
    1319    1236.8035
    1320    1233.5952
    1321    1237.2853
    1322    1245.4041
    1323    1253.0069
    1324    1255.1384
    1325    1249.3204
    1326    1236.9964
    1327    1223.2845
    1328    1215.0610
    1329    1218.0959
    1330    1234.3755
    1331    1260.7385
    1332    1289.4562
    1333    1310.6231
    1334    1315.5343
    1335    1299.8639
    1336    1265.5020
    1337    1220.3550
    1338    1176.0971
    1339    1144.5757
    1340    1134.0568
    1341    1146.5477
    1342    1177.0594
    1343    1215.1383
    1344    1248.3761
    1345    1266.8511
    1346    1266.8117
    1347    1252.0411
    1348    1232.3191
    1349    1219.5924
    1350    1223.3562
    1351    1246.9935
    1352    1286.4001
    1353    1331.2920
    1354    1368.6014
    1355    1386.7255
    1356    1379.2138
    1357    1346.7498
    1358    1296.8712
    1359    1241.5775
    1360    1193.6478
    1361    1162.8612
    1362    1153.3512
    1363    1162.9567
    1364    1184.6932
    1365    1209.6610
    1366    1230.1994
    1367    1242.1475
    1368    1245.5585
    1369    1243.8559
    1370    1241.9434
    1371    1244.0659
    1372    1252.1909
    1373    1265.4067
    1374    1280.4295
    1375    1292.9012
    1376    1298.9351
    1377    1296.3393
    1378    1285.1450
    1379    1267.3597
    1380    1246.1417
    1381    1224.7526
    1382    1205.6842
    1383    1190.2422
    1384    1178.6636
    1385    1170.6032
    1386    1165.7097
    1387    1164.0031
    1388    1165.9024
    1389    1171.9265
    1390    1182.2564
    1391    1196.4055
    1392    1213.1621
    1393    1230.8050
    1394    1247.4772
    1395    1261.6045
    1396    1272.2532
    1397    1279.3661
    1398    1283.8253
    1399    1287.3045
    1400    1291.8671
    1401    1299.2872
    1402    1310.2396
    1403    1323.7498
    1404    1337.2967
    1405    1347.5781
    1406    1351.5166
    1407    1347.0753
    1408    1333.7250
    1409    1312.5713
    1410    1286.1835
    1411    1258.1402
    1412    1232.3533
    1413    1212.2894
    1414    1200.2051
    1415    1196.5244
    1416    1199.5714
    1417    1205.9837
    1418    1211.8741
    1419    1214.2876
    1420    1212.2817
    1421    1207.1945
    1422    1202.0478
    1423    1200.3139
    1424    1204.5089
    1425    1215.1405
    1426    1230.4113
    1427    1246.7777
    1428    1260.1635
    1429    1267.4041
    1430    1267.3997
    1431    1261.5284
    1432    1253.1160
    1433    1246.1543
    1434    1243.7582
    1435    1246.9620
    1436    1254.3297
    1437    1262.5327
    1438    1267.6683
    1439    1266.8132
    1440    1259.2129
    1441    1246.6439
    1442    1232.8044
    1443    1221.9645
    1444    1217.4008
    1445    1220.1872
    1446    1228.7982
    1447    1239.6988
    1448    1248.7571
    1449    1252.9143
    1450    1251.3944
    1451    1245.9506
    1452    1240.0964
    1453    1237.6638
    1454    1241.2380
    1455    1251.0348
    1456    1264.6530
    1457    1277.8348
    1458    1285.9530
    1459    1285.6766
    1460    1276.1768
    1461    1259.4121
    1462    1239.3770
    1463    1220.5998
    1464    1206.4896
    1465    1198.1844
    1466    1194.3584
    1467    1192.0534
    1468    1188.1887
    1469    1181.1148
    1470    1171.5628
    1471    1162.5781
    1472    1158.4313
    1473    1162.8986
    1474    1177.5900
    1475    1201.0120
    1476    1228.7786
    1477    1254.9131
    1478    1273.7458
    1479    1281.6771
    1480    1278.1762
    1481    1265.6815
    1482    1248.4755
    1483    1230.9713
    1484    1216.0705
    1485    1204.2485
    1486    1193.7349
    1487    1181.7170
    1488    1166.0612
    1489    1146.8243
    1490    1126.8495
    1491    1111.1246
    1492    1105.0746
    1493    1112.4386
    1494    1133.5717
    1495    1164.8933
    1496    1199.7962
    1497    1230.7823
    1498    1252.0695
    1499    1261.6699
    1500    1262.0972
    1501    1259.3578
    1502    1260.5555
    1503    1270.9585
    1504    1291.6256
    1505    1318.5357
    1506    1343.6670
    1507    1357.7465
    1508    1353.7312
    1509    1329.7218
    1510    1290.1612
    1511    1244.7495
    1512    1205.3556
    1513    1181.9791
    1514    1179.2282
    1515    1194.6300
    1516    1219.4509
    1517    1241.7653
    1518    1250.6780
    1519    1240.1962
    1520    1211.4053
    1521    1172.1923
    1522    1134.6161
    1523    1110.8201
    1524    1108.8752
    1525    1129.9954
    1526    1168.1065
    1527    1211.9589
    1528    1249.0533
    1529    1269.9890
    1530    1271.6648
    1531    1258.1542
    1532    1238.9618
    1533    1225.3637
    1534    1226.2338
    1535    1244.8509
    1536    1277.7374
    1537    1315.8311
    1538    1347.5386
    1539    1362.6365
    1540    1355.7447
    1541    1328.2286
    1542    1287.8799
    1543    1246.4306
    1544    1215.7020
    1545    1203.7476
    1546    1212.3978
    1547    1237.0362
    1548    1268.5360
    1549    1296.5159
    1550    1312.7324
    1551    1313.5130
    1552    1300.5141
    1553    1279.6882
    1554    1258.9046
    1555    1245.0801
    1556    1241.8070
    1557    1248.2386
    1558    1259.5480
    1559    1268.7081
    1560    1268.9431
    1561    1256.0465
    1562    1229.8519
    1563    1194.4371
    1564    1157.0399
    1565    1126.0525
    1566    1108.6996
    1567    1109.0381
    1568    1126.7946
    1569    1157.4195
    1570    1193.4686
    1571    1226.9329
    1572    1251.6284
    1573    1264.7325
    1574    1267.0466
    1575    1262.1034
    1576    1254.5758
    1577    1248.5736
    1578    1246.3720
    1579    1247.9474
    1580    1251.3939
    1581    1253.9508
    1582    1253.0880
    1583    1247.2227
    1584    1236.1329
    1585    1221.2380
    1586    1205.4925
    1587    1192.6286
    1588    1185.9898
    1589    1187.4470
    1590    1196.7618
    1591    1211.5584
    1592    1227.9126
    1593    1241.4055
    1594    1248.3514
    1595    1246.8336
    1596    1237.2395
    1597    1222.1321
    1598    1205.5125
    1599    1191.7039
    1600    1184.2048
    1601    1184.8430
    1602    1193.4700
    1603    1208.2390
    1604    1226.3322
    1605    1244.8630
    1606    1261.6348
    1607    1275.5080
    1608    1286.2771
    1609    1294.1807
    1610    1299.3493
    1611    1301.5427
    1612    1300.3086
    1613    1295.4018
    1614    1287.1510
    1615    1276.5495
    1616    1264.9993
    1617    1253.7909
    1618    1243.5112
    1619    1233.6306
    1620    1222.5599
    1621    1208.3453
    1622    1189.8201
    1623    1167.6547
    1624    1144.7329
    1625    1125.6005
    1626    1115.1177
    1627    1116.7576
    1628    1131.1514
    1629    1155.4625
    1630    1183.9362
    1631    1209.5693
    1632    1226.3915
    1633    1231.5196
    1634    1226.1706
    1635    1215.1932
    1636    1205.2773
    1637    1202.4787
    1638    1209.9149
    1639    1226.4025
    1640    1246.5943
    1641    1262.6960
    1642    1267.1993
    1643    1255.6022
    1644    1228.1217
    1645    1189.8134
    1646    1149.0946
    1647    1115.2040
    1648    1095.4846
    1649    1093.3672
    1650    1107.6476
    1651    1133.1932
    1652    1162.7851
    1653    1189.4590
    1654    1208.5636
    1655    1218.8683
    1656    1222.4253
    1657    1223.3574
    1658    1226.0818
    1659    1233.6050
    1660    1246.4466
    1661    1262.5023
    1662    1277.8286
    1663    1288.0144
    1664    1289.6301
    1665    1281.2813
    1666    1263.9819
    1667    1240.7999
    1668    1215.9578
    1669    1193.7265
    1670    1177.4683
    1671    1169.0548
    1672    1168.6974
    1673    1175.0977
    1674    1185.8138
    1675    1197.7799
    1676    1207.9359
    1677    1213.8799
    1678    1214.3681
    1679    1209.4763
    1680    1200.3971
    1681    1189.0463
    1682    1177.6559
    1683    1168.3403
    1684    1162.5823
    1685    1160.7318
    1686    1161.7671
    1687    1163.5578
    1688    1163.6398
    1689    1160.2451
    1690    1153.1598
    1691    1144.0534
    1692    1136.1094
    1693    1133.0550
    1694    1137.8929
    1695    1151.7656
    1696    1173.3650
    1697    1199.1136
    1698    1224.0476
    1699    1243.1206
    1700    1252.5811
    1701    1251.0564
    1702    1239.9796
    1703    1223.1231
    1704    1205.3322
    1705    1190.9254
    1706    1182.3737
    1707    1179.7227
    1708    1180.9133
    1709    1182.8275
    1710    1182.6505
    1711    1179.0611
    1712    1172.8289
    1713    1166.6164
    1714    1164.0602
    1715    1168.4732
    1716    1181.6223
    1717    1202.9851
    1718    1229.7131
    1719    1257.3176
    1720    1280.8457
    1721    1296.1556
    1722    1300.8860
    1723    1294.8513
    1724    1279.8435
    1725    1259.0082
    1726    1236.0185
    1727    1214.2292
    1728    1195.9908
    1729    1182.2798
    1730    1172.7398
    1731    1166.1139
    1732    1160.8990
    1733    1155.9463
    1734    1150.8062
    1735    1145.8248
    1736    1142.1390
    1737    1141.6203
    1738    1146.5975
    1739    1159.0980
    1740    1179.6083
    1741    1205.9031
    1742    1232.8938
    1743    1253.9941
    1744    1263.4345
    1745    1258.3283
    1746    1239.6095
    1747    1211.6482
    1748    1180.8946
    1749    1154.0715
    1750    1136.3655
    1751    1130.0495
    1752    1133.9909
    1753    1144.2701
    1754    1155.7116
    1755    1163.7676
    1756    1166.0991
    1757    1163.3118
    1758    1158.6125
    1759    1156.5235
    1760    1161.0986
    1761    1174.2455
    1762    1194.7466
    1763    1218.3755
    1764    1239.1141
    1765    1251.0515
    1766    1250.2766
    1767    1236.1253
    1768    1211.4749
    1769    1182.1232
    1770    1155.4170
    1771    1138.1335
    1772    1133.9664
    1773    1142.0478
    1774    1157.7605
    1775    1175.0017
    1776    1188.2150
    1777    1193.5297
    1778    1189.3097
    1779    1176.5152
    1780    1158.6755
    1781    1140.9575
    1782    1128.4009
    1783    1124.0913
    1784    1128.0811
    1785    1137.4974
    1786    1147.7677
    1787    1154.4890
    1788    1155.2224
    1789    1150.4952
    1790    1143.5956
    1791    1139.2374
    1792    1141.6429
    1793    1152.8204
    1794    1171.6965
    1795    1194.4287
    1796    1215.7626
    1797    1230.9373
    1798    1237.4328
    1799    1235.8781
    1800    1229.6688
    1801    1223.3163
    1802    1220.2999
    1803    1221.6232
    1804    1225.6983
    1805    1229.2646
    1806    1228.7933
    1807    1221.9525
    1808    1208.7238
    1809    1191.7090
    1810    1175.3519
    1811    1164.2220
    1812    1161.0616
    1813    1165.5892
    1814    1174.6899
    1815    1183.8374
    1816    1189.0105
    1817    1188.3360
    1818    1182.8841
    1819    1176.3291
    1820    1173.4988
    1821    1178.2829
    1822    1191.7481
    1823    1211.2915
    1824    1231.1844
    1825    1244.3370
    1826    1244.7284
    1827    1229.7047
    1828    1201.2767
    1829    1165.8158
    1830    1132.1416
    1831    1108.6279
    1832    1100.3824
    1833    1107.5731
    1834    1125.5322
    1835    1146.6144
    1836    1163.0733
    1837    1169.8328
    1838    1166.1101
    1839    1155.3837
    1840    1143.8818
    1841    1138.2203
    1842    1142.9663
    1843    1158.8973
    1844    1182.5558
    1845    1207.3021
    1846    1225.5170
    1847    1231.1778
    1848    1221.8940
    1849    1199.7001
    1850    1170.3807
    1851    1141.6181
    1852    1120.6334
    1853    1112.0995
    1854    1116.9365
    1855    1132.2966
    1856    1152.6990
    1857    1171.9698
    1858    1185.3354
    1859    1190.8926
    1860    1189.9168
    1861    1185.9766
    1862    1183.2728
    1863    1184.8500
    1864    1191.3459
    1865    1200.7517
    1866    1209.2960
    1867    1213.0966
    1868    1209.8943
    1869    1200.1558
    1870    1187.0755
    1871    1175.4500
    1872    1169.8251
    1873    1172.6124
    1874    1182.9256
    1875    1196.6555
    1876    1207.8394
    1877    1210.8465
    1878    1202.5643
    1879    1183.7456
    1880    1158.9747
    1881    1135.2127
    1882    1119.4039
    1883    1115.9830
    1884    1125.2214
    1885    1143.0828
    1886    1162.7190
    1887    1177.0727
    1888    1181.6000
    1889    1176.0811
    1890    1164.8250
    1891    1155.1443
    1892    1154.5871
    1893    1167.8887
    1894    1194.7900
    1895    1229.6515
    1896    1263.1521
    1897    1285.5085
    1898    1289.9557
    1899    1275.0716
    1900    1245.0912
    1901    1208.2994
    1902    1174.2570
    1903    1150.7794
    1904    1141.5522
    1905    1145.1571
    1906    1155.8919
    1907    1166.0966
    1908    1169.1083
    1909    1161.7331
    1910    1145.3201
    1911    1125.0788
    1912    1107.9393
    1913    1099.8036
    1914    1103.2695
    1915    1116.6894
    1916    1134.8735
    1917    1151.1191
    1918    1159.7626
    1919    1158.2903
    1920    1148.1852
    1921    1134.1619
    1922    1122.1351
    1923    1116.8504
    1924    1120.2055
    1925    1130.8525
    1926    1145.0568
    1927    1158.3412
    1928    1167.2460
    1929    1170.5450
    1930    1169.4915
    1931    1167.0452
    1932    1166.4764
    1933    1169.9736
    1934    1177.7835
    1935    1188.1689
    1936    1198.1891
    1937    1204.9829
    1938    1207.0104
    1939    1204.7380
    1940    1200.5073
    1941    1197.6394
    1942    1199.0705
    1943    1206.0197
    1944    1217.2202
    1945    1229.0528
    1946    1236.5910
    1947    1235.2192
    1948    1222.2792
    1949    1198.1829
    1950    1166.5971
    1951    1133.6005
    1952    1106.0346
    1953    1089.4728
    1954    1086.3968
    1955    1095.2536
    1956    1110.9004
    1957    1126.4163
    1958    1135.6072
    1959    1135.2859
    1960    1126.5173
    1961    1114.3697
    1962    1106.1870
    1963    1108.9148
    1964    1126.3675
    1965    1157.4038
    1966    1195.7367
    1967    1231.6009
    1968    1254.8684
    1969    1258.5963
    1970    1241.7366
    1971    1209.9145
    1972    1173.7827
    1973    1145.3340
    1974    1133.5571
    1975    1141.2618
    1976    1164.3308
    1977    1193.4736
    1978    1217.6234
    1979    1227.7842
    1980    1220.0775
    1981    1196.9804
    1982    1166.3100
    1983    1138.3186
    1984    1121.9803
    1985    1121.8378
    1986    1136.5398
    1987    1159.5427
    1988    1181.6225
    1989    1194.2378
    1990    1192.5436
    1991    1177.0337
    1992    1153.2521
    1993    1129.6810
    1994    1114.5942
    1995    1113.0883
    1996    1125.4318
    1997    1147.3091
    1998    1171.7438
    1999    1191.8337
    2000    1203.1806
