#Frame              T
       1    2981.2911
       2    2853.0351
       3    2643.4433
       4    2393.7872
       5    2146.4013
       6    1933.5232
       7    1770.5186
       8    1655.7139
       9    1576.6860
      10    1519.0098
      11    1470.8910
      12    1424.0981
      13    1377.9554
      14    1342.3564
      15    1333.7984
      16    1367.6948
      17    1451.4687
      18    1580.4216
      19    1737.0788
      20    1894.1686
      21    2020.7371
      22    2089.9201
      23    2086.1415
      24    2009.5808
      25    1876.6067
      26    1716.0633
      27    1562.3802
      28    1447.2721
      29    1392.1153
      30    1403.0264
      31    1470.0180
      32    1570.4398
      33    1675.5974
      34    1758.6305
      35    1801.5525
      36    1799.6503
      37    1762.1269
      38    1708.8100
      39    1663.7736
      40    1647.6070
      41    1670.5571
      42    1728.6785
      43    1804.3687
      44    1871.3884
      45    1903.0291
      46    1880.9656
      47    1801.9952
      48    1680.4623
      49    1545.3931
      50    1432.8431
      51    1375.3594
      52    1391.5988
      53    1479.5574
      54    1615.9258
      55    1762.1173
      56    1875.4493
      57    1922.1377
      58    1887.8591
      59    1782.3762
      60    1636.7082
      61    1493.6533
      62    1394.5348
      63    1366.3146
      64    1413.2497
      65    1515.8327
      66    1637.3357
      67    1735.8159
      68    1777.7357
      69    1748.8422
      70    1658.8015
      71    1538.0183
      72    1427.5751
      73    1365.5442
      74    1374.2428
      75    1452.7509
      76    1577.1955
      77    1708.6159
      78    1805.7320
      79    1838.4037
      80    1797.4205
      81    1697.4369
      82    1572.0906
      83    1462.9394
      84    1405.9225
      85    1419.8773
      86    1500.8932
      87    1624.2411
      88    1753.0483
      89    1850.6177
      90    1892.1713
      91    1872.2095
      92    1805.3562
      93    1720.7187
      94    1651.5791
      95    1623.6160
      96    1645.9948
      97    1709.2838
      98    1790.6138
      99    1862.6771
     100    1902.6770
     101    1898.6613
     102    1851.9058
     103    1775.1192
     104    1687.4712
     105    1608.3561
     106    1551.9951
     107    1524.3147
     108    1522.5624
     109    1537.4484
     110    1557.0949
     111    1571.3470
     112    1574.6123
     113    1566.2429
     114    1549.2308
     115    1528.8759
     116    1511.9573
     117    1505.6701
     118    1515.9436
     119    1545.5293
     120    1592.5275
     121    1650.0048
     122    1707.1606
     123    1751.9901
     124    1774.7283
     125    1770.9039
     126    1742.8285
     127    1698.8671
     128    1650.6581
     129    1609.2522
     130    1581.5314
     131    1568.1009
     132    1563.3129
     133    1557.4978
     134    1540.8876
     135    1507.9636
     136    1460.5007
     137    1407.8752
     138    1364.3613
     139    1344.4289
     140    1357.7751
     141    1405.7988
     142    1480.6576
     143    1567.2138
     144    1647.2791
     145    1704.8301
     146    1730.5499
     147    1724.2637
     148    1694.5337
     149    1655.5773
     150    1622.4531
     151    1605.9833
     152    1609.1473
     153    1626.4033
     154    1646.2878
     155    1656.1558
     156    1647.1230
     157    1617.4628
     158    1573.4325
     159    1527.3643
     160    1493.6886
     161    1484.1896
     162    1504.0136
     163    1549.6839
     164    1609.7534
     165    1667.9807
     166    1708.0947
     167    1718.6863
     168    1696.6672
     169    1648.1863
     170    1586.6845
     171    1528.6444
     172    1488.3583
     173    1473.4848
     174    1482.9889
     175    1508.1677
     176    1536.3001
     177    1555.5024
     178    1558.9345
     179    1546.8297
     180    1525.7674
     181    1505.6791
     182    1495.7880
     183    1500.9961
     184    1520.0144
     185    1545.8997
     186    1568.7618
     187    1579.5731
     188    1573.5865
     189    1552.0710
     190    1521.8054
     191    1492.6718
     192    1474.3491
     193    1473.3154
     194    1491.1228
     195    1524.3692
     196    1566.1905
     197    1608.6129
     198    1644.8971
     199    1671.0757
     200    1686.2602
     201    1691.8146
     202    1689.9452
     203    1682.4389
     204    1670.1121
     205    1653.1002
     206    1631.6432
     207    1606.8022
     208    1580.6704
     209    1555.9830
     210    1535.3125
     211    1520.2184
     212    1510.7987
     213    1505.9224
     214    1504.0300
     215    1504.0263
     216    1505.7555
     217    1509.8955
     218    1517.4271
     219    1528.8964
     220    1543.6709
     221    1559.5059
     222    1572.7642
     223    1579.4137
     224    1576.5507
     225    1563.8621
     226    1544.3353
     227    1523.6785
     228    1508.4407
     229    1503.5623
     230    1510.5044
     231    1526.7269
     232    1546.5365
     233    1562.9089
     234    1569.7877
     235    1564.2079
     236    1547.4623
     237    1524.7393
     238    1503.2041
     239    1489.1494
     240    1485.2982
     241    1489.4292
     242    1495.0470
     243    1493.9983
     244    1480.0643
     245    1452.1419
     246    1415.6878
     247    1381.6546
     248    1362.9719
     249    1369.8084
     250    1405.7508
     251    1466.5663
     252    1541.6228
     253    1617.0374
     254    1679.4485
     255    1719.4106
     256    1733.5657
     257    1724.9878
     258    1701.5075
     259    1672.5351
     260    1645.5898
     261    1623.8960
     262    1605.9541
     263    1587.1970
     264    1562.9963
     265    1531.6970
     266    1496.3108
     267    1464.0166
     268    1443.5369
     269    1441.4306
     270    1458.9919
     271    1491.2968
     272    1528.8842
     273    1561.2717
     274    1580.7652
     275    1585.0387
     276    1577.5293
     277    1565.5055
     278    1556.5861
     279    1555.1227
     280    1560.0021
     281    1564.8885
     282    1560.9230
     283    1540.8110
     284    1502.5891
     285    1451.4303
     286    1398.6298
     287    1358.0715
     288    1341.5368
     289    1354.6808
     290    1395.1997
     291    1453.7866
     292    1517.3582
     293    1573.2390
     294    1612.7842
     295    1633.2852
     296    1637.7011
     297    1632.5324
     298    1624.7514
     299    1618.9877
     300    1615.9570
     301    1612.5776
     302    1603.6005
     303    1584.1620
     304    1552.3492
     305    1510.7569
     306    1466.2617
     307    1427.9815
     308    1404.1726
     309    1399.2902
     310    1412.3749
     311    1437.3584
     312    1465.1313
     313    1486.5823
     314    1495.5341
     315    1490.5790
     316    1475.2194
     317    1456.3018
     318    1441.3516
     319    1435.7809
     320    1440.9961
     321    1454.0979
     322    1469.2332
     323    1480.0561
     324    1482.3345
     325    1475.7107
     326    1463.9037
     327    1453.2539
     328    1450.2275
     329    1458.9150
     330    1479.4977
     331    1508.1919
     332    1538.6017
     333    1563.9118
     334    1579.1143
     335    1582.5090
     336    1576.0047
     337    1564.1528
     338    1552.3015
     339    1544.5639
     340    1542.3666
     341    1544.1370
     342    1546.2334
     343    1544.7108
     344    1537.1716
     345    1523.9254
     346    1508.0031
     347    1494.0725
     348    1486.7450
     349    1488.9449
     350    1500.8989
     351    1520.0327
     352    1541.7394
     353    1560.7393
     354    1572.5826
     355    1574.8220
     356    1567.4648
     357    1552.5836
     358    1533.3286
     359    1512.8326
     360    1493.4726
     361    1476.6928
     362    1463.2721
     363    1453.6784
     364    1448.1547
     365    1446.4492
     366    1447.5421
     367    1449.8042
     368    1451.6296
     369    1452.0677
     370    1450.9382
     371    1448.6090
     372    1446.2083
     373    1446.0501
     374    1451.2009
     375    1464.0010
     376    1484.4709
     377    1509.5833
     378    1533.8739
     379    1551.2260
     380    1557.1339
     381    1550.5195
     382    1534.3618
     383    1514.8446
     384    1499.2320
     385    1493.1922
     386    1498.5964
     387    1512.7389
     388    1529.3331
     389    1540.9229
     390    1541.7751
     391    1530.1066
     392    1508.7563
     393    1484.0898
     394    1463.6751
     395    1453.6571
     396    1456.7256
     397    1471.3206
     398    1492.3340
     399    1513.0403
     400    1527.5010
     401    1532.5101
     402    1528.3998
     403    1518.5480
     404    1507.8803
     405    1500.9023
     406    1499.9447
     407    1504.2843
     408    1510.5371
     409    1514.1925
     410    1511.6685
     411    1502.0371
     412    1487.6929
     413    1473.6674
     414    1465.8382
     415    1468.7004
     416    1483.5099
     417    1507.4816
     418    1534.4027
     419    1556.5704
     420    1567.4164
     421    1563.7678
     422    1546.8272
     423    1521.5413
     424    1494.7124
     425    1472.6392
     426    1459.1112
     427    1454.3816
     428    1455.4525
     429    1457.5654
     430    1456.3539
     431    1449.7845
     432    1439.0582
     433    1428.0591
     434    1421.5810
     435    1423.0818
     436    1432.9222
     437    1447.8324
     438    1461.8670
     439    1468.5365
     440    1463.3678
     441    1445.9372
     442    1420.5469
     443    1395.1830
     444    1378.9914
     445    1379.1036
     446    1397.9716
     447    1432.2973
     448    1474.1113
     449    1513.7102
     450    1543.3209
     451    1559.9268
     452    1565.9931
     453    1567.7890
     454    1572.0911
     455    1582.7103
     456    1598.2954
     457    1612.3126
     458    1615.3639
     459    1599.1178
     460    1560.2756
     461    1502.7906
     462    1437.2771
     463    1377.8098
     464    1337.3650
     465    1323.5195
     466    1335.8224
     467    1365.8991
     468    1400.7800
     469    1428.4426
     470    1442.9069
     471    1446.3833
     472    1447.6471
     473    1457.4766
     474    1483.0723
     475    1523.8988
     476    1570.9252
     477    1609.7414
     478    1626.2359
     479    1612.4395
     480    1570.1244
     481    1510.6333
     482    1450.9817
     483    1407.7891
     484    1391.4584
     485    1402.8266
     486    1433.4711
     487    1469.4501
     488    1496.9350
     489    1507.5163
     490    1501.1375
     491    1485.5994
     492    1472.9423
     493    1474.2061
     494    1494.6376
     495    1531.1867
     496    1573.2701
     497    1606.5974
     498    1618.6115
     499    1603.3501
     500    1563.7654
     501    1510.6512
     502    1458.7071
     503    1421.3106
     504    1405.9645
     505    1412.0862
     506    1431.8938
     507    1453.9180
     508    1467.6331
     509    1467.3610
     510    1454.0314
     511    1434.2997
     512    1417.4583
     513    1411.3539
     514    1418.9564
     515    1437.0866
     516    1457.8426
     517    1471.9617
     518    1472.5919
     519    1457.9677
     520    1432.0065
     521    1402.6565
     522    1378.7128
     523    1366.4334
     524    1367.3644
     525    1378.1594
     526    1392.2923
     527    1402.7907
     528    1404.8326
     529    1397.2908
     530    1382.8389
     531    1366.7639
     532    1354.9840
     533    1351.9922
     534    1359.4270
     535    1375.6986
     536    1396.6729
     537    1417.1083
     538    1432.3659
     539    1439.8334
     540    1439.5171
     541    1433.5646
     542    1425.0041
     543    1416.3585
     544    1408.8051
     545    1402.1940
     546    1395.7851
     547    1389.2300
     548    1383.2801
     549    1379.8637
     550    1381.4229
     551    1389.7552
     552    1404.9331
     553    1424.9342
     554    1446.1849
     555    1464.7573
     556    1477.7566
     557    1484.4301
     558    1486.5709
     559    1487.9383
     560    1492.7734
     561    1503.9023
     562    1521.1464
     563    1540.7336
     564    1556.0945
     565    1559.9582
     566    1547.0855
     567    1516.5823
     568    1472.8202
     569    1424.5068
     570    1382.1493
     571    1354.7434
     572    1346.8303
     573    1356.9430
     574    1378.0370
     575    1399.8496
     576    1412.4418
     577    1409.7161
     578    1391.6598
     579    1364.4641
     580    1338.4245
     581    1324.3153
     582    1329.4802
     583    1355.0319
     584    1395.2112
     585    1439.2221
     586    1474.9092
     587    1492.9096
     588    1489.6946
     589    1468.3468
     590    1436.9202
     591    1405.4074
     592    1382.7331
     593    1374.5754
     594    1382.2315
     595    1402.6543
     596    1429.6538
     597    1455.8698
     598    1474.8585
     599    1482.6674
     600    1478.5269
     601    1464.5735
     602    1444.7753
     603    1423.5270
     604    1404.5329
     605    1390.3298
     606    1382.2926
     607    1380.8268
     608    1385.5925
     609    1395.6929
     610    1409.7516
     611    1425.9218
     612    1441.9738
     613    1455.6125
     614    1465.0215
     615    1469.4674
     616    1469.6655
     617    1467.6475
     618    1466.0288
     619    1466.8605
     620    1470.4893
     621    1474.9251
     622    1476.1089
     623    1469.1643
     624    1450.3404
     625    1418.9140
     626    1378.1728
     627    1334.9533
     628    1297.8349
     629    1274.6123
     630    1269.8910
     631    1283.5937
     632    1310.9031
     633    1343.7703
     634    1373.5870
     635    1394.0644
     636    1403.1953
     637    1403.5307
     638    1400.7130
     639    1400.8693
     640    1407.9222
     641    1421.9583
     642    1439.3372
     643    1454.3792
     644    1461.8521
     645    1459.2178
     646    1447.5683
     647    1430.8865
     648    1414.5983
     649    1404.4044
     650    1405.0505
     651    1418.7063
     652    1443.7389
     653    1474.7559
     654    1504.0833
     655    1524.1466
     656    1529.8960
     657    1520.3998
     658    1499.0194
     659    1472.1108
     660    1446.7158
     661    1428.1186
     662    1418.2020
     663    1415.2473
     664    1415.2156
     665    1413.9093
     666    1409.0276
     667    1401.2020
     668    1393.5701
     669    1390.1228
     670    1393.5864
     671    1403.8046
     672    1417.3669
     673    1428.6974
     674    1432.2111
     675    1424.6753
     676    1406.7736
     677    1383.1084
     678    1360.5247
     679    1345.4368
     680    1341.3539
     681    1347.6847
     682    1360.1952
     683    1372.7945
     684    1379.9307
     685    1378.7730
     686    1370.4331
     687    1359.7554
     688    1353.6456
     689    1358.4169
     690    1377.0573
     691    1407.5024
     692    1442.7562
     693    1473.0231
     694    1489.1133
     695    1485.7883
     696    1463.7002
     697    1429.1676
     698    1391.8887
     699    1361.4773
     700    1344.1382
     701    1340.6981
     702    1346.6930
     703    1354.4548
     704    1356.4072
     705    1348.3270
     706    1331.2827
     707    1311.4552
     708    1297.8245
     709    1298.5407
     710    1317.3642
     711    1351.6256
     712    1392.6082
     713    1428.3172
     714    1447.6414
     715    1444.3571
     716    1419.4524
     717    1380.8683
     718    1340.7491
     719    1311.2288
     720    1300.2820
     721    1309.0928
     722    1331.8512
     723    1358.1646
     724    1377.2919
     725    1382.5147
     726    1373.7827
     727    1357.4990
     728    1343.5821
     729    1341.0427
     730    1353.9518
     731    1379.5292
     732    1409.1649
     733    1431.9481
     734    1439.2175
     735    1428.2464
     736    1403.5494
     737    1375.2968
     738    1355.4571
     739    1353.1698
     740    1371.1589
     741    1404.5856
     742    1442.7855
     743    1473.2141
     744    1486.1086
     745    1478.0898
     746    1453.2659
     747    1421.3890
     748    1393.8518
     749    1379.2052
     750    1380.0045
     751    1392.1924
     752    1407.1772
     753    1415.6670
     754    1411.5966
     755    1394.5635
     756    1369.8864
     757    1346.3708
     758    1332.7056
     759    1333.9800
     760    1349.7369
     761    1374.3235
     762    1399.2797
     763    1416.6713
     764    1421.9815
     765    1415.5018
     766    1401.7666
     767    1387.3070
     768    1377.7237
     769    1375.3876
     770    1378.7664
     771    1383.5678
     772    1385.0680
     773    1380.5308
     774    1370.7183
     775    1359.8789
     776    1354.1670
     777    1359.0435
     778    1376.6994
     779    1404.6406
     780    1436.1949
     781    1462.9039
     782    1477.8773
     783    1478.6714
     784    1468.3966
     785    1454.5170
     786    1445.8118
     787    1448.7537
     788    1464.7845
     789    1489.6078
     790    1514.7873
     791    1530.9780
     792    1531.4349
     793    1514.3776
     794    1483.3495
     795    1445.5762
     796    1409.0855
     797    1379.7411
     798    1359.3258
     799    1345.3550
     800    1332.5807
     801    1315.5098
     802    1290.9522
     803    1259.6728
     804    1226.5428
     805    1199.1175
     806    1185.1422
     807    1189.8590
     808    1214.0689
     809    1253.6414
     810    1300.7043
     811    1346.1179
     812    1382.3056
     813    1405.3593
     814    1415.7039
     815    1417.2097
     816    1415.2013
     817    1414.1849
     818    1416.2052
     819    1420.4403
     820    1424.0128
     821    1423.4694
     822    1416.3120
     823    1402.0984
     824    1382.8267
     825    1362.5174
     826    1346.1252
     827    1338.1069
     828    1341.0774
     829    1355.0067
     830    1377.2344
     831    1403.2648
     832    1428.0281
     833    1447.1981
     834    1458.1666
     835    1460.4055
     836    1455.1007
     837    1444.2313
     838    1429.4819
     839    1411.5017
     840    1389.8841
     841    1363.8840
     842    1333.4941
     843    1300.3243
     844    1267.7848
     845    1240.4136
     846    1222.5929
     847    1217.1593
     848    1224.4598
     849    1242.2268
     850    1266.3429
     851    1292.2391
     852    1316.4256
     853    1337.5989
     854    1356.8608
     855    1376.8516
     856    1400.0267
     857    1426.7911
     858    1454.4324
     859    1477.4797
     860    1489.4560
     861    1485.3877
     862    1464.1410
     863    1429.6218
     864    1390.2001
     865    1356.3481
     866    1337.2270
     867    1337.4813
     868    1355.5456
     869    1384.2181
     870    1413.3089
     871    1433.3184
     872    1438.7611
     873    1429.9348
     874    1412.5445
     875    1395.3525
     876    1386.7172
     877    1391.2769
     878    1407.9880
     879    1430.2694
     880    1448.2531
     881    1452.3113
     882    1436.5537
     883    1401.0830
     884    1352.2390
     885    1300.7099
     886    1258.2079
     887    1233.9667
     888    1232.1929
     889    1251.0825
     890    1283.5567
     891    1319.5289
     892    1349.1457
     893    1365.9400
     894    1368.7121
     895    1361.4572
     896    1351.5270
     897    1346.8573
     898    1353.2713
     899    1372.6268
     900    1402.1760
     901    1435.2518
     902    1463.2663
     903    1478.4730
     904    1476.3996
     905    1456.9921
     906    1424.1775
     907    1384.2153
     908    1343.6137
     909    1307.4126
     910    1278.3122
     911    1256.7450
     912    1241.6413
     913    1231.4517
     914    1225.0094
     915    1221.9730
     916    1222.8541
     917    1228.7668
     918    1241.0469
     919    1260.8157
     920    1288.5220
     921    1323.5212
     922    1363.7534
     923    1405.5839
     924    1443.8850
     925    1472.5213
     926    1485.3936
     927    1477.8978
     928    1448.4308
     929    1399.4995
     930    1337.9995
     931    1274.3423
     932    1220.3924
     933    1186.6130
     934    1179.1734
     935    1197.9817
     936    1236.4249
     937    1283.1279
     938    1325.3093
     939    1352.7182
     940    1360.8598
     941    1352.3817
     942    1336.0521
     943    1323.5034
     944    1324.7300
     945    1343.9471
     946    1377.4225
     947    1414.2608
     948    1440.0652
     949    1442.2681
     950    1415.1616
     951    1362.6945
     952    1297.8846
     953    1238.9121
     954    1203.1268
     955    1201.0325
     956    1232.5155
     957    1286.8652
     958    1346.6031
     959    1393.6039
     960    1415.2053
     961    1408.1284
     962    1378.8658
     963    1340.4943
     964    1307.1763
     965    1288.4758
     966    1285.6801
     967    1291.5845
     968    1294.1138
     969    1283.1196
     970    1257.7902
     971    1227.6597
     972    1203.3469
     973    1190.9680
     974    1195.5782
     975    1220.7567
     976    1264.6560
     977    1318.8783
     978    1371.0772
     979    1409.3841
     980    1426.4943
     981    1421.7890
     982    1400.7693
     983    1372.2611
     984    1344.7620
     985    1323.4905
     986    1309.1466
     987    1298.6529
     988    1287.4053
     989    1272.0312
     990    1252.5427
     991    1233.0669
     992    1220.7879
     993    1223.2044
     994    1244.5946
     995    1283.5807
     996    1333.2552
     997    1383.4154
     998    1423.4843
     999    1445.2320
    1000    1444.7771
    1001    1423.8947
    1002    1389.1336
    1003    1350.2276
    1004    1317.1108
    1005    1296.8799
    1006    1291.6990
    1007    1298.4155
    1008    1310.0556
    1009    1318.6949
    1010    1318.7080
    1011    1309.2536
    1012    1294.9706
    1013    1284.2955
    1014    1285.8909
    1015    1304.9357
    1016    1341.0083
    1017    1387.9457
    1018    1435.3656
    1019    1471.5196
    1020    1486.8215
    1021    1476.8963
    1022    1444.0180
    1023    1396.3603
    1024    1345.3012
    1025    1301.7529
    1026    1272.8317
    1027    1260.0205
    1028    1259.4089
    1029    1263.7886
    1030    1265.7473
    1031    1260.5830
    1032    1247.9884
    1033    1231.8631
    1034    1218.3486
    1035    1212.9804
    1036    1218.2965
    1037    1232.9380
    1038    1252.4962
    1039    1271.6154
    1040    1286.3792
    1041    1295.9728
    1042    1302.9104
    1043    1311.7128
    1044    1326.6118
    1045    1349.3271
    1046    1377.9263
    1047    1407.2773
    1048    1430.9091
    1049    1443.5122
    1050    1443.0600
    1051    1431.6674
    1052    1414.7715
    1053    1398.8540
    1054    1388.6283
    1055    1384.9796
    1056    1384.5846
    1057    1381.2656
    1058    1368.3955
    1059    1341.5078
    1060    1300.3496
    1061    1249.7550
    1062    1198.8959
    1063    1158.9380
    1064    1139.7797
    1065    1146.9955
    1066    1180.0791
    1067    1232.6147
    1068    1294.2893
    1069    1354.0053
    1070    1403.0404
    1071    1437.2461
    1072    1457.5345
    1073    1468.3520
    1074    1474.8326
    1075    1480.2742
    1076    1485.0983
    1077    1487.1229
    1078    1482.6393
    1079    1468.0134
    1080    1441.3985
    1081    1403.9222
    1082    1359.8295
    1083    1315.4671
    1084    1277.5217
    1085    1251.1948
    1086    1238.9765
    1087    1240.4048
    1088    1252.7925
    1089    1272.5099
    1090    1296.2420
    1091    1321.7434
    1092    1347.9188
    1093    1374.2986
    1094    1400.2097
    1095    1424.0906
    1096    1443.3957
    1097    1455.2982
    1098    1457.9216
    1099    1451.2844
    1100    1437.1695
    1101    1418.2003
    1102    1397.2906
    1103    1377.7687
    1104    1363.1987
    1105    1356.4200
    1106    1358.4061
    1107    1367.7628
    1108    1381.1750
    1109    1394.5852
    1110    1404.5663
    1111    1409.3020
    1112    1408.7907
    1113    1404.2568
    1114    1397.1525
    1115    1388.2862
    1116    1377.4327
    1117    1363.5673
    1118    1345.6423
    1119    1323.5937
    1120    1299.0819
    1121    1275.5163
    1122    1257.2238
    1123    1247.9927
    1124    1249.5472
    1125    1260.6381
    1126    1277.2816
    1127    1294.1754
    1128    1306.7585
    1129    1313.0043
    1130    1314.1247
    1131    1313.8226
    1132    1316.4019
    1133    1324.5809
    1134    1338.0197
    1135    1353.2706
    1136    1365.1448
    1137    1368.9076
    1138    1362.4043
    1139    1347.2809
    1140    1328.7558
    1141    1313.9402
    1142    1309.2798
    1143    1318.0992
    1144    1339.2262
    1145    1367.2540
    1146    1394.3692
    1147    1413.0655
    1148    1418.7584
    1149    1411.3589
    1150    1395.2082
    1151    1377.3348
    1152    1364.6247
    1153    1361.0233
    1154    1365.9507
    1155    1374.5894
    1156    1379.8947
    1157    1375.5156
    1158    1358.4598
    1159    1330.4383
    1160    1297.3610
    1161    1267.2271
    1162    1247.2988
    1163    1241.6808
    1164    1250.1245
    1165    1268.2826
    1166    1289.1512
    1167    1305.3927
    1168    1311.9345
    1169    1307.7707
    1170    1296.0694
    1171    1282.6516
    1172    1273.6515
    1173    1273.3245
    1174    1282.7451
    1175    1299.7461
    1176    1320.0025
    1177    1338.7475
    1178    1352.4062
    1179    1359.5353
    1180    1360.8138
    1181    1358.2467
    1182    1354.0763
    1183    1349.9574
    1184    1346.7220
    1185    1344.7064
    1186    1344.2957
    1187    1346.2786
    1188    1351.6995
    1189    1361.1589
    1190    1373.8811
    1191    1387.1723
    1192    1396.8001
    1193    1398.3048
    1194    1388.7344
    1195    1368.1539
    1196    1340.3435
    1197    1312.1841
    1198    1291.5153
    1199    1284.1003
    1200    1291.2135
    1201    1309.0330
    1202    1329.8135
    1203    1344.1878
    1204    1343.9916
    1205    1324.9550
    1206    1288.4619
    1207    1241.6795
    1208    1195.8416
    1209    1163.0667
    1210    1152.6184
    1211    1167.8100
    1212    1204.6865
    1213    1253.0929
    1214    1299.8828
    1215    1333.1770
    1216    1346.1573
    1217    1339.0450
    1218    1318.6648
    1219    1295.8399
    1220    1281.5084
    1221    1282.7861
    1222    1300.3467
    1223    1328.0766
    1224    1355.0830
    1225    1369.3913
    1226    1362.3866
    1227    1332.6258
    1228    1287.2928
    1229    1240.2663
    1230    1207.3258
    1231    1200.2973
    1232    1222.4807
    1233    1267.3356
    1234    1320.9872
    1235    1367.3846
    1236    1393.9212
    1237    1395.4188
    1238    1375.1918
    1239    1343.0366
    1240    1311.0824
    1241    1289.1361
    1242    1281.2711
    1243    1284.8769
    1244    1292.3574
    1245    1294.6442
    1246    1285.0736
    1247    1262.1631
    1248    1230.3165
    1249    1198.2447
    1250    1175.7074
    1251    1169.8783
    1252    1182.8833
    1253    1211.4761
    1254    1248.6827
    1255    1286.3969
    1256    1317.8422
    1257    1339.1330
    1258    1349.5923
    1259    1350.9335
    1260    1345.8068
    1261    1336.4233
    1262    1323.8590
    1263    1308.2561
    1264    1289.6760
    1265    1269.0607
    1266    1248.7410
    1267    1232.1468
    1268    1222.6825
    1269    1222.0917
    1270    1229.0834
    1271    1239.3237
    1272    1247.2573
    1273    1248.8993
    1274    1243.9993
    1275    1236.4993
    1276    1233.1296
    1277    1240.7630
    1278    1263.5247
    1279    1300.6642
    1280    1345.9512
    1281    1388.9496
    1282    1417.9410
    1283    1423.6301
    1284    1402.3707
    1285    1357.7482
    1286    1299.8853
    1287    1242.6238
    1288    1199.3993
    1289    1179.0765
    1290    1183.1844
    1291    1205.6953
    1292    1235.5374
    1293    1260.8088
    1294    1273.0129
    1295    1269.8127
    1296    1255.4666
    1297    1238.9422
    1298    1230.4499
    1299    1237.6651
    1300    1262.9540
    1301    1302.5175
    1302    1347.6558
    1303    1387.6171
    1304    1413.0089
    1305    1418.6385
    1306    1404.9111
    1307    1377.3539
    1308    1344.4371
    1309    1314.5385
    1310    1293.3069
    1311    1282.3785
    1312    1279.6081
    1313    1280.4056
    1314    1279.5944
    1315    1273.2147
    1316    1259.7697
    1317    1240.6135
    1318    1219.4514
    1319    1201.1783
    1320    1190.4396
    1321    1190.3333
    1322    1201.5820
    1323    1222.3438
    1324    1248.6614
    1325    1275.4021
    1326    1297.4610
    1327    1310.9374
    1328    1313.9899
    1329    1307.1203
    1330    1292.8006
    1331    1274.6028
    1332    1256.1767
    1333    1240.4242
    1334    1229.0237
    1335    1222.3149
    1336    1219.4983
    1337    1219.1209
    1338    1219.7603
    1339    1220.7216
    1340    1222.4778
    1341    1226.6234
    1342    1235.2668
    1343    1250.0524
    1344    1271.1677
    1345    1296.7485
    1346    1322.9404
    1347    1344.6589
    1348    1356.8978
    1349    1356.2376
    1350    1342.0266
    1351    1316.7251
    1352    1285.2416
    1353    1253.4987
    1354    1226.7716
    1355    1208.3472
    1356    1198.9221
    1357    1196.8696
    1358    1199.2409
    1359    1203.1162
    1360    1206.8136
    1361    1210.5300
    1362    1216.1709
    1363    1226.4049
    1364    1243.2445
    1365    1266.6679
    1366    1293.8921
    1367    1319.7757
    1368    1338.4198
    1369    1345.4078
    1370    1339.7145
    1371    1324.4417
    1372    1306.0347
    1373    1292.1434
    1374    1288.7529
    1375    1297.6122
    1376    1315.2041
    1377    1333.9694
    1378    1345.3300
    1379    1343.0963
    1380    1325.8267
    1381    1297.3243
    1382    1265.2528
    1383    1238.4340
    1384    1223.7814
    1385    1223.8815
    1386    1236.0370
    1387    1253.2052
    1388    1266.6425
    1389    1269.2823
    1390    1258.4474
    1391    1236.8509
    1392    1211.6139
    1393    1191.7261
    1394    1184.8670
    1395    1194.7678
    1396    1220.1393
    1397    1255.4315
    1398    1292.8934
    1399    1325.0596
    1400    1346.8695
    1401    1356.8654
    1402    1357.2117
    1403    1352.6233
    1404    1348.5964
    1405    1349.4940
    1406    1357.0862
    1407    1370.0184
    1408    1384.3744
    1409    1395.0595
    1410    1397.4450
    1411    1388.7204
    1412    1368.6092
    1413    1339.3664
    1414    1305.2227
    1415    1271.5594
    1416    1243.9327
    1417    1226.7609
    1418    1221.6685
    1419    1226.4074
    1420    1235.5524
    1421    1242.7696
    1422    1243.1716
    1423    1234.7070
    1424    1218.4782
    1425    1198.2545
    1426    1179.4396
    1427    1167.7565
    1428    1167.8955
    1429    1182.3630
    1430    1210.7432
    1431    1249.5987
    1432    1293.0981
    1433    1334.2525
    1434    1366.4952
    1435    1385.2915
    1436    1389.4045
    1437    1381.3516
    1438    1366.7417
    1439    1352.5660
    1440    1344.9444
    1441    1347.0315
    1442    1357.7435
    1443    1371.7643
    1444    1380.9295
    1445    1376.7111
    1446    1353.2004
    1447    1309.6580
    1448    1251.6215
    1449    1189.9689
    1450    1138.1312
    1451    1108.3216
    1452    1107.8899
    1453    1136.8825
    1454    1187.6362
    1455    1246.7195
    1456    1298.8088
    1457    1331.3494
    1458    1338.4796
    1459    1322.8698
    1460    1294.7805
    1461    1268.5928
    1462    1257.9601
    1463    1271.1949
    1464    1308.3702
    1465    1360.8920
    1466    1413.5148
    1467    1448.4998
    1468    1451.4221
    1469    1416.9861
    1470    1352.0619
    1471    1274.1527
    1472    1205.7901
    1473    1167.0037
    1474    1168.4936
    1475    1207.8330
    1476    1270.1064
    1477    1332.8461
    1478    1373.5324
    1479    1377.0574
    1480    1340.6448
    1481    1274.5949
    1482    1198.6238
    1483    1135.1267
    1484    1101.7983
    1485    1106.1732
    1486    1143.7333
    1487    1199.9254
    1488    1255.2793
    1489    1291.9623
    1490    1299.6278
    1491    1278.6184
    1492    1239.5186
    1493    1199.3490
    1494    1175.7616
    1495    1181.1629
    1496    1218.6426
    1497    1280.9875
    1498    1353.0313
    1499    1416.4769
    1500    1455.6038
    1501    1462.0044
    1502    1436.8344
    1503    1389.9446
    1504    1336.3875
    1505    1291.5811
    1506    1266.6367
    1507    1265.1724
    1508    1282.6179
    1509    1308.2839
    1510    1329.4121
    1511    1335.6594
    1512    1322.4078
    1513    1291.7302
    1514    1250.7699
    1515    1208.8011
    1516    1174.8012
    1517    1156.0076
    1518    1156.8491
    1519    1178.0888
    1520    1216.4745
    1521    1265.1413
    1522    1314.7646
    1523    1355.3101
    1524    1378.1891
    1525    1378.4701
    1526    1356.5870
    1527    1318.8425
    1528    1276.2382
    1529    1241.6807
    1530    1226.2573
    1531    1235.6871
    1532    1268.1546
    1533    1314.4172
    1534    1360.3425
    1535    1391.1860
    1536    1396.3100
    1537    1372.8642
    1538    1327.1819
    1539    1273.2748
    1540    1228.6937
    1541    1208.9395
    1542    1222.1930
    1543    1266.1892
    1544    1328.4731
    1545    1390.1603
    1546    1432.0179
    1547    1440.8190
    1548    1413.7982
    1549    1359.6539
    1550    1295.6810
    1551    1241.9612
    1552    1214.6087
    1553    1220.4116
    1554    1254.7299
    1555    1303.3096
    1556    1347.3378
    1557    1369.9822
    1558    1362.1992
    1559    1325.8249
    1560    1272.8820
    1561    1221.3360
    1562    1188.7932
    1563    1186.3947
    1564    1215.0817
    1565    1265.4839
    1566    1321.3779
    1567    1365.4382
    1568    1385.2527
    1569    1377.4489
    1570    1348.4344
    1571    1311.5901
    1572    1282.1117
    1573    1271.4961
    1574    1283.6796
    1575    1314.0936
    1576    1351.7989
    1577    1383.7720
    1578    1399.6911
    1579    1395.4666
    1580    1374.3086
    1581    1345.1094
    1582    1318.8940
    1583    1304.7195
    1584    1306.5113
    1585    1321.9178
    1586    1343.4914
    1587    1361.6134
    1588    1367.9999
    1589    1358.5317
    1590    1334.5004
    1591    1301.9667
    1592    1269.5446
    1593    1245.4267
    1594    1234.7177
    1595    1238.0223
    1596    1251.7474
    1597    1269.8564
    1598    1286.2330
    1599    1296.6689
    1600    1299.8187
    1601    1296.9858
    1602    1291.0473
    1603    1285.0498
    1604    1281.0510
    1605    1279.6011
    1606    1279.9972
    1607    1281.0706
    1608    1282.0991
    1609    1283.3824
    1610    1286.1682
    1611    1291.8638
    1612    1300.8681
    1613    1311.7572
    1614    1321.5369
    1615    1326.9887
    1616    1326.3579
    1617    1320.3950
    1618    1312.1962
    1619    1305.9175
    1620    1304.9220
    1621    1310.1570
    1622    1319.4480
    1623    1328.0360
    1624    1330.2270
    1625    1321.6162
    1626    1301.0452
    1627    1271.4567
    1628    1239.2052
    1629    1212.0170
    1630    1196.3727
    1631    1195.3308
    1632    1207.6386
    1633    1228.4457
    1634    1251.2733
    1635    1270.3526
    1636    1282.4351
    1637    1287.6236
    1638    1289.0914
    1639    1291.5821
    1640    1299.0230
    1641    1312.3008
    1642    1328.3332
    1643    1340.9438
    1644    1343.2313
    1645    1330.4746
    1646    1302.3682
    1647    1263.6383
    1648    1222.7505
    1649    1189.1687
    1650    1170.1972
    1651    1168.6072
    1652    1181.9366
    1653    1203.7305
    1654    1226.2361
    1655    1243.4919
    1656    1253.5850
    1657    1259.1601
    1658    1265.9673
    1659    1280.0596
    1660    1304.8516
    1661    1339.3032
    1662    1377.9585
    1663    1412.7756
    1664    1435.9703
    1665    1442.7210
    1666    1432.6998
    1667    1409.8483
    1668    1380.5294
    1669    1350.8098
    1670    1324.0679
    1671    1300.1066
    1672    1276.3325
    1673    1250.1709
    1674    1220.5846
    1675    1187.7076
    1676    1152.8096
    1677    1119.5223
    1678    1093.7250
    1679    1081.2674
    1680    1085.4221
    1681    1105.6196
    1682    1137.7422
    1683    1175.5304
    1684    1212.4494
    1685    1243.3942
    1686    1265.7620
    1687    1279.6229
    1688    1287.0305
    1689    1290.8010
    1690    1293.2657
    1691    1295.4590
    1692    1296.9931
    1693    1296.5667
    1694    1292.8400
    1695    1285.2761
    1696    1274.6097
    1697    1262.7424
    1698    1252.1139
    1699    1244.8342
    1700    1241.9964
    1701    1243.5114
    1702    1248.4988
    1703    1255.9677
    1704    1265.3759
    1705    1276.7694
    1706    1290.4452
    1707    1306.2966
    1708    1323.1289
    1709    1338.3089
    1710    1348.1101
    1711    1348.8487
    1712    1338.3636
    1713    1317.0423
    1714    1287.8611
    1715    1255.4708
    1716    1224.7393
    1717    1199.3157
    1718    1180.7158
    1719    1168.2612
    1720    1159.8764
    1721    1153.3795
    1722    1147.7132
    1723    1143.5972
    1724    1143.3314
    1725    1149.8235
    1726    1165.2131
    1727    1189.6388
    1728    1220.6698
    1729    1253.6923
    1730    1283.1673
    1731    1304.3154
    1732    1314.5911
    1733    1314.4159
    1734    1306.9502
    1735    1297.0096
    1736    1289.4677
    1737    1287.6103
    1738    1292.0655
    1739    1300.8426
    1740    1310.4410
    1741    1317.3575
    1742    1319.3168
    1743    1315.9812
    1744    1309.1260
    1745    1302.1542
    1746    1298.9014
    1747    1302.0605
    1748    1311.8607
    1749    1325.5970
    1750    1338.3063
    1751    1344.4195
    1752    1339.8142
    1753    1323.5103
    1754    1298.3551
    1755    1270.3618
    1756    1246.7444
    1757    1233.2122
    1758    1231.6586
    1759    1239.4788
    1760    1250.8426
    1761    1259.1249
    1762    1259.3600
    1763    1249.8891
    1764    1232.7935
    1765    1213.0411
    1766    1196.6987
    1767    1188.8547
    1768    1191.9766
    1769    1205.2333
    1770    1224.9520
    1771    1245.9517
    1772    1263.2175
    1773    1273.3592
    1774    1275.5081
    1775    1271.5079
    1776    1265.3173
    1777    1261.6986
    1778    1264.5531
    1779    1275.5244
    1780    1293.3882
    1781    1314.3648
    1782    1333.1678
    1783    1344.4298
    1784    1344.1203
    1785    1330.5781
    1786    1304.9012
    1787    1270.6399
    1788    1232.9651
    1789    1197.5393
    1790    1169.3114
    1791    1151.4768
    1792    1144.8729
    1793    1148.0260
    1794    1157.8728
    1795    1170.9175
    1796    1184.4296
    1797    1197.2690
    1798    1210.0790
    1799    1224.8050
    1800    1243.7161
    1801    1268.2624
    1802    1298.1571
    1803    1331.0192
    1804    1362.7326
    1805    1388.4391
    1806    1403.8573
    1807    1406.5009
    1808    1396.4160
    1809    1376.2009
    1810    1350.3263
    1811    1324.0447
    1812    1302.2748
    1813    1288.4997
    1814    1283.2995
    1815    1283.1883
    1816    1281.9435
    1817    1274.2639
    1818    1258.5522
    1819    1237.2159
    1820    1215.2504
    1821    1198.1836
    1822    1190.1377
    1823    1192.5514
    1824    1203.8764
    1825    1220.2678
    1826    1237.0179
    1827    1250.2803
    1828    1258.4910
    1829    1262.9420
    1830    1267.2344
    1831    1275.7804
    1832    1291.9043
    1833    1316.2737
    1834    1346.2736
    1835    1376.5745
    1836    1400.6825
    1837    1412.9091
    1838    1410.0693
    1839    1392.3591
    1840    1363.1491
    1841    1327.8148
    1842    1292.0404
    1843    1260.2150
    1844    1234.4801
    1845    1214.7062
    1846    1199.2883
    1847    1186.3697
    1848    1174.9620
    1849    1165.5436
    1850    1159.9574
    1851    1160.6903
    1852    1169.7869
    1853    1187.7935
    1854    1213.1863
    1855    1242.6294
    1856    1271.9330
    1857    1297.1688
    1858    1315.4807
    1859    1325.4575
    1860    1327.1918
    1861    1322.1715
    1862    1312.9960
    1863    1302.8517
    1864    1294.7861
    1865    1290.9837
    1866    1292.3025
    1867    1298.2210
    1868    1307.1845
    1869    1317.1849
    1870    1326.3487
    1871    1333.3785
    1872    1337.7520
    1873    1339.6620
    1874    1339.7248
    1875    1338.5397
    1876    1336.2315
    1877    1332.1600
    1878    1324.9286
    1879    1312.7478
    1880    1294.0813
    1881    1268.3990
    1882    1236.7999
    1883    1202.2431
    1884    1169.2108
    1885    1142.7956
    1886    1127.4343
    1887    1125.6913
    1888    1137.5123
    1889    1160.1802
    1890    1188.9531
    1891    1218.2085
    1892    1242.8599
    1893    1259.6657
    1894    1267.9592
    1895    1269.4929
    1896    1267.4810
    1897    1265.2716
    1898    1265.1931
    1899    1267.9531
    1900    1272.7028
    1901    1277.6003
    1902    1280.5916
    1903    1280.1507
    1904    1275.8037
    1905    1268.3189
    1906    1259.4962
    1907    1251.6215
    1908    1246.7903
    1909    1246.3185
    1910    1250.3825
    1911    1257.9249
    1912    1266.7908
    1913    1274.0869
    1914    1276.7535
    1915    1272.3039
    1916    1259.5720
    1917    1239.2245
    1918    1213.8308
    1919    1187.4297
    1920    1164.6517
    1921    1149.5957
    1922    1144.7307
    1923    1150.1505
    1924    1163.4731
    1925    1180.4928
    1926    1196.4243
    1927    1207.3398
    1928    1211.3149
    1929    1208.8994
    1930    1202.7818
    1931    1196.7640
    1932    1194.3948
    1933    1197.7019
    1934    1206.4466
    1935    1218.1592
    1936    1228.9585
    1937    1234.8972
    1938    1233.3841
    1939    1224.1926
    1940    1209.7027
    1941    1194.2853
    1942    1183.0149
    1943    1180.1192
    1944    1187.6867
    1945    1205.0615
    1946    1229.1093
    1947    1255.2251
    1948    1278.7014
    1949    1295.9639
    1950    1305.2905
    1951    1306.8749
    1952    1302.3709
    1953    1294.1984
    1954    1284.8881
    1955    1276.6309
    1956    1271.0267
    1957    1268.9625
    1958    1270.5471
    1959    1275.0948
    1960    1281.1963
    1961    1286.9242
    1962    1290.2033
    1963    1289.3110
    1964    1283.3762
    1965    1272.6757
    1966    1258.5746
    1967    1243.0945
    1968    1228.2585
    1969    1215.4570
    1970    1205.0890
    1971    1196.6203
    1972    1189.0449
    1973    1181.5768
    1974    1174.2983
    1975    1168.5037
    1976    1166.5276
    1977    1171.0117
    1978    1183.7919
    1979    1204.8380
    1980    1231.7045
    1981    1259.7682
    1982    1283.2294
    1983    1296.6287
    1984    1296.4575
    1985    1282.3367
    1986    1257.3200
    1987    1227.1502
    1988    1198.6813
    1989    1177.9551
    1990    1168.4674
    1991    1170.0921
    1992    1179.1403
    1993    1189.8990
    1994    1197.2620
    1995    1199.1765
    1996    1197.5897
    1997    1197.5007
    1998    1204.6728
    1999    1223.0407
    2000    1252.8264
