#Frame              T
       1    2992.3670
       2    2859.7547
       3    2635.3948
       4    2372.7087
       5    2128.9065
       6    1947.8186
       7    1847.6838
       8    1818.0256
       9    1826.3816
      10    1832.0175
      11    1801.5672
      12    1721.2683
      13    1601.8386
      14    1474.5582
      15    1380.0598
      16    1353.7938
      17    1413.1977
      18    1550.9022
      19    1736.1964
      20    1924.2001
      21    2069.5474
      22    2139.9310
      23    2125.1062
      24    2038.6982
      25    1912.5962
      26    1786.0842
      27    1693.5439
      28    1654.8298
      29    1671.0918
      30    1726.7052
      31    1796.0729
      32    1852.7494
      33    1877.8304
      34    1865.0755
      35    1821.5591
      36    1764.1754
      37    1713.5014
      38    1687.1465
      39    1694.5975
      40    1734.7896
      41    1796.7743
      42    1863.0677
      43    1914.6213
      44    1935.9857
      45    1919.2807
      46    1866.0276
      47    1786.5308
      48    1697.1185
      49    1615.9768
      50    1558.5749
      51    1533.7493
      52    1541.3761
      53    1572.2989
      54    1610.7705
      55    1638.9988
      56    1642.6254
      57    1615.4716
      58    1561.9422
      59    1496.1453
      60    1437.7947
      61    1406.0038
      62    1412.9358
      63    1459.5018
      64    1534.6453
      65    1618.5472
      66    1688.7785
      67    1727.4041
      68    1726.6312
      69    1691.0011
      70    1635.2824
      71    1578.8150
      72    1538.4336
      73    1522.6463
      74    1529.1667
      75    1546.5610
      76    1559.1482
      77    1553.1492
      78    1521.8242
      79    1467.9060
      80    1402.6683
      81    1342.1449
      82    1301.9181
      83    1292.2439
      84    1315.0042
      85    1363.3488
      86    1424.0759
      87    1481.9117
      88    1524.1251
      89    1543.8929
      90    1541.5285
      91    1523.5512
      92    1500.1525
      93    1481.8878
      94    1476.5524
      95    1487.0541
      96    1510.8040
      97    1540.7124
      98    1567.4664
      99    1582.4451
     100    1580.4807
     101    1561.6624
     102    1531.5327
     103    1499.5307
     104    1476.1344
     105    1469.5766
     106    1483.1091
     107    1513.6242
     108    1552.1319
     109    1586.1363
     110    1603.3333
     111    1595.5263
     112    1561.4894
     113    1507.7991
     114    1447.2488
     115    1395.2499
     116    1365.2962
     117    1364.8903
     118    1393.2240
     119    1441.3879
     120    1495.0965
     121    1539.0620
     122    1561.6202
     123    1558.1670
     124    1532.3622
     125    1494.7228
     126    1459.0157
     127    1437.5831
     128    1437.1109
     129    1456.2516
     130    1485.9506
     131    1512.4897
     132    1522.2976
     133    1506.9112
     134    1466.3429
     135    1409.6356
     136    1352.3366
     137    1311.6814
     138    1301.0723
     139    1325.6901
     140    1380.6994
     141    1452.6548
     142    1523.6531
     143    1576.8711
     144    1601.6690
     145    1596.6046
     146    1569.4241
     147    1534.0966
     148    1505.8976
     149    1496.1674
     150    1508.4640
     151    1537.3792
     152    1570.4070
     153    1592.2400
     154    1590.0615
     155    1558.0395
     156    1499.5168
     157    1426.1798
     158    1354.5046
     159    1300.6526
     160    1275.4826
     161    1281.2646
     162    1311.1529
     163    1351.6061
     164    1386.9932
     165    1404.8508
     166    1400.0151
     167    1376.2502
     168    1344.8611
     169    1320.7869
     170    1317.4961
     171    1342.3637
     172    1394.0399
     173    1462.6615
     174    1532.8330
     175    1588.3948
     176    1617.4221
     177    1615.8268
     178    1588.3928
     179    1546.9178
     180    1506.0784
     181    1478.3900
     182    1469.9535
     183    1478.4458
     184    1494.0801
     185    1503.2555
     186    1493.6653
     187    1459.0818
     188    1402.1126
     189    1333.9118
     190    1270.9220
     191    1229.7762
     192    1222.0889
     193    1250.8584
     194    1309.6077
     195    1384.4581
     196    1458.3779
     197    1516.1711
     198    1548.6058
     199    1554.4533
     200    1539.9612
     201    1516.1212
     202    1494.7484
     203    1484.6869
     204    1489.3101
     205    1505.9841
     206    1527.4784
     207    1544.6731
     208    1549.5712
     209    1537.6806
     210    1509.1872
     211    1468.7729
     212    1424.2850
     213    1384.6786
     214    1357.7530
     215    1348.1975
     216    1356.3381
     217    1377.8275
     218    1404.4010
     219    1425.7022
     220    1431.9412
     221    1416.8131
     222    1379.8304
     223    1327.2306
     224    1270.9314
     225    1225.6043
     226    1204.5837
     227    1215.7910
     228    1258.9825
     229    1325.3759
     230    1400.0549
     231    1466.5346
     232    1511.9137
     233    1530.7680
     234    1526.4436
     235    1509.3620
     236    1492.9397
     237    1488.5168
     238    1501.0346
     239    1526.9923
     240    1555.4645
     241    1571.9023
     242    1563.4593
     243    1524.0284
     244    1457.2045
     245    1376.0557
     246    1299.5921
     247    1246.9716
     248    1231.3321
     249    1255.3902
     250    1310.4247
     251    1379.0818
     252    1441.0726
     253    1479.8054
     254    1487.6884
     255    1468.3203
     256    1434.8552
     257    1405.1102
     258    1395.0839
     259    1413.1116
     260    1456.6927
     261    1513.1133
     262    1563.6683
     263    1590.0475
     264    1580.7178
     265    1535.1364
     266    1464.3407
     267    1387.6599
     268    1326.5650
     269    1297.6925
     270    1307.4069
     271    1349.8030
     272    1408.8053
     273    1463.5503
     274    1495.1490
     275    1492.6124
     276    1456.1719
     277    1397.1374
     278    1334.3629
     279    1288.0912
     280    1272.7990
     281    1291.9166
     282    1337.1782
     283    1392.6070
     284    1440.5744
     285    1467.4317
     286    1467.2659
     287    1442.9677
     288    1404.4966
     289    1365.1255
     290    1337.0898
     291    1328.0849
     292    1339.5382
     293    1366.9116
     294    1401.6991
     295    1434.3533
     296    1457.1593
     297    1466.1490
     298    1461.5313
     299    1446.6940
     300    1426.4638
     301    1405.5682
     302    1387.8615
     303    1376.1670
     304    1372.2681
     305    1376.7427
     306    1388.6391
     307    1405.2215
     308    1422.1048
     309    1434.0070
     310    1436.1343
     311    1425.8603
     312    1404.1001
     313    1375.7346
     314    1348.6861
     315    1331.7666
     316    1331.9135
     317    1351.6987
     318    1387.9491
     319    1432.0726
     320    1472.2281
     321    1496.8462
     322    1498.4255
     323    1476.2969
     324    1437.3231
     325    1394.1477
     326    1361.4096
     327    1351.0076
     328    1367.8737
     329    1407.7258
     330    1457.8227
     331    1500.7735
     332    1520.2481
     333    1506.5900
     334    1460.2822
     335    1392.0449
     336    1319.5343
     337    1261.7045
     338    1232.6381
     339    1237.0032
     340    1268.8627
     341    1314.2798
     342    1356.5512
     343    1381.9767
     344    1384.1619
     345    1365.6008
     346    1336.2269
     347    1309.5660
     348    1297.8632
     349    1307.8564
     350    1338.6094
     351    1382.0464
     352    1425.8771
     353    1457.8043
     354    1469.5093
     355    1459.1069
     356    1431.3581
     357    1395.7106
     358    1362.9284
     359    1341.4792
     360    1334.8965
     361    1341.0002
     362    1353.1561
     363    1363.0281
     364    1363.7604
     365    1352.4786
     366    1331.2922
     367    1306.5098
     368    1286.3700
     369    1278.0590
     370    1285.0550
     371    1305.7650
     372    1334.0257
     373    1361.3452
     374    1380.0220
     375    1385.8862
     376    1379.5748
     377    1365.9159
     378    1351.7948
     379    1343.4419
     380    1344.2044
     381    1353.5674
     382    1367.6836
     383    1381.1198
     384    1389.1391
     385    1389.6695
     386    1384.2418
     387    1377.5300
     388    1375.6037
     389    1383.5101
     390    1403.1538
     391    1432.3630
     392    1465.4711
     393    1495.0604
     394    1514.1479
     395    1518.1255
     396    1505.9568
     397    1480.3638
     398    1446.9982
     399    1412.8588
     400    1384.4082
     401    1365.9050
     402    1358.3971
     403    1359.6474
     404    1365.0172
     405    1369.0610
     406    1367.3887
     407    1358.2245
     408    1343.1537
     409    1326.7580
     410    1315.1750
     411    1314.0061
     412    1326.2896
     413    1351.2648
     414    1384.2838
     415    1417.8075
     416    1443.2887
     417    1453.6701
     418    1445.7689
     419    1421.5000
     420    1387.3370
     421    1352.2712
     422    1325.0353
     423    1311.5174
     424    1313.1575
     425    1326.7849
     426    1345.9002
     427    1362.9684
     428    1371.9768
     429    1370.4415
     430    1360.2151
     431    1346.8273
     432    1337.5571
     433    1338.8270
     434    1353.7526
     435    1380.6905
     436    1413.3549
     437    1442.5861
     438    1459.2462
     439    1457.2706
     440    1435.8056
     441    1399.6518
     442    1357.8239
     443    1320.6812
     444    1296.5845
     445    1289.2107
     446    1296.4608
     447    1311.3571
     448    1324.6427
     449    1328.1832
     450    1317.9796
     451    1295.7475
     452    1268.5007
     453    1246.2685
     454    1238.6523
     455    1251.3350
     456    1283.7303
     457    1328.6803
     458    1374.4336
     459    1408.3065
     460    1420.7876
     461    1408.6557
     462    1376.0261
     463    1332.9587
     464    1292.1121
     465    1264.6215
     466    1256.6411
     467    1267.7146
     468    1291.4475
     469    1318.1287
     470    1338.2889
     471    1345.9843
     472    1340.7330
     473    1327.4218
     474    1314.1312
     475    1308.6432
     476    1315.0648
     477    1332.0421
     478    1353.3320
     479    1370.3824
     480    1375.7405
     481    1365.8623
     482    1342.2440
     483    1310.5745
     484    1278.5493
     485    1253.5840
     486    1241.1185
     487    1242.7253
     488    1254.2635
     489    1267.6573
     490    1276.2009
     491    1278.0629
     492    1276.0894
     493    1275.5810
     494    1281.5652
     495    1296.4807
     496    1318.9831
     497    1344.2697
     498    1365.8074
     499    1377.8091
     500    1377.4742
     501    1366.0888
     502    1348.5065
     503    1331.1963
     504    1319.6275
     505    1316.0684
     506    1318.7353
     507    1322.7124
     508    1322.3014
     509    1313.8027
     510    1297.5162
     511    1278.1065
     512    1263.1352
     513    1260.2396
     514    1273.9312
     515    1303.2489
     516    1341.3225
     517    1377.2875
     518    1400.0264
     519    1402.3350
     520    1383.7893
     521    1351.0427
     522    1315.3575
     523    1288.3249
     524    1277.4434
     525    1283.2878
     526    1299.3767
     527    1314.8014
     528    1318.6254
     529    1304.3734
     530    1272.8850
     531    1232.4262
     532    1195.9683
     533    1176.6061
     534    1182.7956
     535    1215.1588
     536    1266.0097
     537    1321.7721
     538    1367.4410
     539    1391.5131
     540    1389.6501
     541    1365.7942
     542    1330.3940
     543    1296.4435
     544    1274.7845
     545    1270.3356
     546    1280.5655
     547    1296.7378
     548    1307.4718
     549    1303.3080
     550    1280.5553
     551    1242.9712
     552    1200.6602
     553    1166.6007
     554    1152.0520
     555    1162.4524
     556    1195.3027
     557    1240.9017
     558    1285.7556
     559    1317.3403
     560    1328.3269
     561    1318.7182
     562    1295.3265
     563    1269.0115
     564    1250.8039
     565    1248.2530
     566    1263.1024
     567    1290.8658
     568    1322.3622
     569    1346.8289
     570    1355.6785
     571    1345.4948
     572    1318.9878
     573    1283.6678
     574    1249.1994
     575    1224.6171
     576    1216.0021
     577    1224.9135
     578    1247.9715
     579    1277.8251
     580    1305.3147
     581    1322.2174
     582    1323.7202
     583    1309.8283
     584    1285.3056
     585    1258.2937
     586    1238.0500
     587    1232.3375
     588    1245.0998
     589    1275.1112
     590    1316.1074
     591    1358.4309
     592    1391.7394
     593    1407.9777
     594    1403.7324
     595    1381.2573
     596    1347.8351
     597    1313.6497
     598    1288.7941
     599    1280.2884
     600    1289.9831
     601    1313.9804
     602    1343.7971
     603    1368.9845
     604    1380.4248
     605    1373.2665
     606    1348.5379
     607    1312.9040
     608    1276.6228
     609    1250.3393
     610    1241.7043
     611    1252.8697
     612    1279.6702
     613    1312.8109
     614    1340.7303
     615    1353.2331
     616    1344.7150
     617    1315.9648
     618    1273.9834
     619    1229.8733
     620    1195.4541
     621    1179.6729
     622    1185.9241
     623    1211.1016
     624    1246.6533
     625    1281.2889
     626    1304.4861
     627    1309.7113
     628    1296.3857
     629    1270.0240
     630    1240.4630
     631    1218.5831
     632    1212.4444
     633    1224.3016
     634    1249.9275
     635    1280.4707
     636    1305.7670
     637    1317.7642
     638    1313.0339
     639    1293.6912
     640    1266.5011
     641    1240.5395
     642    1224.2414
     643    1222.7842
     644    1236.5445
     645    1261.0231
     646    1288.2353
     647    1309.1778
     648    1316.6307
     649    1307.4061
     650    1283.3095
     651    1250.5316
     652    1217.7206
     653    1193.3797
     654    1183.3792
     655    1189.2925
     656    1208.0257
     657    1232.8632
     658    1255.6400
     659    1269.3748
     660    1270.5271
     661    1260.1559
     662    1243.6030
     663    1228.8145
     664    1223.8336
     665    1234.2615
     666    1261.4519
     667    1301.9585
     668    1348.3535
     669    1391.1425
     670    1421.1967
     671    1432.0073
     672    1421.1549
     673    1390.6645
     674    1346.2436
     675    1295.6770
     676    1246.8253
     677    1205.7401
     678    1175.4111
     679    1155.5235
     680    1143.2999
     681    1135.0923
     682    1128.0978
     683    1121.5604
     684    1117.0642
     685    1117.8884
     686    1127.7003
     687    1149.0724
     688    1182.2941
     689    1224.7923
     690    1271.2822
     691    1314.6607
     692    1347.5587
     693    1364.2351
     694    1362.1922
     695    1342.9311
     696    1311.5724
     697    1275.4975
     698    1242.4391
     699    1218.5705
     700    1207.0881
     701    1207.6382
     702    1216.7191
     703    1228.9564
     704    1238.8993
     705    1242.8277
     706    1240.0055
     707    1232.9523
     708    1226.5955
     709    1226.5385
     710    1236.9697
     711    1258.8866
     712    1289.2461
     713    1321.4249
     714    1346.9686
     715    1358.1678
     716    1350.6446
     717    1325.0561
     718    1287.2706
     719    1246.8742
     720    1214.4325
     721    1198.3661
     722    1202.4252
     723    1224.5770
     724    1257.6796
     725    1291.7764
     726    1317.2992
     727    1328.1522
     728    1323.6258
     729    1308.4763
     730    1291.1224
     731    1280.5659
     732    1283.1082
     733    1300.0315
     734    1327.0620
     735    1355.7622
     736    1376.3060
     737    1380.6475
     738    1365.0830
     739    1331.4650
     740    1286.7640
     741    1241.1069
     742    1204.8529
     743    1185.5848
     744    1185.9618
     745    1203.1057
     746    1229.6954
     747    1256.3865
     748    1274.7599
     749    1279.8651
     750    1271.5792
     751    1254.3861
     752    1235.6647
     753    1223.0545
     754    1221.7941
     755    1232.9538
     756    1253.1718
     757    1275.9509
     758    1293.9963
     759    1301.7372
     760    1297.1618
     761    1282.3919
     762    1262.8696
     763    1245.4919
     764    1236.3437
     765    1238.7597
     766    1252.3173
     767    1273.0286
     768    1294.6259
     769    1310.4938
     770    1315.6487
     771    1308.1756
     772    1289.7178
     773    1264.9018
     774    1239.8961
     775    1220.5699
     776    1210.8346
     777    1211.6490
     778    1220.9458
     779    1234.4528
     780    1247.1436
     781    1254.8742
     782    1255.6935
     783    1250.3882
     784    1242.0647
     785    1234.9136
     786    1232.6243
     787    1237.0301
     788    1247.4640
     789    1261.0039
     790    1273.4615
     791    1280.7205
     792    1279.9448
     793    1270.2799
     794    1252.9000
     795    1230.5190
     796    1206.6475
     797    1184.8794
     798    1168.3482
     799    1159.3729
     800    1159.2610
     801    1168.2453
     802    1185.5376
     803    1209.4612
     804    1237.6175
     805    1267.0752
     806    1294.6588
     807    1317.3804
     808    1332.9556
     809    1340.2451
     810    1339.4725
     811    1332.1431
     812    1320.6558
     813    1307.6549
     814    1295.2716
     815    1284.5004
     816    1274.9784
     817    1265.2918
     818    1253.7256
     819    1239.1872
     820    1221.9739
     821    1204.0753
     822    1188.7911
     823    1179.6779
     824    1179.1147
     825    1187.0718
     826    1200.6979
     827    1215.0407
     828    1224.7215
     829    1225.9205
     830    1217.8257
     831    1202.9443
     832    1186.2683
     833    1173.7432
     834    1170.5215
     835    1179.3605
     836    1199.5609
     837    1226.9031
     838    1254.7636
     839    1276.1265
     840    1285.8098
     841    1282.1182
     842    1267.3263
     843    1246.8019
     844    1227.0796
     845    1213.5760
     846    1208.7868
     847    1211.6130
     848    1218.0513
     849    1222.9486
     850    1222.0852
     851    1213.7636
     852    1199.3773
     853    1182.8586
     854    1169.2681
     855    1163.0443
     856    1166.5591
     857    1179.5386
     858    1199.5458
     859    1223.2341
     860    1247.7699
     861    1271.7495
     862    1295.1845
     863    1318.5741
     864    1341.5961
     865    1362.2079
     866    1376.7706
     867    1381.2383
     868    1372.8825
     869    1351.7557
     870    1321.2199
     871    1287.2583
     872    1256.7612
     873    1235.3355
     874    1225.4040
     875    1225.3236
     876    1229.9490
     877    1232.5123
     878    1227.1750
     879    1211.3778
     880    1187.1431
     881    1160.7507
     882    1140.7040
     883    1134.5953
     884    1146.0206
     885    1172.7548
     886    1206.9840
     887    1237.6228
     888    1253.9569
     889    1249.3396
     890    1223.6060
     891    1183.3360
     892    1139.8393
     893    1105.5162
     894    1089.8024
     895    1096.0812
     896    1120.6696
     897    1154.2906
     898    1185.5310
     899    1205.0514
     900    1209.0071
     901    1200.4236
     902    1187.9851
     903    1182.6672
     904    1193.4742
     905    1223.9120
     906    1270.5459
     907    1324.1233
     908    1372.7364
     909    1405.8047
     910    1417.4627
     911    1408.2515
     912    1384.6111
     913    1356.3773
     914    1333.1337
     915    1320.7090
     916    1319.0861
     917    1322.5154
     918    1321.7976
     919    1307.9049
     920    1275.5881
     921    1225.6598
     922    1165.1306
     923    1105.1949
     924    1057.8434
     925    1032.2971
     926    1032.3874
     927    1055.6431
     928    1094.3535
     929    1138.2816
     930    1178.0717
     931    1208.0757
     932    1227.5670
     933    1240.0061
     934    1250.7967
     935    1264.5011
     936    1282.6285
     937    1302.8180
     938    1319.7106
     939    1327.1684
     940    1320.9958
     941    1301.0754
     942    1271.9733
     943    1241.6598
     944    1218.8052
     945    1209.7570
     946    1216.4240
     947    1235.8908
     948    1261.8376
     949    1287.1291
     950    1306.5155
     951    1318.3807
     952    1324.8964
     953    1330.5590
     954    1339.7577
     955    1354.4036
     956    1372.6498
     957    1389.2361
     958    1397.3109
     959    1390.9838
     960    1367.5990
     961    1328.8844
     962    1280.6211
     963    1231.0318
     964    1188.5292
     965    1159.5965
     966    1147.3971
     967    1151.4083
     968    1168.1150
     969    1192.5318
     970    1219.9437
     971    1247.1386
     972    1272.7033
     973    1296.4562
     974    1318.4123
     975    1337.8239
     976    1352.7638
     977    1360.4622
     978    1358.2650
     979    1344.7618
     980    1320.5717
     981    1288.4305
     982    1252.5857
     983    1217.8330
     984    1188.6298
     985    1168.5296
     986    1159.8658
     987    1163.4286
     988    1178.0982
     989    1200.8468
     990    1227.5124
     991    1254.0624
     992    1277.6646
     993    1297.1779
     994    1313.0315
     995    1326.5957
     996    1339.2525
     997    1351.4968
     998    1362.4258
     999    1369.7934
    1000    1370.6690
    1001    1362.1721
    1002    1342.8928
    1003    1313.4820
    1004    1277.0221
    1005    1238.6742
    1006    1204.6936
    1007    1181.0036
    1008    1171.6674
    1009    1177.6640
    1010    1196.3661
    1011    1221.9574
    1012    1246.7878
    1013    1263.4034
    1014    1266.7501
    1015    1255.8639
    1016    1234.3942
    1017    1209.6248
    1018    1190.1922
    1019    1183.2124
    1020    1191.7750
    1021    1213.6805
    1022    1241.9141
    1023    1266.7495
    1024    1278.8444
    1025    1272.3456
    1026    1247.0259
    1027    1208.7419
    1028    1167.9906
    1029    1136.8875
    1030    1125.3968
    1031    1137.9599
    1032    1171.6405
    1033    1216.5181
    1034    1258.3896
    1035    1283.0882
    1036    1281.0956
    1037    1250.8959
    1038    1199.8460
    1039    1142.1301
    1040    1094.3853
    1041    1070.3883
    1042    1076.5431
    1043    1109.6773
    1044    1157.9341
    1045    1204.5488
    1046    1233.3298
    1047    1234.0468
    1048    1205.9065
    1049    1157.9256
    1050    1106.0426
    1051    1067.9190
    1052    1057.1419
    1053    1078.7534
    1054    1127.6068
    1055    1190.1084
    1056    1248.7459
    1057    1287.8538
    1058    1298.6585
    1059    1281.9109
    1060    1247.2716
    1061    1209.7170
    1062    1184.2670
    1063    1180.8935
    1064    1201.3382
    1065    1238.8496
    1066    1280.7996
    1067    1313.1654
    1068    1325.2770
    1069    1313.2329
    1070    1280.9206
    1071    1238.4485
    1072    1198.6632
    1073    1172.9998
    1074    1168.0528
    1075    1183.9202
    1076    1214.7295
    1077    1250.9735
    1078    1282.7187
    1079    1302.5662
    1080    1307.4788
    1081    1299.0733
    1082    1282.5047
    1083    1264.4559
    1084    1250.9514
    1085    1245.6509
    1086    1249.0521
    1087    1258.7055
    1088    1270.2322
    1089    1278.7263
    1090    1280.0780
    1091    1271.8671
    1092    1253.7255
    1093    1227.2716
    1094    1195.7811
    1095    1163.7003
    1096    1136.0086
    1097    1117.3825
    1098    1111.1901
    1099    1118.5136
    1100    1137.5219
    1101    1163.5566
    1102    1190.1032
    1103    1210.5110
    1104    1219.9982
    1105    1217.2668
    1106    1205.1102
    1107    1189.6724
    1108    1178.4822
    1109    1177.8513
    1110    1190.5427
    1111    1214.5547
    1112    1243.5109
    1113    1268.5859
    1114    1281.3869
    1115    1276.8338
    1116    1255.0149
    1117    1221.3167
    1118    1184.7829
    1119    1155.2651
    1120    1140.2667
    1121    1142.4520
    1122    1158.6422
    1123    1180.7195
    1124    1198.2443
    1125    1201.9778
    1126    1187.1350
    1127    1155.2489
    1128    1113.9538
    1129    1074.6913
    1130    1049.0547
    1131    1044.9775
    1132    1064.0744
    1133    1101.0999
    1134    1145.7560
    1135    1186.2363
    1136    1213.2437
    1137    1223.0284
    1138    1218.3570
    1139    1207.0681
    1140    1198.7496
    1141    1200.7783
    1142    1215.2134
    1143    1237.7408
    1144    1259.1087
    1145    1268.5565
    1146    1257.9565
    1147    1225.1182
    1148    1174.9895
    1149    1118.3040
    1150    1068.1642
    1151    1035.8088
    1152    1027.0876
    1153    1040.8958
    1154    1070.0851
    1155    1104.4102
    1156    1134.3271
    1157    1154.1974
    1158    1163.7492
    1159    1167.3586
    1160    1171.5844
    1161    1182.0421
    1162    1200.8700
    1163    1225.7160
    1164    1250.5356
    1165    1267.8270
    1166    1271.4164
    1167    1258.7424
    1168    1231.8442
    1169    1196.7754
    1170    1161.7438
    1171    1134.6740
    1172    1121.0290
    1173    1122.5438
    1174    1137.1454
    1175    1159.9398
    1176    1184.8447
    1177    1206.3051
    1178    1220.5708
    1179    1226.2618
    1180    1224.2139
    1181    1216.8223
    1182    1207.1683
    1183    1198.1674
    1184    1191.8795
    1185    1189.0483
    1186    1188.9078
    1187    1189.3581
    1188    1187.5746
    1189    1181.0075
    1190    1168.5145
    1191    1151.2393
    1192    1132.8168
    1193    1118.6806
    1194    1114.5684
    1195    1124.6691
    1196    1150.0450
    1197    1187.9310
    1198    1232.2596
    1199    1275.2576
    1200    1309.4382
    1201    1329.1985
    1202    1331.8329
    1203    1318.1697
    1204    1292.6411
    1205    1262.3524
    1206    1235.0978
    1207    1216.8503
    1208    1209.7304
    1209    1211.4091
    1210    1216.2330
    1211    1217.6004
    1212    1210.7607
    1213    1195.0859
    1214    1174.9010
    1215    1158.2923
    1216    1154.1057
    1217    1168.3004
    1218    1201.2907
    1219    1247.3373
    1220    1295.9936
    1221    1334.9737
    1222    1353.6424
    1223    1346.1739
    1224    1313.3240
    1225    1262.1478
    1226    1203.8149
    1227    1150.3905
    1228    1111.6118
    1229    1092.3713
    1230    1091.4951
    1231    1102.6141
    1232    1117.2218
    1233    1128.3516
    1234    1133.0012
    1235    1132.5878
    1236    1131.6863
    1237    1135.7184
    1238    1148.4416
    1239    1170.1338
    1240    1197.0963
    1241    1222.6211
    1242    1239.0443
    1243    1240.2147
    1244    1223.6219
    1245    1191.4740
    1246    1150.2340
    1247    1108.6579
    1248    1075.0633
    1249    1054.9063
    1250    1049.5358
    1251    1056.4724
    1252    1070.9817
    1253    1088.2888
    1254    1105.5556
    1255    1122.7622
    1256    1142.0537
    1257    1165.9171
    1258    1195.3068
    1259    1228.7614
    1260    1262.7191
    1261    1292.5988
    1262    1314.1296
    1263    1324.5132
    1264    1323.0627
    1265    1311.0858
    1266    1291.0730
    1267    1265.5804
    1268    1236.3830
    1269    1204.3344
    1270    1169.9846
    1271    1134.5773
    1272    1100.8510
    1273    1073.1466
    1274    1056.6113
    1275    1055.6741
    1276    1072.3148
    1277    1104.8054
    1278    1147.5264
    1279    1192.1060
    1280    1229.6415
    1281    1253.3079
    1282    1260.4302
    1283    1253.2329
    1284    1237.9292
    1285    1222.4189
    1286    1213.3917
    1287    1213.8422
    1288    1221.9031
    1289    1231.5538
    1290    1235.1521
    1291    1226.8016
    1292    1204.7795
    1293    1171.9995
    1294    1135.2789
    1295    1103.9624
    1296    1087.3019
    1297    1091.0209
    1298    1114.8051
    1299    1152.0688
    1300    1192.1256
    1301    1223.8551
    1302    1239.4463
    1303    1236.8435
    1304    1220.0480
    1305    1197.2188
    1306    1177.3561
    1307    1166.9388
    1308    1167.8577
    1309    1177.2997
    1310    1189.3015
    1311    1197.1726
    1312    1196.0721
    1313    1185.1014
    1314    1168.0159
    1315    1151.9553
    1316    1144.5963
    1317    1150.9438
    1318    1171.2035
    1319    1200.7144
    1320    1231.8454
    1321    1256.8041
    1322    1270.1177
    1323    1269.9539
    1324    1258.0517
    1325    1238.5486
    1326    1216.2925
    1327    1195.2889
    1328    1177.7604
    1329    1164.0345
    1330    1153.1551
    1331    1143.8375
    1332    1135.3007
    1333    1127.6190
    1334    1121.5391
    1335    1118.0052
    1336    1117.7495
    1337    1121.1870
    1338    1128.5989
    1339    1140.3654
    1340    1156.9757
    1341    1178.6829
    1342    1204.8926
    1343    1233.5720
    1344    1261.0172
    1345    1282.2620
    1346    1292.1757
    1347    1286.9951
    1348    1265.7892
    1349    1231.2750
    1350    1189.5527
    1351    1148.6751
    1352    1116.3798
    1353    1097.6944
    1354    1093.3061
    1355    1099.4343
    1356    1109.3945
    1357    1116.2855
    1358    1115.6944
    1359    1107.3459
    1360    1095.1350
    1361    1085.6449
    1362    1085.6623
    1363    1099.4843
    1364    1126.9387
    1365    1162.9142
    1366    1198.6842
    1367    1224.6054
    1368    1233.2525
    1369    1221.8732
    1370    1193.3150
    1371    1155.1371
    1372    1117.2619
    1373    1088.9984
    1374    1076.4121
    1375    1080.8412
    1376    1098.9491
    1377    1124.2094
    1378    1149.2550
    1379    1168.2757
    1380    1178.6838
    1381    1181.5483
    1382    1180.7311
    1383    1181.1048
    1384    1186.5230
    1385    1198.3023
    1386    1214.7538
    1387    1231.8656
    1388    1244.7724
    1389    1249.3924
    1390    1243.6586
    1391    1227.9870
    1392    1204.9622
    1393    1178.4825
    1394    1152.7420
    1395    1131.3819
    1396    1116.9665
    1397    1110.7551
    1398    1112.6828
    1399    1121.4862
    1400    1134.9378
    1401    1150.1547
    1402    1163.9934
    1403    1173.6166
    1404    1177.1910
    1405    1174.5188
    1406    1167.3048
    1407    1158.8727
    1408    1153.3513
    1409    1154.4721
    1410    1164.2049
    1411    1181.6228
    1412    1202.5284
    1413    1220.2405
    1414    1227.5032
    1415    1218.9680
    1416    1193.3739
    1417    1154.5688
    1418    1110.8615
    1419    1072.7605
    1420    1049.7442
    1421    1047.1314
    1422    1064.1784
    1423    1094.1670
    1424    1126.5547
    1425    1150.4831
    1426    1158.4340
    1427    1148.7922
    1428    1126.5040
    1429    1101.6022
    1430    1085.9489
    1431    1089.1038
    1432    1114.6977
    1433    1158.7035
    1434    1210.3371
    1435    1255.2548
    1436    1279.9562
    1437    1276.0249
    1438    1242.9162
    1439    1188.3641
    1440    1126.1826
    1441    1072.0927
    1442    1038.9097
    1443    1032.6732
    1444    1051.0235
    1445    1084.3755
    1446    1119.4745
    1447    1144.0803
    1448    1151.1273
    1449    1140.8984
    1450    1120.4882
    1451    1100.8301
    1452    1092.4431
    1453    1101.5086
    1454    1127.7098
    1455    1164.5426
    1456    1201.8523
    1457    1229.5178
    1458    1240.8254
    1459    1234.3543
    1460    1213.9620
    1461    1187.1485
    1462    1162.4128
    1463    1146.4315
    1464    1142.0335
    1465    1147.6891
    1466    1158.5951
    1467    1168.7980
    1468    1173.4356
    1469    1170.2678
    1470    1160.0400
    1471    1145.7254
    1472    1131.0852
    1473    1119.1896
    1474    1111.4943
    1475    1107.7460
    1476    1106.5984
    1477    1106.5449
    1478    1106.7269
    1479    1107.2712
    1480    1109.0371
    1481    1112.9257
    1482    1119.1145
    1483    1126.6629
    1484    1133.7794
    1485    1138.7258
    1486    1140.9490
    1487    1141.8144
    1488    1144.4165
    1489    1152.3746
    1490    1167.9942
    1491    1190.5578
    1492    1215.5683
    1493    1235.5168
    1494    1242.1536
    1495    1229.5285
    1496    1196.6346
    1497    1148.5460
    1498    1095.4539
    1499    1049.7581
    1500    1022.1226
    1501    1017.8490
    1502    1034.9011
    1503    1064.3791
    1504    1093.4348
    1505    1109.7240
    1506    1105.8832
    1507    1082.4046
    1508    1047.7942
    1509    1015.8332
    1510    1000.8159
    1511    1012.3761
    1512    1051.7217
    1513    1110.6699
    1514    1173.9525
    1515    1224.0795
    1516    1247.1265
    1517    1237.4479
    1518    1199.6820
    1519    1147.3271
    1520    1098.3081
    1521    1069.0090
    1522    1068.8042
    1523    1096.9846
    1524    1143.1686
    1525    1191.0435
    1526    1224.0951
    1527    1231.2791
    1528    1210.6694
    1529    1169.9060
    1530    1123.4228
    1531    1087.5201
    1532    1074.9762
    1533    1090.9495
    1534    1131.4286
    1535    1184.6487
    1536    1234.9263
    1537    1267.5808
    1538    1273.2992
    1539    1250.5676
    1540    1205.5565
    1541    1149.7204
    1542    1096.0791
    1543    1055.4436
    1544    1033.7501
    1545    1031.1487
    1546    1042.8850
    1547    1061.4399
    1548    1079.1041
    1549    1090.1880
    1550    1092.3183
    1551    1086.6480
    1552    1077.1071
    1553    1069.0295
    1554    1067.5656
    1555    1076.2783
    1556    1096.2367
    1557    1125.7518
    1558    1160.7164
    1559    1195.4002
    1560    1223.5615
    1561    1239.7682
    1562    1240.7678
    1563    1226.6025
    1564    1201.0592
    1565    1171.1044
    1566    1145.2423
    1567    1131.1314
    1568    1133.1494
    1569    1150.7439
    1570    1178.2787
    1571    1206.6012
    1572    1225.9246
    1573    1229.0738
    1574    1213.9685
    1575    1184.4462
    1576    1149.0755
    1577    1118.2903
    1578    1100.8136
    1579    1100.6576
    1580    1115.7951
    1581    1138.9199
    1582    1159.9730
    1583    1169.5621
    1584    1162.1712
    1585    1138.1161
    1586    1103.5774
    1587    1068.6723
    1588    1044.1713
    1589    1037.9631
    1590    1052.4657
    1591    1083.8585
    1592    1123.3635
    1593    1160.0876
    1594    1184.4204
    1595    1190.8461
    1596    1179.3049
    1597    1154.7774
    1598    1125.3670
    1599    1099.5845
    1600    1083.7544
    1601    1080.3374
    1602    1087.6152
    1603    1100.7119
    1604    1113.5236
    1605    1120.8892
    1606    1120.2850
    1607    1112.4732
    1608    1100.8491
    1609    1089.8189
    1610    1083.1131
    1611    1082.7987
    1612    1089.0612
    1613    1100.4768
    1614    1114.6088
    1615    1128.7654
    1616    1140.6953
    1617    1149.0144
    1618    1153.3103
    1619    1154.0239
    1620    1152.2322
    1621    1149.4161
    1622    1147.2158
    1623    1147.1623
    1624    1150.3416
    1625    1157.0174
    1626    1166.3756
    1627    1176.6070
    1628    1185.3940
    1629    1190.6603
    1630    1191.3373
    1631    1187.8782
    1632    1182.3000
    1633    1177.6498
    1634    1176.9914
    1635    1182.1938
    1636    1192.9455
    1637    1206.4206
    1638    1217.8584
    1639    1221.9824
    1640    1214.8315
    1641    1195.3438
    1642    1166.0686
    1643    1132.6290
    1644    1101.8933
    1645    1079.3439
    1646    1066.8837
    1647    1062.4883
    1648    1061.8514
    1649    1060.8456
    1650    1057.5457
    1651    1053.1743
    1652    1051.7354
    1653    1058.4217
    1654    1077.3035
    1655    1109.2331
    1656    1150.8976
    1657    1195.4492
    1658    1234.4694
    1659    1260.5370
    1660    1269.5071
    1661    1261.7566
    1662    1242.0034
    1663    1217.7714
    1664    1196.8946
    1665    1184.7304
    1666    1182.0700
    1667    1184.8686
    1668    1186.1981
    1669    1179.5369
    1670    1161.8676
    1671    1135.3133
    1672    1106.7335
    1673    1085.4056
    1674    1079.6062
    1675    1093.3448
    1676    1124.4934
    1677    1165.0681
    1678    1203.6472
    1679    1229.1171
    1680    1234.4089
    1681    1218.8640
    1682    1188.3559
    1683    1153.1443
    1684    1124.2423
    1685    1109.5998
    1686    1111.4501
    1687    1125.7777
    1688    1144.1086
    1689    1156.9832
    1690    1157.8069
    1691    1145.5426
    1692    1125.0666
    1693    1105.0558
    1694    1094.5169
    1695    1099.5060
    1696    1121.0321
    1697    1154.5948
    1698    1191.5214
    1699    1221.7845
    1700    1237.3725
    1701    1234.9928
    1702    1217.0640
    1703    1190.5652
    1704    1164.2089
    1705    1145.1738
    1706    1136.6936
    1707    1137.2537
    1708    1141.4811
    1709    1142.3388
    1710    1133.8665
    1711    1113.5192
    1712    1083.2870
    1713    1049.2348
    1714    1019.6210
    1715    1002.3189
    1716    1002.7673
    1717    1023.7395
    1718    1065.9116
    1719    1124.8665
    1720    1187.6252
    1721    1238.7359
    1722    1268.9171
    1723    1276.9436
    1724    1267.5714
    1725    1248.6806
    1726    1228.3072
    1727    1212.0627
    1728    1201.6256
    1729    1194.7458
    1730    1186.6656
    1731    1172.3778
    1732    1148.8848
    1733    1116.6672
    1734    1079.8684
    1735    1045.1471
    1736    1019.6120
    1737    1008.5535
    1738    1013.7563
    1739    1032.9746
    1740    1060.7438
    1741    1090.2299
    1742    1115.4612
    1743    1133.1404
    1744    1143.3855
    1745    1149.1341
    1746    1154.4805
    1747    1162.6438
    1748    1174.4059
    1749    1187.6380
    1750    1198.0604
    1751    1200.8681
    1752    1192.5533
    1753    1172.2994
    1754    1142.5066
    1755    1108.2876
    1756    1076.0746
    1757    1051.8289
    1758    1039.4858
    1759    1040.1173
    1760    1052.0337
    1761    1071.7586
    1762    1095.5445
    1763    1120.6603
    1764    1145.4507
    1765    1168.2104
    1766    1186.6922
    1767    1199.2269
    1768    1205.8720
    1769    1208.2002
    1770    1208.1616
    1771    1206.9714
    1772    1204.5422
    1773    1199.5847
    1774    1190.2625
    1775    1175.1448
    1776    1154.1195
    1777    1128.9255
    1778    1103.0687
    1779    1081.0775
    1780    1067.2838
    1781    1064.4976
    1782    1072.9974
    1783    1090.2007
    1784    1111.1975
    1785    1130.0635
    1786    1141.6086
    1787    1143.0235
    1788    1134.8548
    1789    1120.9007
    1790    1106.9603
    1791    1098.7743
    1792    1099.8187
    1793    1109.7572
    1794    1124.2426
    1795    1136.3184
    1796    1139.0416
    1797    1128.3773
    1798    1105.2381
    1799    1075.7143
    1800    1049.1446
    1801    1034.7241
    1802    1038.2943
    1803    1060.6630
    1804    1097.6061
    1805    1141.0932
    1806    1181.3278
    1807    1209.1582
    1808    1218.2918
    1809    1206.7534
    1810    1177.2534
    1811    1136.4378
    1812    1093.2632
    1813    1056.9123
    1814    1034.7269
    1815    1030.5951
    1816    1044.1483
    1817    1070.9648
    1818    1103.7817
    1819    1134.4558
    1820    1156.1798
    1821    1165.3419
    1822    1162.4883
    1823    1152.0824
    1824    1141.0879
    1825    1136.7428
    1826    1144.1242
    1827    1164.2023
    1828    1192.9984
    1829    1222.2065
    1830    1241.2561
    1831    1240.3267
    1832    1213.4759
    1833    1160.9302
    1834    1089.9053
    1835    1013.8874
    1836     950.4725
    1837     916.5732
    1838     920.5816
    1839     957.9910
    1840    1015.2738
    1841    1075.9167
    1842    1124.7006
    1843    1151.3151
    1844    1153.1949
    1845    1136.2931
    1846    1113.1102
    1847    1098.4234
    1848    1104.0768
    1849    1134.5939
    1850    1185.1593
    1851    1242.7516
    1852    1290.1540
    1853    1311.5683
    1854    1297.9509
    1855    1250.2331
    1856    1179.2837
    1857    1102.6054
    1858    1038.8923
    1859    1002.3046
    1860     998.3578
    1861    1022.7082
    1862    1063.0991
    1863    1103.7079
    1864    1130.3945
    1865    1135.1208
    1866    1118.1547
    1867    1087.4527
    1868    1055.5573
    1869    1035.1478
    1870    1034.7594
    1871    1056.0747
    1872    1093.5670
    1873    1136.4123
    1874    1171.8817
    1875    1189.1793
    1876    1182.7349
    1877    1153.9511
    1878    1110.7458
    1879    1065.0269
    1880    1029.0344
    1881    1011.7697
    1882    1016.5483
    1883    1040.3192
    1884    1074.8518
    1885    1109.3823
    1886    1133.8939
    1887    1142.0406
    1888    1132.8543
    1889    1110.7671
    1890    1084.0254
    1891    1062.0654
    1892    1052.7019
    1893    1059.9808
    1894    1083.2744
    1895    1117.7640
    1896    1156.0515
    1897    1190.3662
    1898    1214.7127
    1899    1226.3638
    1900    1226.2933
    1901    1218.4749
    1902    1208.3407
    1903    1200.9361
    1904    1199.3310
    1905    1203.6885
    1906    1211.2109
    1907    1216.9502
    1908    1215.2368
    1909    1201.3293
    1910    1172.9655
    1911    1131.5426
    1912    1082.4916
    1913    1034.4070
    1914     996.9504
    1915     978.1499
    1916     981.9962
    1917    1007.1318
    1918    1047.0905
    1919    1092.0633
    1920    1131.6845
    1921    1158.0001
    1922    1167.6858
    1923    1162.8082
    1924    1149.8737
    1925    1137.4477
    1926    1133.1091
    1927    1140.7245
    1928    1158.9503
    1929    1181.4929
    1930    1199.1146
    1931    1202.7987
    1932    1187.0654
    1933    1152.3024
    1934    1105.2295
    1935    1057.2303
    1936    1021.0089
    1937    1006.6469
    1938    1018.3657
    1939    1053.0931
    1940    1101.3186
    1941    1149.9607
    1942    1186.3017
    1943    1201.7025
    1944    1193.9211
    1945    1167.3300
    1946    1131.0676
    1947    1095.8272
    1948    1070.4275
    1949    1059.3120
    1950    1061.7427
    1951    1072.7855
    1952    1085.5557
    1953    1093.8236
    1954    1094.0845
    1955    1086.5047
    1956    1074.5461
    1957    1063.5214
    1958    1058.6448
    1959    1063.2685
    1960    1077.8703
    1961    1100.0272
    1962    1125.2565
    1963    1148.3551
    1964    1164.7973
    1965    1171.8325
    1966    1169.0540
    1967    1158.3632
    1968    1143.4041
    1969    1128.6714
    1970    1118.5431
    1971    1116.4232
    1972    1124.1010
    1973    1141.3867
    1974    1166.0627
    1975    1194.1673
    1976    1220.5789
    1977    1239.8396
    1978    1247.1311
    1979    1239.3154
    1980    1215.8538
    1981    1179.3142
    1982    1135.1148
    1983    1090.3280
    1984    1051.7370
    1985    1023.7432
    1986    1006.9328
    1987     997.9592
    1988     990.9373
    1989     979.9022
    1990     961.4586
    1991     936.6546
    1992     911.3285
    1993     894.6211
    1994     895.9637
    1995     921.4980
    1996     971.2567
    1997    1038.2515
    1998    1109.9591
    1999    1171.8087
    2000    1211.5364
