#Frame              T
       1    1019.2010
       2    1007.4024
       3    1075.0093
       4     992.6496
       5    1018.5147
       6    1027.8931
       7    1002.6391
       8    1011.8053
       9     980.0671
      10    1008.0146
      11     944.9846
      12    1044.4361
      13    1001.4535
      14     970.9812
      15     965.5424
      16     949.0739
      17     955.9771
      18     902.8139
      19     996.5527
      20     891.2273
      21     945.5567
      22    1023.5130
      23     922.3781
      24     955.9017
      25     847.5474
      26     920.3950
      27     938.8119
      28     751.5199
      29     857.5398
      30     823.9567
      31     884.3744
      32     854.2648
      33     880.5945
      34     823.9577
      35     849.4571
      36     765.3012
      37     841.1395
      38     825.3487
      39     827.9992
      40     770.3302
      41     822.9081
      42     811.2816
      43     783.1129
      44     793.7485
      45     798.9678
      46     717.8991
      47     752.7228
      48     765.1854
      49     703.7368
      50     723.2343
      51     700.6499
      52     725.6368
      53     665.5169
      54     656.5298
      55     716.6218
      56     661.7823
      57     777.6416
      58     725.1992
      59     737.2680
      60     681.8962
      61     724.0231
      62     718.1394
      63     747.4359
      64     715.2764
      65     773.4837
      66     683.5281
      67     662.2369
      68     670.0147
      69     712.4222
      70     759.3614
      71     740.9906
      72     732.0417
      73     659.9610
      74     683.9133
      75     623.2704
      76     704.9683
      77     702.0354
      78     686.7207
      79     665.1378
      80     684.5558
      81     680.2375
      82     700.8859
      83     664.0700
      84     642.1389
      85     633.2331
      86     646.7176
      87     570.4475
      88     612.2591
      89     694.0321
      90     678.9770
      91     616.7158
      92     603.0763
      93     583.5137
      94     620.0904
      95     577.5513
      96     576.6306
      97     591.4310
      98     620.9443
      99     560.9442
     100     520.4533
     101     571.6551
     102     605.3813
     103     600.4695
     104     609.0848
     105     624.3319
     106     622.9895
     107     573.0701
     108     612.6270
     109     559.5605
     110     566.9236
     111     512.1820
     112     525.5185
     113     543.4007
     114     586.2273
     115     564.8069
     116     546.2699
     117     572.6025
     118     518.0195
     119     532.2140
     120     535.2982
     121     578.1197
     122     531.5787
     123     572.3514
     124     540.7588
     125     520.2133
     126     518.2373
     127     550.2664
     128     519.0437
     129     523.2798
     130     521.3521
     131     533.4643
     132     530.6519
     133     513.1185
     134     493.3428
     135     492.5159
     136     476.6049
     137     483.8625
     138     478.7409
     139     486.0312
     140     484.3529
     141     500.9539
     142     551.0410
     143     530.8336
     144     466.7313
     145     510.7061
     146     551.7266
     147     472.1151
     148     516.8934
     149     519.9210
     150     518.2342
     151     531.3328
     152     493.6252
     153     500.2046
     154     475.3584
     155     470.2461
     156     466.4141
     157     447.3833
     158     412.4917
     159     409.7554
     160     452.1604
     161     462.7646
     162     450.2606
     163     451.3780
     164     479.6109
     165     453.1144
     166     455.7770
     167     461.4680
     168     441.9906
     169     462.6688
     170     440.4707
     171     436.4299
     172     425.1203
     173     438.7808
     174     417.6568
     175     448.5605
     176     415.0844
     177     451.0332
     178     443.3473
     179     406.5126
     180     426.2075
     181     378.5546
     182     411.5340
     183     430.2237
     184     428.0051
     185     401.8029
     186     439.5935
     187     430.4751
     188     411.6268
     189     423.5077
     190     412.2407
     191     441.3163
     192     397.1645
     193     416.5482
     194     400.9534
     195     417.5596
     196     460.8314
     197     440.3548
     198     436.5440
     199     409.6408
     200     433.3434
     201     383.5893
     202     393.4270
     203     392.1343
     204     423.5045
     205     395.6024
     206     435.0270
     207     409.1051
     208     409.5459
     209     404.6160
     210     395.4683
     211     384.5611
     212     428.4032
     213     421.0359
     214     427.1858
     215     394.8925
     216     392.4874
     217     376.7566
     218     375.5604
     219     374.2446
     220     367.8851
     221     408.1255
     222     385.3302
     223     404.1981
     224     358.7486
     225     415.0595
     226     387.1461
     227     426.3369
     228     426.3996
     229     460.7768
     230     469.6493
     231     431.7166
     232     405.8933
     233     453.7762
     234     433.6718
     235     410.3979
     236     411.0801
     237     446.8132
     238     401.2881
     239     407.2654
     240     373.4859
     241     395.3740
     242     417.6265
     243     403.9263
     244     414.6163
     245     363.9572
     246     385.1713
     247     382.4519
     248     394.9429
     249     368.6509
     250     390.9489
     251     380.2564
     252     411.4440
     253     393.9247
     254     379.0130
     255     385.2178
     256     393.5572
     257     400.9289
     258     423.1460
     259     366.6258
     260     377.3107
     261     355.5290
     262     331.4400
     263     360.7596
     264     373.7021
     265     371.3587
     266     381.8992
     267     398.1430
     268     362.3959
     269     359.9936
     270     329.7013
     271     389.2002
     272     390.9942
     273     374.4830
     274     379.5293
     275     319.3026
     276     371.3929
     277     324.1994
     278     389.0915
     279     370.6342
     280     389.9791
     281     379.8618
     282     379.2617
     283     369.1132
     284     395.5725
     285     376.5846
     286     368.9611
     287     367.0405
     288     391.0941
     289     410.4632
     290     380.6261
     291     370.6861
     292     380.6163
     293     391.9478
     294     398.8996
     295     393.7939
     296     370.9263
     297     346.8856
     298     399.7341
     299     403.4448
     300     399.1034
     301     362.7421
     302     386.0278
     303     388.4705
     304     385.2103
     305     379.7707
     306     408.6404
     307     373.1186
     308     385.4429
     309     407.1744
     310     383.9408
     311     415.5419
     312     383.9527
     313     381.9319
     314     380.8854
     315     400.5234
     316     382.3703
     317     378.9239
     318     365.1678
     319     356.8360
     320     396.5806
     321     394.1285
     322     380.4335
     323     378.9371
     324     369.7791
     325     344.8310
     326     376.1451
     327     363.2095
     328     342.6637
     329     364.8521
     330     358.4670
     331     356.0025
     332     393.1203
     333     369.3205
     334     385.4464
     335     353.2675
     336     353.1029
     337     361.7469
     338     330.5078
     339     347.8450
     340     383.7369
     341     395.0679
     342     369.3673
     343     373.9516
     344     361.9277
     345     403.8260
     346     419.6788
     347     370.7047
     348     380.7582
     349     408.1492
     350     375.1576
     351     377.3856
     352     354.5852
     353     386.8188
     354     384.5700
     355     381.2590
     356     382.2379
     357     402.7374
     358     367.4654
     359     338.4043
     360     378.7775
     361     351.0503
     362     376.9685
     363     350.5912
     364     350.0766
     365     318.5558
     366     344.5600
     367     331.5365
     368     388.4737
     369     378.7399
     370     367.6731
     371     358.5608
     372     382.8207
     373     359.4945
     374     367.1125
     375     399.4560
     376     387.4271
     377     400.3424
     378     362.0132
     379     365.0300
     380     342.7581
     381     399.5462
     382     385.2638
     383     360.6902
     384     360.6160
     385     329.4314
     386     416.5225
     387     326.8904
     388     378.5807
     389     358.2490
     390     365.7142
     391     378.8654
     392     362.4701
     393     382.4341
     394     399.9235
     395     329.9181
     396     350.0667
     397     336.8983
     398     352.7301
     399     364.1966
     400     352.5923
