#Frame              T
       1    2998.3825
       2    2862.3786
       3    2624.8054
       4    2342.4664
       5    2078.4160
       6    1882.9481
       7    1779.6072
       8    1760.6177
       9    1792.7836
      10    1831.3340
      11    1836.6529
      12    1788.1920
      13    1691.0562
      14    1573.3857
      15    1475.7578
      16    1436.4532
      17    1477.6875
      18    1597.4281
      19    1769.4043
      20    1951.0935
      21    2096.7940
      22    2171.2984
      23    2159.6961
      24    2070.3476
      25    1930.6087
      26    1777.3662
      27    1645.9100
      28    1560.6645
      29    1530.1626
      30    1547.0738
      31    1592.6258
      32    1643.6503
      33    1679.9272
      34    1689.6303
      35    1671.5354
      36    1633.9261
      37    1591.0790
      38    1558.5592
      39    1548.5289
      40    1566.1951
      41    1608.2812
      42    1663.8966
      43    1717.5474
      44    1753.4697
      45    1760.1349
      46    1733.7160
      47    1679.5235
      48    1610.9394
      49    1546.0662
      50    1502.9692
      51    1494.7563
      52    1525.7780
      53    1590.0323
      54    1672.3712
      55    1752.3694
      56    1809.9084
      57    1830.9536
      58    1811.8071
      59    1760.4054
      60    1694.0387
      61    1634.0247
      62    1598.9437
      63    1598.6557
      64    1631.1087
      65    1683.0521
      66    1734.4617
      67    1765.2634
      68    1762.1761
      69    1723.4172
      70    1659.6936
      71    1591.0779
      72    1540.7088
      73    1527.2545
      74    1558.5160
      75    1628.2592
      76    1717.4431
      77    1799.6377
      78    1849.0325
      79    1848.4939
      80    1795.0534
      81    1701.0720
      82    1590.7853
      83    1493.3143
      84    1434.1818
      85    1427.7847
      86    1473.1109
      87    1554.1164
      88    1644.7657
      89    1717.2307
      90    1750.6651
      91    1737.7140
      92    1686.6157
      93    1618.2016
      94    1558.7487
      95    1531.0161
      96    1546.3950
      97    1600.8442
      98    1676.0905
      99    1745.7707
     100    1784.4217
     101    1776.1852
     102    1720.2406
     103    1631.1543
     104    1534.0546
     105    1456.2758
     106    1418.2925
     107    1427.0509
     108    1474.0166
     109    1538.6344
     110    1595.9668
     111    1625.7241
     112    1619.3509
     113    1582.6964
     114    1533.5470
     115    1495.0344
     116    1487.0265
     117    1518.2901
     118    1582.4986
     119    1660.2122
     120    1726.2044
     121    1758.8529
     122    1747.8309
     123    1697.5425
     124    1625.3922
     125    1555.6320
     126    1510.9396
     127    1504.6454
     128    1536.2788
     129    1591.9367
     130    1649.3061
     131    1685.5591
     132    1685.3356
     133    1646.0320
     134    1578.5775
     135    1503.5236
     136    1443.8916
     137    1417.2989
     138    1430.0988
     139    1475.5456
     140    1536.5626
     141    1592.0279
     142    1624.2406
     143    1624.8843
     144    1597.4568
     145    1555.4705
     146    1517.2594
     147    1499.3433
     148    1510.7108
     149    1549.9154
     150    1605.8098
     151    1661.5179
     152    1700.1681
     153    1710.4118
     154    1689.9149
     155    1645.7290
     156    1591.5559
     157    1542.9979
     158    1512.5494
     159    1506.0132
     160    1521.3379
     161    1549.9844
     162    1580.2275
     163    1601.3470
     164    1607.2772
     165    1598.4160
     166    1580.9665
     167    1564.1382
     168    1556.4030
     169    1562.4151
     170    1581.7783
     171    1609.7710
     172    1639.2863
     173    1663.0712
     174    1675.6845
     175    1674.7529
     176    1661.1124
     177    1637.7953
     178    1608.4853
     179    1576.3355
     180    1543.6342
     181    1512.1632
     182    1483.7576
     183    1460.5688
     184    1444.7607
     185    1437.7438
     186    1439.3556
     187    1447.5233
     188    1458.7545
     189    1469.4213
     190    1477.3986
     191    1483.3539
     192    1490.9851
     193    1505.8537
     194    1533.0426
     195    1574.4454
     196    1626.7640
     197    1681.1736
     198    1725.0759
     199    1745.6283
     200    1733.9848
     201    1688.7580
     202    1617.3309
     203    1534.3899
     204    1458.0291
     205    1404.5956
     206    1383.8068
     207    1395.6342
     208    1430.2440
     209    1471.4091
     210    1502.3164
     211    1511.4812
     212    1496.5346
     213    1464.6358
     214    1429.5117
     215    1406.2602
     216    1405.7779
     217    1430.7457
     218    1474.5492
     219    1523.4707
     220    1561.3323
     221    1574.8818
     222    1558.0360
     223    1513.7465
     224    1453.1493
     225    1392.2683
     226    1347.1402
     227    1328.9055
     228    1340.5415
     229    1376.3097
     230    1424.0140
     231    1469.2400
     232    1500.0700
     233    1510.6082
     234    1502.1565
     235    1481.8961
     236    1459.7746
     237    1444.7776
     238    1441.8333
     239    1450.3470
     240    1464.7748
     241    1476.9363
     242    1479.1548
     243    1467.0824
     244    1441.2705
     245    1407.0097
     246    1372.5975
     247    1346.7742
     248    1336.3357
     249    1344.6506
     250    1371.2511
     251    1412.3111
     252    1461.7217
     253    1512.4241
     254    1557.6505
     255    1591.8741
     256    1611.4285
     257    1614.8728
     258    1603.1590
     259    1579.5712
     260    1549.2787
     261    1518.3581
     262    1492.3278
     263    1474.5628
     264    1465.1994
     265    1461.0975
     266    1457.0490
     267    1447.8962
     268    1430.7973
     269    1406.7370
     270    1380.6304
     271    1359.8575
     272    1351.6874
     273    1360.5190
     274    1386.0347
     275    1423.0437
     276    1463.1284
     277    1497.3899
     278    1519.0852
     279    1525.1997
     280    1516.8617
     281    1498.9172
     282    1478.6074
     283    1463.3036
     284    1457.9880
     285    1463.5896
     286    1476.8907
     287    1491.9672
     288    1502.5154
     289    1504.1704
     290    1496.0448
     291    1481.1119
     292    1465.3242
     293    1455.3007
     294    1454.5975
     295    1461.0495
     296    1468.5033
     297    1470.9704
     298    1465.3242
     299    1451.9559
     300    1434.1369
     301    1416.5407
     302    1403.4065
     303    1396.9957
     304    1396.9207
     305    1400.5537
     306    1404.2678
     307    1404.9576
     308    1401.2515
     309    1393.9949
     310    1385.8824
     311    1380.4093
     312    1380.5294
     313    1387.5113
     314    1400.4032
     315    1416.3370
     316    1431.5746
     317    1442.8761
     318    1448.5836
     319    1448.9128
     320    1445.3563
     321    1439.6261
     322    1432.8369
     323    1425.3606
     324    1417.2617
     325    1408.9445
     326    1401.6011
     327    1397.1616
     328    1397.6795
     329    1404.3378
     330    1416.4970
     331    1431.3358
     332    1444.4747
     333    1451.4453
     334    1449.3902
     335    1438.2853
     336    1421.2462
     337    1403.7930
     338    1392.2246
     339    1391.5276
     340    1403.4639
     341    1425.5662
     342    1451.5330
     343    1473.0526
     344    1482.5171
     345    1475.7226
     346    1453.5969
     347    1422.2840
     348    1391.4561
     349    1371.3319
     350    1369.3508
     351    1387.6223
     352    1422.0528
     353    1463.5173
     354    1500.7550
     355    1524.0685
     356    1528.5770
     357    1515.8860
     358    1493.5269
     359    1472.2982
     360    1462.3767
     361    1469.5636
     362    1493.0148
     363    1525.3605
     364    1555.2763
     365    1571.6292
     366    1567.6524
     367    1543.5546
     368    1506.5909
     369    1468.5818
     370    1441.7588
     371    1434.3885
     372    1447.7613
     373    1475.7142
     374    1506.9158
     375    1529.0940
     376    1533.6173
     377    1518.6894
     378    1489.9391
     379    1458.1764
     380    1435.1951
     381    1429.2625
     382    1442.0313
     383    1468.0132
     384    1496.7410
     385    1516.7170
     386    1519.6333
     387    1503.3013
     388    1472.2848
     389    1436.1029
     390    1405.7865
     391    1390.1363
     392    1393.0987
     393    1413.1378
     394    1444.4682
     395    1479.1723
     396    1509.4146
     397    1529.7641
     398    1539.1136
     399    1540.8422
     400    1540.8100
     401    1544.3605
     402    1553.8624
     403    1567.7228
     404    1581.0399
     405    1587.4739
     406    1581.5854
     407    1560.8652
     408    1526.9304
     409    1485.6579
     410    1446.0129
     411    1417.0960
     412    1403.9954
     413    1405.5341
     414    1416.0680
     415    1429.1096
     416    1439.8464
     417    1446.0212
     418    1447.7445
     419    1446.6855
     420    1444.9557
     421    1444.0798
     422    1444.4217
     423    1445.2607
     424    1445.3977
     425    1443.9317
     426    1440.8365
     427    1437.1525
     428    1434.7389
     429    1435.5724
     430    1440.7601
     431    1449.6996
     432    1459.8609
     433    1467.4251
     434    1468.5613
     435    1460.8266
     436    1444.0982
     437    1420.6549
     438    1394.3837
     439    1369.4532
     440    1348.9920
     441    1334.2733
     442    1324.6968
     443    1318.5177
     444    1313.9525
     445    1310.1336
     446    1307.5670
     447    1308.1063
     448    1314.5416
     449    1329.7572
     450    1355.5270
     451    1391.3864
     452    1434.1702
     453    1478.5619
     454    1518.5454
     455    1549.2179
     456    1568.2266
     457    1576.2296
     458    1576.2321
     459    1572.1543
     460    1567.2603
     461    1563.0393
     462    1558.9163
     463    1552.8448
     464    1542.5106
     465    1526.6209
     466    1505.7232
     467    1482.2154
     468    1459.5656
     469    1441.1024
     470    1428.8827
     471    1423.1112
     472    1422.3534
     473    1424.4438
     474    1427.6636
     475    1431.6062
     476    1437.2593
     477    1446.1987
     478    1459.2462
     479    1475.2877
     480    1490.9490
     481    1501.4802
     482    1502.5815
     483    1492.4467
     484    1473.1205
     485    1450.4918
     486    1432.7475
     487    1427.6988
     488    1439.8582
     489    1468.3341
     490    1506.3941
     491    1543.0514
     492    1566.3246
     493    1567.1753
     494    1542.7667
     495    1497.8098
     496    1443.3525
     497    1393.2750
     498    1359.6459
     499    1348.6213
     500    1358.4634
     501    1380.4842
     502    1402.5557
     503    1413.8397
     504    1408.9232
     505    1389.8198
     506    1365.1162
     507    1346.5995
     508    1344.6529
     509    1364.1710
     510    1402.5747
     511    1450.6608
     512    1495.8509
     513    1526.4805
     514    1535.5174
     515    1522.4960
     516    1493.2294
     517    1457.5882
     518    1426.2065
     519    1407.2247
     520    1404.0853
     521    1414.9660
     522    1433.8441
     523    1452.7124
     524    1464.2054
     525    1463.8791
     526    1451.5366
     527    1431.2759
     528    1410.2852
     529    1396.7317
     530    1397.3137
     531    1415.1333
     532    1448.4966
     533    1491.0743
     534    1533.5010
     535    1566.0184
     536    1581.3280
     537    1576.6419
     538    1554.2825
     539    1520.7564
     540    1484.7448
     541    1454.6719
     542    1436.5019
     543    1432.2964
     544    1439.8876
     545    1453.7867
     546    1467.1015
     547    1473.8341
     548    1470.7712
     549    1458.3619
     550    1440.3786
     551    1422.5244
     552    1410.4319
     553    1407.7769
     554    1415.1801
     555    1430.1666
     556    1447.9887
     557    1462.9758
     558    1470.1512
     559    1466.7703
     560    1453.3072
     561    1433.4946
     562    1413.3375
     563    1399.3503
     564    1396.5237
     565    1406.6843
     566    1427.8272
     567    1454.6683
     568    1480.2289
     569    1497.9011
     570    1503.3238
     571    1495.5059
     572    1476.8991
     573    1452.4426
     574    1427.8676
     575    1407.8085
     576    1394.3940
     577    1386.8733
     578    1382.4056
     579    1377.6240
     580    1370.2952
     581    1360.4215
     582    1350.3749
     583    1344.0171
     584    1345.1294
     585    1355.7611
     586    1375.1471
     587    1399.6643
     588    1423.8562
     589    1442.1426
     590    1450.5996
     591    1448.2089
     592    1437.1137
     593    1421.6970
     594    1406.7402
     595    1395.3919
     596    1387.8441
     597    1381.3757
     598    1371.8333
     599    1355.9830
     600    1333.7262
     601    1309.1703
     602    1289.9655
     603    1285.0107
     604    1301.1328
     605    1339.7567
     606    1395.0782
     607    1455.2935
     608    1506.8025
     609    1539.1880
     610    1548.5420
     611    1538.0766
     612    1516.1751
     613    1492.7961
     614    1475.5372
     615    1466.8311
     616    1463.3588
     617    1457.8916
     618    1442.7391
     619    1413.3678
     620    1370.7444
     621    1321.5308
     622    1276.0754
     623    1244.9754
     624    1235.4937
     625    1249.1376
     626    1281.2601
     627    1322.8291
     628    1363.6787
     629    1395.9484
     630    1416.3185
     631    1426.2469
     632    1430.3028
     633    1433.4712
     634    1438.6333
     635    1445.2151
     636    1449.4400
     637    1446.0111
     638    1430.5423
     639    1401.7961
     640    1362.8155
     641    1320.4299
     642    1283.2321
     643    1258.7610
     644    1250.9786
     645    1259.0466
     646    1277.9174
     647    1300.5209
     648    1320.6833
     649    1335.5942
     650    1346.7817
     651    1359.1264
     652    1378.2850
     653    1407.6068
     654    1445.9079
     655    1487.1382
     656    1522.1332
     657    1541.7641
     658    1540.2655
     659    1517.5103
     660    1479.3893
     661    1436.0971
     662    1398.8481
     663    1376.1125
     664    1370.7127
     665    1378.9113
     666    1391.9040
     667    1399.2389
     668    1392.9256
     669    1370.7141
     670    1337.3031
     671    1302.9601
     672    1279.9449
     673    1277.9193
     674    1299.9826
     675    1340.9170
     676    1388.5183
     677    1427.6686
     678    1445.6429
     679    1436.6614
     680    1404.0369
     681    1359.1344
     682    1317.4647
     683    1293.2604
     684    1294.4754
     685    1320.0305
     686    1360.2863
     687    1400.5993
     688    1426.7327
     689    1430.1215
     690    1410.9179
     691    1377.6294
     692    1343.5904
     693    1321.7250
     694    1319.6065
     695    1336.6578
     696    1364.5240
     697    1390.4497
     698    1402.3284
     699    1393.4145
     700    1364.8606
     701    1325.1469
     702    1286.7700
     703    1261.6073
     704    1256.8454
     705    1272.9758
     706    1304.3817
     707    1341.9726
     708    1376.5994
     709    1401.8486
     710    1415.2802
     711    1417.9389
     712    1412.7166
     713    1402.5270
     714    1389.1552
     715    1373.1102
     716    1354.1718
     717    1332.2043
     718    1307.9980
     719    1283.8030
     720    1263.0497
     721    1249.2002
     722    1244.3539
     723    1248.4229
     724    1259.3663
     725    1274.3896
     726    1291.4206
     727    1309.9609
     728    1330.9478
     729    1356.0048
     730    1386.4393
     731    1422.0221
     732    1459.8915
     733    1494.3375
     734    1517.9546
     735    1523.9420
     736    1508.7038
     737    1473.6929
     738    1425.6838
     739    1375.2060
     740    1333.5255
     741    1309.1427
     742    1305.0411
     743    1317.7451
     744    1338.6553
     745    1357.2919
     746    1365.2676
     747    1359.4376
     748    1342.9643
     749    1323.9196
     750    1312.0183
     751    1314.7952
     752    1334.6480
     753    1367.7923
     754    1405.4316
     755    1436.6974
     756    1452.3420
     757    1447.9321
     758    1425.4161
     759    1392.4634
     760    1359.7838
     761    1337.3988
     762    1331.2385
     763    1341.2889
     764    1361.9194
     765    1384.2226
     766    1399.4593
     767    1402.2983
     768    1392.6681
     769    1375.5623
     770    1358.9204
     771    1350.4114
     772    1354.3646
     773    1370.0125
     774    1391.7161
     775    1411.0838
     776    1420.1996
     777    1414.7194
     778    1395.5683
     779    1368.4257
     780    1341.1376
     781    1320.3123
     782    1308.7974
     783    1305.0966
     784    1304.7103
     785    1302.6481
     786    1296.0096
     787    1285.4951
     788    1275.1521
     789    1270.4336
     790    1275.4709
     791    1290.8539
     792    1312.9765
     793    1335.2776
     794    1350.8873
     795    1355.5728
     796    1349.7230
     797    1338.4478
     798    1329.6162
     799    1330.5455
     800    1344.6748
     801    1369.6726
     802    1397.9086
     803    1419.2511
     804    1425.1192
     805    1412.0945
     806    1383.5905
     807    1348.8746
     808    1319.8063
     809    1306.5220
     810    1313.7068
     811    1338.8808
     812    1373.3535
     813    1405.4695
     814    1424.8889
     815    1426.3027
     816    1411.2336
     817    1387.3067
     818    1365.2571
     819    1354.7669
     820    1360.6780
     821    1381.0348
     822    1407.7241
     823    1429.4788
     824    1436.0971
     825    1422.2961
     826    1389.7560
     827    1346.6267
     828    1304.6743
     829    1275.0776
     830    1264.3784
     831    1272.1099
     832    1291.0995
     833    1310.4344
     834    1319.9694
     835    1314.5749
     836    1296.3882
     837    1274.1178
     838    1259.6270
     839    1263.1251
     840    1288.8986
     841    1333.3104
     842    1385.8506
     843    1432.7957
     844    1462.0347
     845    1467.2109
     846    1449.6450
     847    1417.4094
     848    1382.0343
     849    1354.1974
     850    1340.0335
     851    1339.3896
     852    1346.5809
     853    1353.2661
     854    1352.2569
     855    1340.7387
     856    1321.6584
     857    1302.7442
     858    1293.5252
     859    1301.4659
     860    1328.6810
     861    1370.5426
     862    1416.8108
     863    1454.9406
     864    1474.3726
     865    1470.2023
     866    1444.8569
     867    1407.1602
     868    1369.0999
     869    1341.4534
     870    1329.8854
     871    1333.0073
     872    1343.2047
     873    1349.9274
     874    1344.1363
     875    1322.1346
     876    1287.3108
     877    1249.1224
     878    1219.7068
     879    1209.3965
     880    1222.8288
     881    1257.1212
     882    1302.7960
     883    1347.0940
     884    1378.3719
     885    1389.9095
     886    1381.7584
     887    1360.1031
     888    1334.5583
     889    1314.5221
     890    1305.9192
     891    1309.4329
     892    1320.7878
     893    1332.8956
     894    1338.9467
     895    1335.1217
     896    1321.8528
     897    1303.2833
     898    1285.3407
     899    1273.3421
     900    1270.1004
     901    1275.1980
     902    1285.5487
     903    1296.8794
     904    1305.4413
     905    1309.2689
     906    1308.5488
     907    1305.0472
     908    1300.9067
     909    1297.3512
     910    1293.8880
     911    1288.4916
     912    1278.8643
     913    1264.2039
     914    1246.4257
     915    1230.0108
     916    1220.4298
     917    1221.8167
     918    1234.9274
     919    1256.3207
     920    1279.2382
     921    1295.9684
     922    1300.8038
     923    1292.4036
     924    1274.5654
     925    1255.0365
     926    1242.7932
     927    1244.8198
     928    1263.5914
     929    1296.1431
     930    1335.0057
     931    1370.6415
     932    1394.5488
     933    1402.0129
     934    1393.6093
     935    1374.9563
     936    1354.7722
     937    1341.8571
     938    1342.0292
     939    1356.1243
     940    1379.8134
     941    1405.2429
     942    1423.7649
     943    1428.7173
     944    1417.3836
     945    1391.6386
     946    1357.2038
     947    1321.8024
     948    1292.7628
     949    1274.7803
     950    1268.5401
     951    1270.6840
     952    1275.1585
     953    1275.5002
     954    1267.2319
     955    1249.5295
     956    1225.5634
     957    1201.4007
     958    1183.8194
     959    1177.8006
     960    1184.7134
     961    1202.0223
     962    1224.5914
     963    1246.9028
     964    1265.2721
     965    1279.2177
     966    1291.2591
     967    1305.0054
     968    1322.7393
     969    1344.2094
     970    1366.9229
     971    1387.1175
     972    1400.9382
     973    1405.6390
     974    1400.4989
     975    1387.1418
     976    1369.1055
     977    1350.7350
     978    1335.8113
     979    1326.5059
     980    1323.0958
     981    1324.4606
     982    1329.0042
     983    1335.4747
     984    1343.3080
     985    1352.3867
     986    1362.4243
     987    1372.3705
     988    1380.2447
     989    1383.5701
     990    1380.2562
     991    1369.5783
     992    1352.8448
     993    1333.4453
     994    1316.1057
     995    1305.3485
     996    1303.4422
     997    1308.8017
     998    1316.2353
     999    1319.4065
    1000    1314.0450
    1001    1300.1210
    1002    1282.0422
    1003    1267.1321
    1004    1262.9052
    1005    1274.1305
    1006    1300.7392
    1007    1337.4079
    1008    1375.0881
    1009    1404.0041
    1010    1417.0201
    1011    1412.1006
    1012    1392.9235
    1013    1367.4244
    1014    1344.8636
    1015    1332.5727
    1016    1333.6311
    1017    1346.2797
    1018    1365.1511
    1019    1383.6552
    1020    1396.4820
    1021    1401.2336
    1022    1398.6400
    1023    1391.4355
    1024    1382.5135
    1025    1373.2470
    1026    1362.7803
    1027    1348.6651
    1028    1328.5738
    1029    1302.2289
    1030    1272.5164
    1031    1245.1403
    1032    1226.8926
    1033    1223.2513
    1034    1236.2286
    1035    1263.2107
    1036    1297.3349
    1037    1329.7646
    1038    1353.2501
    1039    1365.1808
    1040    1368.4344
    1041    1369.7042
    1042    1376.1785
    1043    1392.0335
    1044    1416.1674
    1045    1442.0761
    1046    1459.9051
    1047    1459.9251
    1048    1436.2032
    1049    1389.1530
    1050    1325.9810
    1051    1258.7461
    1052    1200.5974
    1053    1161.5004
    1054    1145.0407
    1055    1147.5913
    1056    1160.2184
    1057    1172.5722
    1058    1177.2003
    1059    1172.5839
    1060    1163.7165
    1061    1160.0340
    1062    1171.5415
    1063    1204.6391
    1064    1259.1653
    1065    1327.6983
    1066    1397.3918
    1067    1453.7620
    1068    1485.1187
    1069    1486.1167
    1070    1459.2101
    1071    1413.5538
    1072    1361.7877
    1073    1315.8698
    1074    1283.4327
    1075    1265.9117
    1076    1259.0189
    1077    1255.2656
    1078    1247.4636
    1079    1231.8273
    1080    1209.5209
    1081    1186.1774
    1082    1169.7003
    1083    1167.2708
    1084    1182.6705
    1085    1214.8248
    1086    1257.9934
    1087    1303.4884
    1088    1342.2940
    1089    1367.7074
    1090    1377.1069
    1091    1372.2797
    1092    1358.2597
    1093    1341.1862
    1094    1326.0363
    1095    1315.0798
    1096    1307.5836
    1097    1300.7506
    1098    1291.4080
    1099    1277.6747
    1100    1259.9187
    1101    1240.6422
    1102    1223.4308
    1103    1211.4973
    1104    1206.5112
    1105    1208.2153
    1106    1214.9602
    1107    1224.8916
    1108    1237.2488
    1109    1253.0835
    1110    1274.7673
    1111    1304.1582
    1112    1340.3509
    1113    1378.6519
    1114    1411.6184
    1115    1431.4895
    1116    1432.8642
    1117    1414.7311
    1118    1381.1809
    1119    1340.4095
    1120    1302.1862
    1121    1274.6175
    1122    1261.4127
    1123    1260.7445
    1124    1266.1999
    1125    1269.5098
    1126    1264.0421
    1127    1247.7145
    1128    1224.1596
    1129    1201.6118
    1130    1189.8765
    1131    1196.5162
    1132    1223.7241
    1133    1267.0905
    1134    1316.7327
    1135    1360.3831
    1136    1387.3675
    1137    1392.1095
    1138    1375.9670
    1139    1346.7360
    1140    1315.9497
    1141    1294.8953
    1142    1290.7514
    1143    1304.2100
    1144    1329.4049
    1145    1356.1538
    1146    1373.7153
    1147    1374.7434
    1148    1358.0154
    1149    1328.9249
    1150    1297.5244
    1151    1274.8235
    1152    1268.7229
    1153    1281.1016
    1154    1307.1148
    1155    1336.9397
    1156    1359.3162
    1157    1365.6210
    1158    1353.0174
    1159    1325.5491
    1160    1292.7702
    1161    1266.4204
    1162    1256.3858
    1163    1267.4108
    1164    1297.6649
    1165    1339.5335
    1166    1382.2579
    1167    1415.4912
    1168    1432.5465
    1169    1432.2171
    1170    1418.5683
    1171    1398.8533
    1172    1380.4109
    1173    1367.7525
    1174    1360.9570
    1175    1355.9368
    1176    1346.3877
    1177    1326.6027
    1178    1294.0825
    1179    1251.0063
    1180    1204.0506
    1181    1162.6182
    1182    1136.0773
    1183    1130.9370
    1184    1148.8923
    1185    1186.3721
    1186    1235.7137
    1187    1287.5174
    1188    1333.3423
    1189    1367.8007
    1190    1389.3966
    1191    1399.9546
    1192    1403.0194
    1193    1401.9450
    1194    1398.4382
    1195    1392.0522
    1196    1380.7205
    1197    1362.0316
    1198    1334.6856
    1199    1299.5438
    1200    1259.8685
    1201    1220.6690
    1202    1187.4179
    1203    1164.6335
    1204    1154.8473
    1205    1158.2940
    1206    1173.3154
    1207    1197.1458
    1208    1226.6154
    1209    1258.4774
    1210    1289.3716
    1211    1315.6951
    1212    1333.7176
    1213    1340.1090
    1214    1332.7918
    1215    1311.8089
    1216    1279.8081
    1217    1241.8392
    1218    1204.3639
    1219    1173.6533
    1220    1154.0354
    1221    1146.6507
    1222    1149.2663
    1223    1157.2871
    1224    1165.5960
    1225    1170.5004
    1226    1171.0786
    1227    1169.4705
    1228    1170.0320
    1229    1177.6354
    1230    1195.6625
    1231    1224.3924
    1232    1260.4027
    1233    1297.2761
    1234    1327.4309
    1235    1344.4632
    1236    1345.2096
    1237    1330.8289
    1238    1306.5299
    1239    1280.0171
    1240    1259.1690
    1241    1249.7170
    1242    1253.6922
    1243    1269.1103
    1244    1290.9202
    1245    1312.8044
    1246    1329.1615
    1247    1336.6175
    1248    1334.6282
    1249    1325.1016
    1250    1311.3220
    1251    1296.6582
    1252    1283.5362
    1253    1272.9826
    1254    1264.7815
    1255    1258.0525
    1256    1251.9286
    1257    1246.0172
    1258    1240.4763
    1259    1235.7384
    1260    1232.1165
    1261    1229.6433
    1262    1228.3399
    1263    1228.7241
    1264    1232.0894
    1265    1240.2529
    1266    1254.7885
    1267    1276.0545
    1268    1302.4340
    1269    1330.1471
    1270    1353.8152
    1271    1367.7254
    1272    1367.4702
    1273    1351.4753
    1274    1321.8854
    1275    1284.4356
    1276    1247.2096
    1277    1218.5137
    1278    1204.4028
    1279    1206.6350
    1280    1221.9304
    1281    1243.0804
    1282    1261.5988
    1283    1270.8264
    1284    1268.2828
    1285    1256.4884
    1286    1242.0324
    1287    1233.2146
    1288    1237.0174
    1289    1256.4203
    1290    1289.0207
    1291    1327.5347
    1292    1362.0938
    1293    1383.5363
    1294    1386.5207
    1295    1371.3632
    1296    1343.9655
    1297    1313.8634
    1298    1291.0511
    1299    1282.5627
    1300    1289.8614
    1301    1308.0742
    1302    1327.7736
    1303    1338.7786
    1304    1334.2205
    1305    1313.1487
    1306    1280.8391
    1307    1246.8141
    1308    1221.3368
    1309    1211.7045
    1310    1219.7696
    1311    1241.5837
    1312    1269.1320
    1313    1293.3422
    1314    1307.2066
    1315    1307.9739
    1316    1297.7570
    1317    1282.4544
    1318    1269.4221
    1319    1264.7406
    1320    1271.0198
    1321    1286.4889
    1322    1305.6690
    1323    1321.3867
    1324    1327.4027
    1325    1320.6912
    1326    1302.5142
    1327    1277.8924
    1328    1253.6902
    1329    1236.1205
    1330    1228.6796
    1331    1231.2814
    1332    1240.8015
    1333    1252.6881
    1334    1262.9510
    1335    1269.7461
    1336    1273.8475
    1337    1277.6855
    1338    1283.4743
    1339    1291.7760
    1340    1301.5126
    1341    1311.0736
    1342    1319.4587
    1343    1326.7744
    1344    1333.9638
    1345    1341.9686
    1346    1350.6900
    1347    1358.2084
    1348    1360.7467
    1349    1353.7963
    1350    1334.2407
    1351    1302.4160
    1352    1262.7633
    1353    1222.6865
    1354    1190.4352
    1355    1172.8718
    1356    1173.3118
    1357    1189.8529
    1358    1215.3232
    1359    1239.5836
    1360    1253.3150
    1361    1251.4258
    1362    1234.6906
    1363    1209.2385
    1364    1184.2565
    1365    1168.7507
    1366    1168.4871
    1367    1184.2041
    1368    1211.7408
    1369    1243.9189
    1370    1273.2855
    1371    1294.6130
    1372    1306.3911
    1373    1311.0073
    1374    1313.7183
    1375    1320.6435
    1376    1335.9584
    1377    1358.9369
    1378    1382.9774
    1379    1398.3821
    1380    1397.1091
    1381    1376.2647
    1382    1339.1052
    1383    1293.9037
    1384    1251.4252
    1385    1221.8762
    1386    1211.9916
    1387    1222.4956
    1388    1246.9130
    1389    1273.8544
    1390    1292.4163
    1391    1296.9597
    1392    1288.7461
    1393    1274.5736
    1394    1263.5101
    1395    1263.0104
    1396    1275.7396
    1397    1298.2962
    1398    1322.4379
    1399    1338.3656
    1400    1338.6675
    1401    1321.3173
    1402    1290.6335
    1403    1255.8977
    1404    1228.1330
    1405    1216.1735
    1406    1223.4333
    1407    1246.5873
    1408    1276.7246
    1409    1302.5777
    1410    1314.5946
    1411    1308.3286
    1412    1285.9074
    1413    1255.0917
    1414    1226.3570
    1415    1209.1693
    1416    1208.8633
    1417    1225.1710
    1418    1252.7494
    1419    1283.3344
    1420    1308.6598
    1421    1323.1086
    1422    1325.2222
    1423    1317.6269
    1424    1305.5237
    1425    1294.4344
    1426    1288.1327
    1427    1287.5818
    1428    1291.2110
    1429    1296.2640
    1430    1300.5090
    1431    1303.5237
    1432    1306.9950
    1433    1313.8257
    1434    1326.2255
    1435    1343.6340
    1436    1361.9727
    1437    1375.1048
    1438    1377.6557
    1439    1367.4769
    1440    1346.6460
    1441    1320.7826
    1442    1297.0389
    1443    1281.4739
    1444    1276.7471
    1445    1281.0201
    1446    1288.5831
    1447    1292.0583
    1448    1285.3788
    1449    1266.3798
    1450    1237.9526
    1451    1207.2543
    1452    1183.2233
    1453    1173.2951
    1454    1180.5297
    1455    1202.2493
    1456    1230.7770
    1457    1256.1433
    1458    1269.8098
    1459    1267.9778
    1460    1253.1313
    1461    1233.1777
    1462    1218.4835
    1463    1217.9066
    1464    1235.2627
    1465    1267.5341
    1466    1305.5425
    1467    1336.9739
    1468    1350.7423
    1469    1341.0564
    1470    1309.6513
    1471    1265.3799
    1472    1221.3723
    1473    1190.7937
    1474    1182.6182
    1475    1198.7974
    1476    1233.7358
    1477    1276.2607
    1478    1313.4528
    1479    1335.0438
    1480    1336.8456
    1481    1321.9719
    1482    1299.4231
    1483    1280.6026
    1484    1275.0853
    1485    1287.1956
    1486    1314.5791
    1487    1349.1442
    1488    1379.8702
    1489    1396.4028
    1490    1392.2364
    1491    1366.5759
    1492    1324.4369
    1493    1275.0513
    1494    1229.0840
    1495    1195.5509
    1496    1179.4757
    1497    1180.9756
    1498    1195.7890
    1499    1216.8501
    1500    1236.4161
    1501    1248.2042
    1502    1248.9549
    1503    1239.0979
    1504    1222.5476
    1505    1205.7154
    1506    1195.5318
    1507    1196.6533
    1508    1209.5464
    1509    1230.9788
    1510    1255.8259
    1511    1278.4838
    1512    1293.7799
    1513    1297.8700
    1514    1289.1530
    1515    1268.9138
    1516    1241.3853
    1517    1213.0609
    1518    1191.2675
    1519    1182.2600
    1520    1189.3073
    1521    1211.3869
    1522    1243.0290
    1523    1275.5569
    1524    1299.5210
    1525    1307.6870
    1526    1297.6340
    1527    1272.9640
    1528    1242.4817
    1529    1217.4373
    1530    1207.7140
    1531    1218.3176
    1532    1247.4535
    1533    1286.8332
    1534    1324.0604
    1535    1346.5038
    1536    1345.8230
    1537    1321.5905
    1538    1282.1335
    1539    1241.8832
    1540    1216.2151
    1541    1215.7701
    1542    1242.3583
    1543    1287.9686
    1544    1337.3294
    1545    1373.1752
    1546    1382.3569
    1547    1360.5844
    1548    1314.0998
    1549    1257.6947
    1550    1209.7641
    1551    1185.8932
    1552    1192.8743
    1553    1225.5488
    1554    1268.6515
    1555    1303.2856
    1556    1314.6992
    1557    1297.9218
    1558    1259.4561
    1559    1214.7313
    1560    1182.3238
    1561    1177.0384
    1562    1204.3932
    1563    1258.5245
    1564    1324.2395
    1565    1382.3952
    1566    1416.5885
    1567    1418.6953
    1568    1391.2418
    1569    1345.7630
    1570    1297.8781
    1571    1261.2227
    1572    1242.8041
    1573    1241.4221
    1574    1249.3113
    1575    1256.0298
    1576    1253.0087
    1577    1237.0499
    1578    1211.4550
    1579    1184.4337
    1580    1165.5735
    1581    1161.9048
    1582    1175.1632
    1583    1201.2804
    1584    1232.1978
    1585    1259.1809
    1586    1276.2125
    1587    1282.0670
    1588    1280.2613
    1589    1276.9914
    1590    1278.0435
    1591    1286.0698
    1592    1299.4288
    1593    1313.0259
    1594    1320.6891
    1595    1317.9785
    1596    1304.2205
    1597    1282.9779
    1598    1260.7880
    1599    1244.6536
    1600    1239.2511
    1601    1245.0027
    1602    1257.8752
    1603    1271.0493
    1604    1277.7854
    1605    1274.2492
    1606    1261.0816
    1607    1243.0414
    1608    1226.8926
    1609    1218.4327
    1610    1219.9297
    1611    1229.1015
    1612    1240.1396
    1613    1246.4050
    1614    1243.6511
    1615    1232.3443
    1616    1217.9582
    1617    1208.9362
    1618    1213.0797
    1619    1233.9036
    1620    1268.5899
    1621    1308.4822
    1622    1342.0109
    1623    1358.9595
    1624    1354.4296
    1625    1330.9061
    1626    1297.5168
    1627    1266.6779
    1628    1249.3793
    1629    1250.9123
    1630    1268.6991
    1631    1293.1268
    1632    1311.1713
    1633    1311.5308
    1634    1289.3543
    1635    1248.7416
    1636    1201.9669
    1637    1165.5287
    1638    1154.2991
    1639    1175.8140
    1640    1226.8477
    1641    1293.7244
    1642    1356.5061
    1643    1395.6966
    1644    1399.0376
    1645    1365.8792
    1646    1307.4747
    1647    1243.0469
    1648    1192.9927
    1649    1171.6437
    1650    1182.1942
    1651    1215.6535
    1652    1254.2509
    1653    1278.1135
    1654    1272.8279
    1655    1235.1451
    1656    1174.7046
    1657    1111.0034
    1658    1066.4879
    1659    1058.1615
    1660    1090.9891
    1661    1155.9013
    1662    1233.1085
    1663    1299.1324
    1664    1334.7701
    1665    1331.2326
    1666    1292.4935
    1667    1233.2262
    1668    1173.2430
    1669    1130.5363
    1670    1115.4271
    1671    1127.7887
    1672    1158.0860
    1673    1191.5860
    1674    1214.0751
    1675    1217.0202
    1676    1200.3861
    1677    1172.1801
    1678    1145.0067
    1679    1131.0978
    1680    1137.8256
    1681    1165.3466
    1682    1207.0066
    1683    1252.0462
    1684    1289.4175
    1685    1311.3226
    1686    1315.3142
    1687    1304.3762
    1688    1285.1628
    1689    1265.2415
    1690    1250.4795
    1691    1243.5372
    1692    1243.8716
    1693    1248.9556
    1694    1255.9445
    1695    1262.9216
    1696    1269.1817
    1697    1274.5714
    1698    1278.4316
    1699    1278.9276
    1700    1273.3178
    1701    1259.1430
    1702    1235.7782
    1703    1205.5730
    1704    1173.9540
    1705    1148.1696
    1706    1134.8758
    1707    1137.4153
    1708    1154.0028
    1709    1177.8056
    1710    1199.1414
    1711    1209.0889
    1712    1203.1481
    1713    1183.4523
    1714    1158.5325
    1715    1140.5147
    1716    1140.6581
    1717    1164.8349
    1718    1210.7121
    1719    1267.8345
    1720    1320.7092
    1721    1353.8363
    1722    1356.8756
    1723    1328.1459
    1724    1275.2817
    1725    1212.8448
    1726    1157.6565
    1727    1123.3672
    1728    1116.0974
    1729    1132.6768
    1730    1162.1290
    1731    1189.8926
    1732    1203.2792
    1733    1196.2039
    1734    1171.4785
    1735    1139.8112
    1736    1115.8483
    1737    1112.6871
    1738    1136.8488
    1739    1185.5427
    1740    1247.2368
    1741    1305.3786
    1742    1343.9399
    1743    1352.7502
    1744    1330.6604
    1745    1285.4480
    1746    1230.6398
    1747    1180.5568
    1748    1145.4949
    1749    1128.8012
    1750    1126.7755
    1751    1131.2082
    1752    1133.3970
    1753    1128.0150
    1754    1115.3629
    1755    1101.2040
    1756    1094.3132
    1757    1102.7503
    1758    1130.3535
    1759    1174.8627
    1760    1228.4022
    1761    1280.0946
    1762    1319.7468
    1763    1341.1747
    1764    1343.9441
    1765    1332.9404
    1766    1316.0086
    1767    1300.6205
    1768    1290.9014
    1769    1286.1993
    1770    1281.7469
    1771    1271.0906
    1772    1249.2213
    1773    1215.0701
    1774    1172.3298
    1775    1128.2937
    1776    1091.3251
    1777    1068.0973
    1778    1061.6559
    1779    1070.8767
    1780    1091.3831
    1781    1117.4692
    1782    1144.1796
    1783    1168.6643
    1784    1190.3454
    1785    1210.0552
    1786    1228.7342
    1787    1246.3318
    1788    1261.3548
    1789    1271.2522
    1790    1273.4905
    1791    1266.8566
    1792    1252.3616
    1793    1233.2409
    1794    1213.9427
    1795    1198.4611
    1796    1188.7144
    1797    1183.7131
    1798    1179.9873
    1799    1173.1860
    1800    1160.2040
    1801    1140.9046
    1802    1118.6564
    1803    1099.3978
    1804    1089.5263
    1805    1093.3783
    1806    1111.2806
    1807    1138.9970
    1808    1168.8817
    1809    1192.3798
    1810    1202.9795
    1811    1198.5325
    1812    1182.0641
    1813    1160.7179
    1814    1143.1610
    1815    1136.3943
    1816    1143.1673
    1817    1161.0137
    1818    1183.2591
    1819    1201.5871
    1820    1209.1627
    1821    1203.1553
    1822    1185.7617
    1823    1163.4085
    1824    1144.4377
    1825    1136.1013
    1826    1141.9357
    1827    1160.4606
    1828    1185.6929
    1829    1209.2987
    1830    1223.5941
    1831    1224.2969
    1832    1212.0146
    1833    1191.9399
    1834    1171.8771
    1835    1159.3427
    1836    1158.8315
    1837    1170.2679
    1838    1189.2196
    1839    1208.7743
    1840    1222.3281
    1841    1226.1655
    1842    1220.8016
    1843    1210.5876
    1844    1201.7859
    1845    1199.9401
    1846    1207.6135
    1847    1223.3609
    1848    1242.2955
    1849    1257.9719
    1850    1264.8306
    1851    1260.2544
    1852    1245.4810
    1853    1225.0624
    1854    1205.1241
    1855    1191.1154
    1856    1185.9264
    1857    1189.0720
    1858    1197.1858
    1859    1205.5406
    1860    1209.9596
    1861    1208.4107
    1862    1201.7502
    1863    1193.3995
    1864    1188.0665
    1865    1189.9438
    1866    1201.0203
    1867    1220.1770
    1868    1243.4738
    1869    1265.5500
    1870    1281.5733
    1871    1288.9383
    1872    1288.0352
    1873    1281.7948
    1874    1274.1733
    1875    1268.1757
    1876    1264.2402
    1877    1259.7338
    1878    1249.8847
    1879    1229.8089
    1880    1196.7771
    1881    1152.0050
    1882    1102.1292
    1883    1060.6171
    1884    1044.3997
    1885    1060.3315
    1886    1099.0308
    1887    1146.5532
    1888    1192.5479
    1889    1230.5846
    1890    1257.6841
    1891    1274.1307
    1892    1282.6064
    1893    1286.5087
    1894    1288.0902
    1895    1287.3022
    1896    1281.9008
    1897    1268.7465
    1898    1245.6644
    1899    1213.0080
    1900    1174.2256
    1901    1135.1783
    1902    1102.4854
    1903    1081.4936
    1904    1074.6021
    1905    1080.6374
    1906    1095.6809
    1907    1115.0337
    1908    1135.2912
    1909    1155.4829
    1910    1176.8205
    1911    1201.2994
    1912    1229.8658
    1913    1260.9812
    1914    1290.2916
    1915    1311.6901
    1916    1319.5087
    1917    1310.9847
    1918    1287.8824
    1919    1256.4420
    1920    1225.5397
    1921    1203.6449
    1922    1195.6994
    1923    1201.2469
    1924    1214.7853
    1925    1228.2577
    1926    1234.5183
    1927    1230.2278
    1928    1216.9927
    1929    1200.4037
    1930    1187.5678
    1931    1184.2531
    1932    1192.6637
    1933    1210.5111
    1934    1231.7167
    1935    1248.5934
    1936    1254.7569
    1937    1247.6250
    1938    1229.5089
    1939    1206.8380
    1940    1187.7854
    1941    1179.1785
    1942    1183.8500
    1943    1199.4371
    1944    1219.1529
    1945    1234.3470
    1946    1237.9055
    1947    1227.0960
    1948    1204.6794
    1949    1177.8727
    1950    1155.5862
    1951    1144.9892
    1952    1148.6703
    1953    1163.4951
    1954    1181.6891
    1955    1193.8427
    1956    1192.6934
    1957    1176.1626
    1958    1148.4742
    1959    1119.0057
    1960    1099.2483
    1961    1098.4870
    1962    1119.2885
    1963    1155.2428
    1964    1193.2036
    1965    1218.8874
    1966    1222.5261
    1967    1202.4312
    1968    1165.8167
    1969    1126.6974
    1970    1100.7490
    1971    1098.4402
    1972    1120.6649
    1973    1159.6706
    1974    1203.0205
    1975    1237.9028
    1976    1255.0193
    1977    1251.3619
    1978    1230.9900
    1979    1203.4805
    1980    1180.3731
    1981    1170.5313
    1982    1176.3023
    1983    1192.8172
    1984    1210.8265
    1985    1220.9632
    1986    1217.2952
    1987    1199.2146
    1988    1171.3465
    1989    1141.5968
    1990    1118.0656
    1991    1106.0502
    1992    1106.3021
    1993    1115.1602
    1994    1126.4017
    1995    1133.9750
    1996    1134.4957
    1997    1128.5128
    1998    1120.0625
    1999    1114.7214
    2000    1116.9913
