#Frame              T
       1    2984.3402
       2    2859.9813
       3    2655.8740
       4    2417.7519
       5    2193.6705
       6    2019.4300
       7    1908.8617
       8    1852.1722
       9    1822.6062
      10    1788.6500
      11    1727.0937
      12    1632.2092
      13    1517.9355
      14    1412.5715
      15    1348.0627
      16    1347.8897
      17    1418.0972
      18    1544.6650
      19    1697.7915
      20    1841.1176
      21    1942.5070
      22    1982.8363
      23    1960.1891
      24    1888.4779
      25    1791.3954
      26    1694.1531
      27    1616.0871
      28    1566.4930
      29    1544.4403
      30    1541.7592
      31    1547.5567
      32    1552.5072
      33    1551.6244
      34    1544.9702
      35    1536.5342
      36    1532.0960
      37    1537.0325
      38    1554.7882
      39    1586.2384
      40    1629.7659
      41    1681.6863
      42    1736.7456
      43    1788.5875
      44    1830.2296
      45    1854.7458
      46    1856.3761
      47    1832.1575
      48    1783.6398
      49    1717.7811
      50    1646.2035
      51    1582.6794
      52    1539.4912
      53    1523.8256
      54    1535.4655
      55    1566.6805
      56    1604.5396
      57    1635.0056
      58    1647.5204
      59    1638.5427
      60    1612.8030
      61    1581.7726
      62    1559.7552
      63    1558.8292
      64    1584.3281
      65    1632.4401
      66    1690.8472
      67    1742.3188
      68    1770.1721
      69    1763.8244
      70    1722.5729
      71    1656.2643
      72    1582.5074
      73    1521.2178
      74    1488.2152
      75    1490.0199
      76    1521.7011
      77    1568.6305
      78    1611.6275
      79    1633.7412
      80    1626.3008
      81    1592.0426
      82    1544.1147
      83    1501.2348
      84    1480.7834
      85    1492.4261
      86    1534.6613
      87    1595.5564
      88    1657.2988
      89    1702.7395
      90    1721.4448
      91    1713.0655
      92    1686.8982
      93    1657.8960
      94    1640.6592
      95    1643.7321
      96    1666.4065
      97    1699.2425
      98    1728.0010
      99    1739.3785
     100    1726.3338
     101    1690.9947
     102    1644.0434
     103    1600.7811
     104    1575.3591
     105    1575.4189
     106    1599.2541
     107    1636.6055
     108    1672.7271
     109    1694.0752
     110    1693.3465
     111    1671.9480
     112    1639.0240
     113    1607.5206
     114    1588.8923
     115    1588.5731
     116    1604.0049
     117    1625.9157
     118    1642.1504
     119    1642.3717
     120    1621.7791
     121    1582.5638
     122    1532.7863
     123    1483.3106
     124    1444.0661
     125    1420.9752
     126    1414.4212
     127    1419.5316
     128    1428.1579
     129    1432.0120
     130    1425.7205
     131    1408.4029
     132    1383.2935
     133    1356.0005
     134    1332.3893
     135    1316.8934
     136    1311.6679
     137    1316.5968
     138    1329.8428
     139    1348.5928
     140    1369.9076
     141    1391.6434
     142    1413.0697
     143    1434.8104
     144    1458.2245
     145    1484.6509
     146    1514.8195
     147    1548.5111
     148    1584.2890
     149    1619.1519
     150    1648.5097
     151    1667.3106
     152    1672.1847
     153    1663.1716
     154    1643.8485
     155    1619.8410
     156    1596.5377
     157    1577.0955
     158    1561.6070
     159    1547.7078
     160    1532.2259
     161    1513.1081
     162    1490.8235
     163    1468.6591
     164    1451.7558
     165    1445.2137
     166    1452.0348
     167    1471.7638
     168    1500.4126
     169    1531.6973
     170    1559.0917
     171    1577.8935
     172    1586.5304
     173    1586.6469
     174    1581.9861
     175    1576.5466
     176    1572.7700
     177    1570.5085
     178    1567.1843
     179    1559.0591
     180    1543.0680
     181    1518.4252
     182    1487.3189
     183    1454.3815
     184    1425.1401
     185    1404.0939
     186    1393.1957
     187    1391.3573
     188    1395.1704
     189    1400.5127
     190    1404.3155
     191    1405.6920
     192    1405.9477
     193    1407.5459
     194    1412.5776
     195    1421.5029
     196    1432.7604
     197    1443.4035
     198    1450.4215
     199    1452.1015
     200    1448.7940
     201    1442.7424
     202    1437.0149
     203    1433.9574
     204    1433.8903
     205    1434.9253
     206    1434.1929
     207    1429.7592
     208    1422.0307
     209    1413.9176
     210    1409.7983
     211    1413.8231
     212    1428.2685
     213    1452.5734
     214    1483.3531
     215    1515.2684
     216    1542.4601
     217    1560.2463
     218    1566.5071
     219    1562.0592
     220    1549.8656
     221    1533.6090
     222    1516.3332
     223    1499.6284
     224    1483.5678
     225    1467.4225
     226    1450.8113
     227    1434.5740
     228    1420.7543
     229    1411.7072
     230    1408.9152
     231    1412.1901
     232    1419.6851
     233    1428.7085
     234    1436.9585
     235    1443.5753
     236    1449.3631
     237    1455.8510
     238    1463.6516
     239    1471.3331
     240    1475.6683
     241    1472.9546
     242    1460.6062
     243    1438.4626
     244    1409.4018
     245    1378.8996
     246    1353.4807
     247    1338.5091
     248    1336.1592
     249    1344.4437
     250    1357.8044
     251    1369.1807
     252    1372.8467
     253    1366.9223
     254    1354.3887
     255    1341.8559
     256    1336.4257
     257    1342.2654
     258    1358.7048
     259    1380.4815
     260    1399.6695
     261    1408.5823
     262    1402.8262
     263    1383.3420
     264    1356.1769
     265    1329.6425
     266    1310.9213
     267    1304.4505
     268    1311.5615
     269    1330.2597
     270    1355.5907
     271    1381.0709
     272    1400.7452
     273    1411.1060
     274    1412.2990
     275    1408.2213
     276    1405.3360
     277    1410.4706
     278    1428.3156
     279    1459.4861
     280    1499.8245
     281    1541.2334
     282    1573.8438
     283    1588.9181
     284    1581.6108
     285    1552.6871
     286    1508.5881
     287    1459.7704
     288    1417.7515
     289    1391.7064
     290    1385.6172
     291    1396.8928
     292    1417.0247
     293    1434.2496
     294    1437.5042
     295    1420.3919
     296    1383.7746
     297    1335.9606
     298    1290.2799
     299    1260.7791
     300    1257.4820
     301    1282.8564
     302    1330.7386
     303    1388.1258
     304    1439.2774
     305    1470.7504
     306    1475.6832
     307    1455.8952
     308    1421.1054
     309    1385.5442
     310    1363.1368
     311    1362.9224
     312    1386.2888
     313    1426.8933
     314    1473.1390
     315    1512.1767
     316    1533.9384
     317    1533.8190
     318    1513.2978
     319    1478.6991
     320    1438.8914
     321    1402.7904
     322    1377.2691
     323    1365.8315
     324    1368.1595
     325    1380.4951
     326    1396.6927
     327    1409.7387
     328    1413.5080
     329    1404.4584
     330    1382.8646
     331    1353.1383
     332    1322.8932
     333    1300.8525
     334    1294.2470
     335    1306.5583
     336    1336.2410
     337    1376.7835
     338    1418.2253
     339    1449.8614
     340    1463.3974
     341    1455.5508
     342    1429.2175
     343    1392.7833
     344    1357.7219
     345    1335.1784
     346    1332.5901
     347    1351.3699
     348    1386.3386
     349    1427.0943
     350    1461.0196
     351    1477.1315
     352    1469.5328
     353    1439.2410
     354    1393.7777
     355    1344.7444
     356    1304.2602
     357    1281.3988
     358    1279.6792
     359    1296.2865
     360    1323.1779
     361    1349.7083
     362    1366.0106
     363    1366.1310
     364    1349.9582
     365    1323.3468
     366    1296.3829
     367    1280.2888
     368    1283.8647
     369    1310.5207
     370    1356.8352
     371    1413.1820
     372    1466.3588
     373    1503.5020
     374    1516.1123
     375    1502.8980
     376    1470.4322
     377    1431.2586
     378    1399.8999
     379    1388.0251
     380    1400.4993
     381    1433.8401
     382    1477.6727
     383    1518.5421
     384    1544.6047
     385    1549.5470
     386    1534.4516
     387    1507.0596
     388    1478.7555
     389    1460.3951
     390    1458.4943
     391    1473.1288
     392    1498.2345
     393    1524.0637
     394    1540.7709
     395    1541.7498
     396    1525.5311
     397    1495.6804
     398    1458.8981
     399    1422.2167
     400    1390.4958
     401    1365.2029
     402    1344.8138
     403    1326.4369
     404    1307.7958
     405    1288.6426
     406    1271.0221
     407    1258.3644
     408    1253.9038
     409    1259.2073
     410    1273.5069
     411    1294.1119
     412    1317.6255
     413    1341.2968
     414    1363.8039
     415    1385.0957
     416    1405.4775
     417    1424.5091
     418    1440.3780
     419    1450.1208
     420    1450.6712
     421    1440.2934
     422    1419.7473
     423    1392.6042
     424    1364.4697
     425    1341.3530
     426    1327.7830
     427    1325.4221
     428    1332.7186
     429    1345.7113
     430    1359.6221
     431    1370.5856
     432    1376.8510
     433    1379.0423
     434    1379.4737
     435    1380.8687
     436    1385.0451
     437    1392.1066
     438    1400.4472
     439    1407.5199
     440    1410.9726
     441    1409.5853
     442    1403.5683
     443    1394.1667
     444    1382.8955
     445    1370.8669
     446    1358.5554
     447    1346.0329
     448    1333.4305
     449    1321.3056
     450    1310.7559
     451    1303.2588
     452    1300.2085
     453    1302.2189
     454    1308.5191
     455    1316.8671
     456    1324.2393
     457    1328.1498
     458    1327.9503
     459    1325.1161
     460    1322.1798
     461    1321.4820
     462    1324.8109
     463    1333.3067
     464    1346.9326
     465    1363.9768
     466    1381.2347
     467    1394.9373
     468    1402.0185
     469    1401.1843
     470    1393.3587
     471    1381.3429
     472    1368.8144
     473    1359.0361
     474    1353.7163
     475    1352.4045
     476    1352.6139
     477    1350.6478
     478    1342.9016
     479    1327.2700
     480    1304.1905
     481    1276.8704
     482    1250.5230
     483    1230.9375
     484    1222.9541
     485    1229.1905
     486    1249.1579
     487    1279.0438
     488    1312.4339
     489    1341.9521
     490    1361.3643
     491    1367.4610
     492    1361.0723
     493    1346.8186
     494    1331.5962
     495    1322.2457
     496    1323.1607
     497    1334.6738
     498    1352.8597
     499    1370.9227
     500    1381.7352
     501    1380.5844
     502    1367.0594
     503    1345.3466
     504    1322.8231
     505    1307.4813
     506    1305.1138
     507    1317.2718
     508    1340.7316
     509    1368.6486
     510    1392.9367
     511    1406.9738
     512    1407.6577
     513    1396.1472
     514    1377.1658
     515    1357.2515
     516    1342.6339
     517    1337.4160
     518    1342.5562
     519    1355.9008
     520    1373.1993
     521    1389.5942
     522    1400.8912
     523    1404.2074
     524    1398.1381
     525    1382.8538
     526    1360.3188
     527    1334.4193
     528    1310.5992
     529    1294.7921
     530    1291.8216
     531    1303.7505
     532    1328.7984
     533    1361.3303
     534    1393.1138
     535    1415.6069
     536    1422.6135
     537    1412.4425
     538    1388.7753
     539    1359.7989
     540    1335.6996
     541    1325.2264
     542    1332.4787
     543    1355.1160
     544    1384.7698
     545    1409.6580
     546    1418.6234
     547    1405.2718
     548    1370.7967
     549    1324.3006
     550    1279.9970
     551    1251.9767
     552    1249.0098
     553    1271.9072
     554    1313.7908
     555    1362.3500
     556    1403.3959
     557    1425.0282
     558    1421.3439
     559    1394.4864
     560    1354.1770
     561    1314.6893
     562    1290.1904
     563    1289.9923
     564    1315.3374
     565    1358.9315
     566    1407.4737
     567    1446.1862
     568    1463.6065
     569    1455.0471
     570    1423.8118
     571    1379.9688
     572    1337.1018
     573    1307.9599
     574    1300.3115
     575    1314.3592
     576    1342.6296
     577    1372.4368
     578    1390.1434
     579    1385.8171
     580    1356.6492
     581    1307.9527
     582    1251.5757
     583    1202.4354
     584    1174.1411
     585    1174.8716
     586    1204.8754
     587    1256.4590
     588    1316.3998
     589    1369.9846
     590    1405.4429
     591    1417.3526
     592    1407.8857
     593    1385.5206
     594    1361.7675
     595    1347.1562
     596    1347.8990
     597    1364.2628
     598    1390.9895
     599    1419.3851
     600    1440.2085
     601    1446.3481
     602    1434.5177
     603    1405.6810
     604    1364.3717
     605    1317.3773
     606    1272.2843
     607    1236.2129
     608    1214.8117
     609    1211.4360
     610    1226.4937
     611    1257.1300
     612    1297.5591
     613    1340.2159
     614    1377.5724
     615    1404.0937
     616    1417.7499
     617    1420.6347
     618    1418.3891
     619    1418.3308
     620    1426.6318
     621    1445.5218
     622    1471.7595
     623    1497.1869
     624    1511.2708
     625    1504.7485
     626    1473.1253
     627    1418.8127
     628    1351.0804
     629    1283.6932
     630    1230.9050
     631    1203.1178
     632    1203.6914
     633    1228.0414
     634    1265.3560
     635    1302.3115
     636    1327.4673
     637    1334.8254
     638    1325.3734
     639    1306.1776
     640    1287.4483
     641    1278.6720
     642    1285.1694
     643    1306.2479
     644    1335.5212
     645    1363.1962
     646    1379.4473
     647    1377.6836
     648    1356.6445
     649    1320.7337
     650    1278.6280
     651    1240.7207
     652    1216.2406
     653    1210.8870
     654    1225.5882
     655    1256.6099
     656    1296.8274
     657    1337.6979
     658    1371.3718
     659    1392.4419
     660    1398.9683
     661    1392.6142
     662    1377.9172
     663    1360.8944
     664    1347.3078
     665    1341.0084
     666    1342.8173
     667    1350.2915
     668    1358.4828
     669    1361.5437
     670    1354.7746
     671    1336.4951
     672    1309.0481
     673    1278.3896
     674    1252.2331
     675    1237.4278
     676    1237.7045
     677    1252.6322
     678    1277.9526
     679    1306.9691
     680    1332.5137
     681    1348.9371
     682    1353.5554
     683    1347.1372
     684    1333.3311
     685    1317.2878
     686    1304.0010
     687    1296.9412
     688    1297.3624
     689    1304.3214
     690    1315.2055
     691    1326.5186
     692    1334.7588
     693    1337.2638
     694    1332.9070
     695    1322.4807
     696    1308.6372
     697    1295.3074
     698    1286.6441
     699    1285.7128
     700    1293.3132
     701    1307.3795
     702    1323.2969
     703    1335.1870
     704    1337.8544
     705    1328.7839
     706    1309.4512
     707    1285.3208
     708    1264.3276
     709    1254.2543
     710    1259.9285
     711    1281.3159
     712    1313.2677
     713    1347.0968
     714    1373.4577
     715    1385.4994
     716    1381.1301
     717    1363.5753
     718    1340.0609
     719    1319.1628
     720    1307.8236
     721    1309.1067
     722    1321.4627
     723    1339.6912
     724    1357.1512
     725    1368.3210
     726    1370.7244
     727    1365.5484
     728    1356.8232
     729    1349.5754
     730    1347.7477
     731    1352.7027
     732    1362.8605
     733    1374.5177
     734    1383.4248
     735    1386.4161
     736    1382.4045
     737    1372.3885
     738    1358.5714
     739    1343.0954
     740    1327.0399
     741    1310.1668
     742    1291.5295
     743    1270.5951
     744    1248.2745
     745    1227.2552
     746    1211.3679
     747    1204.1964
     748    1207.5488
     749    1220.5250
     750    1239.6686
     751    1260.1828
     752    1277.6801
     753    1289.7025
     754    1296.3862
     755    1300.0443
     756    1303.8808
     757    1310.3963
     758    1320.1450
     759    1331.3343
     760    1340.4366
     761    1343.5707
     762    1338.0995
     763    1323.8114
     764    1303.2186
     765    1280.8625
     766    1261.9100
     767    1250.5658
     768    1248.8670
     769    1256.2227
     770    1269.7938
     771    1285.4942
     772    1299.2533
     773    1308.1250
     774    1310.9346
     775    1308.3528
     776    1302.4803
     777    1296.1162
     778    1291.9209
     779    1291.6836
     780    1295.9101
     781    1303.8156
     782    1313.6561
     783    1323.2416
     784    1330.5007
     785    1333.9443
     786    1332.9059
     787    1327.5856
     788    1319.0392
     789    1309.0876
     790    1299.9614
     791    1293.6810
     792    1291.4153
     793    1293.1426
     794    1297.7555
     795    1303.5542
     796    1308.8886
     797    1312.6618
     798    1314.5002
     799    1314.5802
     800    1313.3038
     801    1311.0601
     802    1308.2324
     803    1305.4146
     804    1303.6256
     805    1304.2526
     806    1308.5837
     807    1317.0144
     808    1328.2535
     809    1338.9747
     810    1344.3667
     811    1339.7048
     812    1322.4593
     813    1293.9805
     814    1259.8712
     815    1228.7093
     816    1209.4279
     817    1208.2159
     818    1226.0848
     819    1258.1169
     820    1294.8455
     821    1325.3999
     822    1341.3306
     823    1339.7058
     824    1324.2763
     825    1304.1715
     826    1290.4993
     827    1292.0435
     828    1311.6649
     829    1344.8214
     830    1380.8622
     831    1406.6819
     832    1411.3996
     833    1390.3131
     834    1346.6570
     835    1290.5526
     836    1235.5658
     837    1194.1725
     838    1173.8081
     839    1174.9146
     840    1191.5820
     841    1214.3576
     842    1234.0127
     843    1244.8056
     844    1246.0868
     845    1241.7951
     846    1238.2487
     847    1241.2766
     848    1253.8766
     849    1275.1913
     850    1300.9828
     851    1325.2492
     852    1342.2742
     853    1348.3418
     854    1342.5792
     855    1326.8011
     856    1304.6136
     857    1280.2368
     858    1257.4697
     859    1239.0233
     860    1226.2391
     861    1219.1043
     862    1216.4621
     863    1216.3736
     864    1216.5982
     865    1215.1388
     866    1210.7758
     867    1203.4633
     868    1194.4412
     869    1185.9892
     870    1180.8617
     871    1181.5453
     872    1189.5473
     873    1204.9492
     874    1226.4029
     875    1251.5650
     876    1277.7655
     877    1302.6737
     878    1324.8076
     879    1343.7592
     880    1360.0175
     881    1374.4372
     882    1387.5984
     883    1399.3741
     884    1408.8943
     885    1414.8919
     886    1416.2181
     887    1412.2681
     888    1403.1331
     889    1389.4791
     890    1372.3015
     891    1352.7805
     892    1332.3566
     893    1312.9317
     894    1296.9235
     895    1286.9259
     896    1284.9391
     897    1291.4262
     898    1304.6677
     899    1320.8656
     900    1335.1221
     901    1342.9815
     902    1341.9155
     903    1332.1599
     904    1316.5643
     905    1299.4889
     906    1285.1637
     907    1276.1458
     908    1272.4700
     909    1271.8251
     910    1270.6786
     911    1265.8995
     912    1256.2531
     913    1243.2271
     914    1230.8779
     915    1224.6356
     916    1229.3510
     917    1247.2512
     918    1276.6456
     919    1311.9939
     920    1345.4134
     921    1369.0942
     922    1377.7168
     923    1369.9784
     924    1348.7170
     925    1319.6694
     926    1289.4017
     927    1263.2061
     928    1243.6928
     929    1230.4788
     930    1220.9534
     931    1211.7462
     932    1200.3111
     933    1186.0455
     934    1170.5667
     935    1157.1290
     936    1149.4633
     937    1150.5005
     938    1161.4024
     939    1181.1867
     940    1207.0272
     941    1235.0764
     942    1261.4865
     943    1283.2788
     944    1298.8263
     945    1307.9183
     946    1311.5126
     947    1311.3234
     948    1309.3550
     949    1307.4453
     950    1306.8568
     951    1307.9903
     952    1310.2926
     953    1312.4116
     954    1312.5797
     955    1309.1380
     956    1301.0388
     957    1288.1378
     958    1271.1541
     959    1251.3482
     960    1230.1982
     961    1209.5228
     962    1192.1509
     963    1181.8552
     964    1180.7827
     965    1186.9717
     966    1196.3033
     967    1205.9585
     968    1215.2669
     969    1224.8654
     970    1235.8674
     971    1249.4160
     972    1266.4167
     973    1287.2722
     974    1311.6148
     975    1338.1329
     976    1364.6291
     977    1388.3123
     978    1406.2416
     979    1415.8166
     980    1415.2557
     981    1404.0077
     982    1383.0051
     983    1354.6498
     984    1322.4614
     985    1290.4089
     986    1262.0794
     987    1239.9217
     988    1224.8384
     989    1216.2666
     990    1212.7239
     991    1212.6182
     992    1214.9810
     993    1219.8031
     994    1227.8237
     995    1239.8757
     996    1256.0873
     997    1275.2954
     998    1294.9457
     999    1311.5648
    1000    1321.7177
    1001    1322.9864
    1002    1315.0080
    1003    1299.6539
    1004    1280.5610
    1005    1261.9501
    1006    1247.1885
    1007    1237.6962
    1008    1232.6473
    1009    1229.5677
    1010    1225.5533
    1011    1218.6085
    1012    1208.5784
    1013    1197.3132
    1014    1188.0142
    1015    1184.0270
    1016    1187.5759
    1017    1198.9222
    1018    1216.2326
    1019    1236.1391
    1020    1254.7388
    1021    1268.6601
    1022    1275.8665
    1023    1275.9781
    1024    1270.0848
    1025    1260.1851
    1026    1248.4853
    1027    1236.8010
    1028    1226.1993
    1029    1216.9287
    1030    1208.5976
    1031    1200.5418
    1032    1192.3062
    1033    1184.1008
    1034    1176.9780
    1035    1172.5202
    1036    1172.2244
    1037    1177.1249
    1038    1187.7839
    1039    1204.2021
    1040    1225.3946
    1041    1248.9942
    1042    1271.3888
    1043    1288.5499
    1044    1297.2682
    1045    1296.2563
    1046    1286.5885
    1047    1271.2380
    1048    1253.8714
    1049    1237.4344
    1050    1223.1621
    1051    1210.4428
    1052    1197.5453
    1053    1182.8232
    1054    1165.8516
    1055    1148.0629
    1056    1132.6517
    1057    1123.7052
    1058    1124.7528
    1059    1137.2425
    1060    1159.5889
    1061    1187.2714
    1062    1214.0487
    1063    1233.9323
    1064    1243.2604
    1065    1242.1252
    1066    1234.5694
    1067    1227.3769
    1068    1227.8051
    1069    1241.0260
    1070    1268.1904
    1071    1305.8028
    1072    1346.6244
    1073    1381.8277
    1074    1403.7242
    1075    1408.1591
    1076    1395.7177
    1077    1371.3165
    1078    1342.3489
    1079    1316.0968
    1080    1297.3398
    1081    1286.9936
    1082    1282.1884
    1083    1277.6560
    1084    1267.8087
    1085    1248.7968
    1086    1219.9776
    1087    1184.4228
    1088    1148.2429
    1089    1118.8409
    1090    1102.6488
    1091    1103.0981
    1092    1119.4827
    1093    1147.0669
    1094    1178.4270
    1095    1205.6698
    1096    1222.8841
    1097    1228.0496
    1098    1223.7284
    1099    1216.2161
    1100    1213.3651
    1101    1221.7580
    1102    1244.1604
    1103    1278.1387
    1104    1316.4122
    1105    1348.9553
    1106    1366.2230
    1107    1362.3966
    1108    1337.4735
    1109    1297.4234
    1110    1252.3180
    1111    1213.0719
    1112    1187.9547
    1113    1180.1735
    1114    1187.4739
    1115    1203.8249
    1116    1222.0337
    1117    1235.7700
    1118    1240.9083
    1119    1237.0306
    1120    1228.2067
    1121    1221.5683
    1122    1224.1880
    1123    1239.9919
    1124    1268.0500
    1125    1302.7501
    1126    1335.6124
    1127    1358.0147
    1128    1363.8671
    1129    1351.3829
    1130    1323.4413
    1131    1286.5118
    1132    1248.5982
    1133    1216.9455
    1134    1196.2641
    1135    1187.9488
    1136    1190.3479
    1137    1199.7965
    1138    1211.9653
    1139    1223.1040
    1140    1230.8755
    1141    1234.6540
    1142    1235.3144
    1143    1234.6638
    1144    1234.7042
    1145    1236.9165
    1146    1241.7254
    1147    1248.2700
    1148    1254.5339
    1149    1257.8205
    1150    1255.4753
    1151    1245.6704
    1152    1228.0653
    1153    1204.1941
    1154    1177.4728
    1155    1152.7312
    1156    1135.2496
    1157    1129.4428
    1158    1137.5441
    1159    1158.7254
    1160    1189.0441
    1161    1222.3807
    1162    1252.1662
    1163    1273.3117
    1164    1283.6121
    1165    1284.1360
    1166    1278.5504
    1167    1271.7043
    1168    1267.9788
    1169    1269.9137
    1170    1277.4903
    1171    1288.2341
    1172    1298.0913
    1173    1302.7622
    1174    1299.0446
    1175    1285.7791
    1176    1264.1789
    1177    1237.5317
    1178    1210.4069
    1179    1187.5802
    1180    1172.9065
    1181    1168.3670
    1182    1173.4387
    1183    1184.9280
    1184    1197.5714
    1185    1205.6508
    1186    1205.2137
    1187    1195.8289
    1188    1180.9789
    1189    1166.9034
    1190    1160.3513
    1191    1166.0703
    1192    1184.9160
    1193    1213.2345
    1194    1243.8382
    1195    1268.3883
    1196    1280.3513
    1197    1277.3425
    1198    1261.9361
    1199    1240.6932
    1200    1221.8241
    1201    1212.3410
    1202    1215.7000
    1203    1230.6965
    1204    1251.9336
    1205    1271.6607
    1206    1282.3674
    1207    1279.2850
    1208    1261.9635
    1209    1234.4094
    1210    1203.7737
    1211    1178.1161
    1212    1164.0470
    1213    1164.9700
    1214    1180.3148
    1215    1205.8676
    1216    1235.0490
    1217    1260.7773
    1218    1277.3933
    1219    1282.1086
    1220    1275.6189
    1221    1261.7689
    1222    1246.3728
    1223    1235.4432
    1224    1233.2046
    1225    1240.4721
    1226    1254.1758
    1227    1268.5048
    1228    1277.2540
    1229    1276.2304
    1230    1264.7224
    1231    1245.6651
    1232    1224.6696
    1233    1208.3306
    1234    1202.2776
    1235    1209.4365
    1236    1228.9409
    1237    1256.0561
    1238    1283.2542
    1239    1302.2327
    1240    1306.3253
    1241    1292.5925
    1242    1262.9343
    1243    1223.8136
    1244    1184.5177
    1245    1154.3620
    1246    1139.7078
    1247    1141.8835
    1248    1156.8553
    1249    1176.8797
    1250    1193.5219
    1251    1200.7591
    1252    1196.7804
    1253    1183.9690
    1254    1167.7750
    1255    1155.2746
    1256    1153.3023
    1257    1166.1076
    1258    1193.4194
    1259    1230.0126
    1260    1267.1383
    1261    1295.3462
    1262    1307.6692
    1263    1302.0312
    1264    1281.9831
    1265    1255.4312
    1266    1231.7569
    1267    1218.4459
    1268    1218.6000
    1269    1230.2357
    1270    1247.3861
    1271    1262.3813
    1272    1268.4620
    1273    1261.9311
    1274    1243.2465
    1275    1216.7732
    1276    1189.3275
    1277    1168.0131
    1278    1158.0684
    1279    1161.4265
    1280    1176.4125
    1281    1198.6264
    1282    1222.6355
    1283    1243.8199
    1284    1259.7413
    1285    1270.6818
    1286    1279.2823
    1287    1289.3634
    1288    1304.2337
    1289    1325.0773
    1290    1350.1103
    1291    1374.9201
    1292    1393.9128
    1293    1402.3424
    1294    1398.0932
    1295    1382.4481
    1296    1359.5115
    1297    1334.5473
    1298    1311.9774
    1299    1293.9261
    1300    1280.0043
    1301    1268.4343
    1302    1257.5965
    1303    1246.6526
    1304    1235.5311
    1305    1225.5263
    1306    1219.5619
    1307    1220.7216
    1308    1229.9363
    1309    1244.6013
    1310    1259.0203
    1311    1266.4870
    1312    1262.0579
    1313    1244.7814
    1314    1218.3670
    1315    1189.9344
    1316    1167.2798
    1317    1155.7645
    1318    1156.1077
    1319    1164.0366
    1320    1171.9822
    1321    1172.1840
    1322    1160.0077
    1323    1136.1507
    1324    1106.8302
    1325    1081.8151
    1326    1070.9783
    1327    1080.6550
    1328    1111.1627
    1329    1156.4106
    1330    1205.7572
    1331    1247.4489
    1332    1272.4167
    1333    1277.0683
    1334    1264.0791
    1335    1240.9578
    1336    1217.0089
    1337    1199.9090
    1338    1193.1824
    1339    1195.4285
    1340    1201.4190
    1341    1204.4828
    1342    1199.2144
    1343    1183.5822
    1344    1159.8089
    1345    1133.7865
    1346    1113.2294
    1347    1105.1850
    1348    1113.7339
    1349    1138.6417
    1350    1175.3531
    1351    1216.2626
    1352    1252.8278
    1353    1277.8674
    1354    1287.3589
    1355    1281.2229
    1356    1262.9284
    1357    1238.1724
    1358    1213.1275
    1359    1192.7898
    1360    1179.8144
    1361    1174.1073
    1362    1173.2753
    1363    1173.7747
    1364    1172.3078
    1365    1166.9761
    1366    1157.8594
    1367    1146.9328
    1368    1137.4085
    1369    1132.7297
    1370    1135.5171
    1371    1146.7791
    1372    1165.5931
    1373    1189.3039
    1374    1214.1440
    1375    1236.0489
    1376    1251.4550
    1377    1257.9386
    1378    1254.6329
    1379    1242.4012
    1380    1223.7325
    1381    1202.2985
    1382    1182.2050
    1383    1167.0713
    1384    1159.1525
    1385    1158.7537
    1386    1164.1384
    1387    1172.0404
    1388    1178.7301
    1389    1181.3615
    1390    1179.1452
    1391    1173.8585
    1392    1169.3918
    1393    1170.3824
    1394    1180.3715
    1395    1200.1522
    1396    1226.9745
    1397    1254.9909
    1398    1276.9115
    1399    1286.3536
    1400    1280.0907
    1401    1259.3785
    1402    1229.8184
    1403    1199.7066
    1404    1177.3704
    1405    1168.3803
    1406    1173.6392
    1407    1189.0664
    1408    1207.0299
    1409    1219.0605
    1410    1218.8766
    1411    1204.6508
    1412    1179.7006
    1413    1151.3597
    1414    1128.4430
    1415    1118.2276
    1416    1124.0454
    1417    1144.3163
    1418    1173.2879
    1419    1203.1081
    1420    1226.3966
    1421    1238.3937
    1422    1238.0129
    1423    1227.6212
    1424    1211.8414
    1425    1195.9585
    1426    1184.4994
    1427    1180.3180
    1428    1184.2349
    1429    1195.0799
    1430    1209.9727
    1431    1224.7768
    1432    1234.7740
    1433    1235.6035
    1434    1224.4066
    1435    1200.9218
    1436    1168.1337
    1437    1132.0800
    1438    1100.6242
    1439    1081.3655
    1440    1079.2500
    1441    1094.6852
    1442    1122.9236
    1443    1155.1157
    1444    1180.8715
    1445    1191.5745
    1446    1183.3342
    1447    1158.5037
    1448    1125.1544
    1449    1094.5968
    1450    1077.7393
    1451    1081.4826
    1452    1106.3750
    1453    1146.3250
    1454    1190.4933
    1455    1226.7475
    1456    1245.5387
    1457    1242.9227
    1458    1221.7326
    1459    1190.5478
    1460    1160.8329
    1461    1143.2050
    1462    1144.0215
    1463    1163.3455
    1464    1194.9108
    1465    1228.0811
    1466    1251.1975
    1467    1255.2841
    1468    1236.9546
    1469    1199.5910
    1470    1152.3821
    1471    1107.5202
    1472    1076.4796
    1473    1066.5798
    1474    1078.8810
    1475    1107.9811
    1476    1143.7496
    1477    1174.4926
    1478    1190.6356
    1479    1187.7950
    1480    1168.1992
    1481    1139.9133
    1482    1114.0763
    1483    1101.0516
    1484    1106.7950
    1485    1130.6897
    1486    1165.6433
    1487    1200.4640
    1488    1223.7135
    1489    1227.6750
    1490    1211.0174
    1491    1179.2173
    1492    1142.6102
    1493    1112.7876
    1494    1098.6448
    1495    1103.4790
    1496    1124.1550
    1497    1152.5733
    1498    1178.8261
    1499    1194.8049
    1500    1196.9069
    1501    1186.8780
    1502    1170.5998
    1503    1155.4213
    1504    1147.1672
    1505    1148.0050
    1506    1155.9366
    1507    1165.9812
    1508    1172.4422
    1509    1171.2637
    1510    1161.5329
    1511    1145.6160
    1512    1127.9931
    1513    1113.3895
    1514    1105.0263
    1515    1103.6869
    1516    1107.8766
    1517    1114.8602
    1518    1122.0196
    1519    1127.9193
    1520    1132.6750
    1521    1137.6007
    1522    1144.3857
    1523    1154.1656
    1524    1166.8297
    1525    1180.8952
    1526    1194.1445
    1527    1204.7286
    1528    1212.0302
    1529    1216.7589
    1530    1220.3213
    1531    1223.9007
    1532    1227.7327
    1533    1230.9065
    1534    1231.7464
    1535    1228.5695
    1536    1220.4651
    1537    1207.7554
    1538    1191.9602
    1539    1175.3139
    1540    1160.0565
    1541    1147.7940
    1542    1139.1613
    1543    1133.8963
    1544    1131.2521
    1545    1130.5413
    1546    1131.5539
    1547    1134.6701
    1548    1140.6229
    1549    1150.0363
    1550    1162.9573
    1551    1178.5910
    1552    1195.3815
    1553    1211.4271
    1554    1225.0837
    1555    1235.5199
    1556    1242.9748
    1557    1248.5820
    1558    1253.7916
    1559    1259.5953
    1560    1265.8621
    1561    1271.0718
    1562    1272.5883
    1563    1267.4073
    1564    1253.1520
    1565    1229.0100
    1566    1196.3090
    1567    1158.5374
    1568    1120.7757
    1569    1088.6816
    1570    1067.2284
    1571    1059.4638
    1572    1065.5790
    1573    1082.6324
    1574    1105.1792
    1575    1126.7741
    1576    1141.9512
    1577    1148.0244
    1578    1146.0249
    1579    1140.3323
    1580    1136.9556
    1581    1140.9950
    1582    1154.2947
    1583    1174.3501
    1584    1194.9779
    1585    1208.4904
    1586    1208.5844
    1587    1192.9162
    1588    1164.3762
    1589    1130.4814
    1590    1100.9767
    1591    1084.4288
    1592    1085.0782
    1593    1101.1733
    1594    1125.5087
    1595    1148.0407
    1596    1159.6335
    1597    1155.5167
    1598    1137.1153
    1599    1111.5286
    1600    1088.8268
    1601    1078.1949
    1602    1084.4225
    1603    1106.1212
    1604    1136.3596
    1605    1165.3624
    1606    1184.1092
    1607    1187.4085
    1608    1175.3873
    1609    1153.0356
    1610    1128.1911
    1611    1108.8425
    1612    1100.7553
    1613    1106.1658
    1614    1123.7646
    1615    1149.6462
    1616    1178.5904
    1617    1205.2009
    1618    1224.8256
    1619    1234.3593
    1620    1232.8141
    1621    1221.4205
    1622    1203.2056
    1623    1182.2311
    1624    1162.6839
    1625    1147.9509
    1626    1139.7903
    1627    1137.7874
    1628    1139.3575
    1629    1140.4422
    1630    1136.8044
    1631    1125.5556
    1632    1106.3987
    1633    1082.0970
    1634    1057.9117
    1635    1040.0860
    1636    1033.8295
    1637    1041.4630
    1638    1061.3912
    1639    1088.3366
    1640    1114.8828
    1641    1133.8869
    1642    1140.9363
    1643    1135.9131
    1644    1123.0360
    1645    1109.3346
    1646    1102.1103
    1647    1106.3189
    1648    1122.8190
    1649    1148.0992
    1650    1175.5442
    1651    1197.7217
    1652    1208.8428
    1653    1206.5401
    1654    1192.3998
    1655    1171.1675
    1656    1148.9963
    1657    1131.4023
    1658    1121.6370
    1659    1119.9825
    1660    1124.0996
    1661    1130.1783
    1662    1134.3864
    1663    1134.1033
    1664    1128.5962
    1665    1119.0459
    1666    1108.0506
    1667    1098.8565
    1668    1094.5370
    1669    1097.2725
    1670    1107.8095
    1671    1125.2119
    1672    1147.0303
    1673    1169.9632
    1674    1190.8478
    1675    1207.6185
    1676    1219.8283
    1677    1228.5134
    1678    1235.4510
    1679    1242.1387
    1680    1248.9508
    1681    1254.8892
    1682    1258.0787
    1683    1256.7777
    1684    1250.3810
    1685    1239.8495
    1686    1227.3078
    1687    1215.0555
    1688    1204.5662
    1689    1195.9592
    1690    1188.1102
    1691    1179.2864
    1692    1168.0501
    1693    1154.0981
    1694    1138.6906
    1695    1124.4690
    1696    1114.7365
    1697    1112.4301
    1698    1118.9226
    1699    1132.8836
    1700    1150.0967
    1701    1165.1573
    1702    1174.2873
    1703    1177.2451
    1704    1177.1381
    1705    1178.4740
    1706    1184.6500
    1707    1196.1381
    1708    1210.0832
    1709    1221.3001
    1710    1224.2031
    1711    1214.9646
    1712    1193.1572
    1713    1162.2508
    1714    1128.7296
    1715    1100.0878
    1716    1082.3983
    1717    1078.3562
    1718    1086.5375
    1719    1102.1316
    1720    1118.8443
    1721    1131.2369
    1722    1136.6055
    1723    1135.6392
    1724    1131.6102
    1725    1128.5617
    1726    1129.4609
    1727    1135.1078
    1728    1144.0536
    1729    1153.3287
    1730    1159.6214
    1731    1160.4747
    1732    1155.0787
    1733    1144.4064
    1734    1130.7210
    1735    1116.7474
    1736    1104.9199
    1737    1096.9783
    1738    1093.9396
    1739    1096.2502
    1740    1103.9057
    1741    1116.4115
    1742    1132.6289
    1743    1150.6467
    1744    1167.8660
    1745    1181.4140
    1746    1188.8589
    1747    1189.0073
    1748    1182.4372
    1749    1171.4469
    1750    1159.3305
    1751    1149.2029
    1752    1142.8386
    1753    1140.0227
    1754    1138.7189
    1755    1136.0156
    1756    1129.4742
    1757    1118.3241
    1758    1104.0196
    1759    1089.9361
    1760    1080.3438
    1761    1079.0589
    1762    1088.2855
    1763    1108.0444
    1764    1136.3086
    1765    1169.6747
    1766    1204.2309
    1767    1236.2804
    1768    1262.7534
    1769    1281.3394
    1770    1290.5189
    1771    1289.6659
    1772    1279.2628
    1773    1261.0979
    1774    1238.2261
    1775    1214.5113
    1776    1193.7552
    1777    1178.6497
    1778    1169.9454
    1779    1166.2227
    1780    1164.4585
    1781    1161.2746
    1782    1154.4427
    1783    1144.0416
    1784    1132.7541
    1785    1125.0904
    1786    1125.7635
    1787    1137.8080
    1788    1161.1675
    1789    1192.3065
    1790    1225.0171
    1791    1252.1404
    1792    1267.6049
    1793    1268.1134
    1794    1253.9555
    1795    1228.7519
    1796    1198.2948
    1797    1168.9274
    1798    1146.0026
    1799    1132.8326
    1800    1130.2986
    1801    1137.0351
    1802    1149.9363
    1803    1164.8193
    1804    1177.2929
    1805    1183.8553
    1806    1182.8783
    1807    1175.0373
    1808    1163.0363
    1809    1150.7909
    1810    1142.3016
    1811    1140.4645
    1812    1146.0965
    1813    1157.4831
    1814    1170.6932
    1815    1180.6967
    1816    1183.0445
    1817    1175.5806
    1818    1159.5659
    1819    1139.7069
    1820    1122.9385
    1821    1116.2596
    1822    1124.3111
    1823    1147.5590
    1824    1181.7929
    1825    1219.2049
    1826    1250.7418
    1827    1268.9296
    1828    1270.1733
    1829    1255.7172
    1830    1230.9462
    1831    1203.3418
    1832    1179.8962
    1833    1164.9576
    1834    1159.2275
    1835    1160.1101
    1836    1163.1121
    1837    1163.7497
    1838    1159.3733
    1839    1150.3129
    1840    1139.8530
    1841    1133.0101
    1842    1134.6324
    1843    1147.5951
    1844    1171.7407
    1845    1203.8346
    1846    1238.4209
    1847    1269.2125
    1848    1290.5848
    1849    1298.8103
    1850    1292.8267
    1851    1274.4375
    1852    1247.9197
    1853    1219.0664
    1854    1193.7958
    1855    1176.6162
    1856    1169.3651
    1857    1170.6803
    1858    1176.4843
    1859    1181.4327
    1860    1180.8940
    1861    1172.7758
    1862    1158.4969
    1863    1142.6901
    1864    1131.6349
    1865    1130.8992
    1866    1143.0220
    1867    1166.1245
    1868    1194.0518
    1869    1218.1129
    1870    1229.8776
    1871    1224.0618
    1872    1200.4556
    1873    1164.1655
    1874    1124.0694
    1875    1090.0211
    1876    1069.7966
    1877    1066.8315
    1878    1079.4833
    1879    1101.9733
    1880    1126.5668
    1881    1146.1501
    1882    1156.3152
    1883    1156.3163
    1884    1148.7150
    1885    1138.0161
    1886    1128.9094
    1887    1124.7666
    1888    1126.8371
    1889    1134.2355
    1890    1144.5408
    1891    1154.6814
    1892    1161.8086
    1893    1163.9547
    1894    1160.4042
    1895    1151.7890
    1896    1139.9857
    1897    1127.8498
    1898    1118.7812
    1899    1116.0810
    1900    1122.1252
    1901    1137.5227
    1902    1160.5542
    1903    1187.2097
    1904    1211.9836
    1905    1229.2998
    1906    1235.1547
    1907    1228.4215
    1908    1211.3122
    1909    1188.7763
    1910    1166.9735
    1911    1151.3196
    1912    1144.7874
    1913    1147.0846
    1914    1154.9955
    1915    1163.7460
    1916    1168.8493
    1917    1167.7263
    1918    1160.4919
    1919    1149.6421
    1920    1138.8496
    1921    1131.4310
    1922    1129.1708
    1923    1131.9573
    1924    1138.2791
    1925    1146.2319
    1926    1154.4739
    1927    1162.6734
    1928    1171.3009
    1929    1180.9657
    1930    1191.7235
    1931    1202.7491
    1932    1212.5407
    1933    1219.5348
    1934    1222.7823
    1935    1222.3199
    1936    1219.0325
    1937    1214.0701
    1938    1208.1352
    1939    1201.0491
    1940    1191.8562
    1941    1179.4639
    1942    1163.5186
    1943    1145.0894
    1944    1126.7547
    1945    1111.9350
    1946    1103.6657
    1947    1103.3374
    1948    1110.0140
    1949    1120.7315
    1950    1131.7249
    1951    1140.0266
    1952    1144.6640
    1953    1146.8721
    1954    1149.2373
    1955    1154.2186
    1956    1162.7616
    1957    1173.6444
    1958    1183.8509
    1959    1189.8241
    1960    1189.0665
    1961    1181.3868
    1962    1169.2140
    1963    1156.7834
    1964    1148.4939
    1965    1147.1087
    1966    1152.5799
    1967    1162.0308
    1968    1170.9476
    1969    1175.1018
    1970    1172.3825
    1971    1163.7347
    1972    1152.7722
    1973    1144.2118
    1974    1141.7717
    1975    1146.4300
    1976    1155.7686
    1977    1164.6929
    1978    1167.2338
    1979    1158.7657
    1980    1137.8486
    1981    1107.0537
    1982    1072.4316
    1983    1041.7399
    1984    1022.0034
    1985    1017.2719
    1986    1027.3869
    1987    1048.1896
    1988    1073.0552
    1989    1095.1585
    1990    1109.6393
    1991    1114.9386
    1992    1112.9266
    1993    1107.8890
    1994    1104.8080
    1995    1107.5635
    1996    1117.6388
    1997    1133.7115
    1998    1152.1941
    1999    1168.4929
    2000    1178.5615
