#Frame              T
       1    3003.0363
       2    2874.4489
       3    2646.0539
       4    2370.5849
       5    2105.5411
       6    1896.4332
       7    1764.9769
       8    1705.9422
       9    1693.0104
      10    1690.5416
      11    1666.8175
      12    1605.3587
      13    1511.2392
      14    1409.3972
      15    1335.0890
      16    1320.4203
      17    1382.1596
      18    1515.0334
      19    1692.5153
      20    1874.5423
      21    2019.3921
      22    2095.7582
      23    2091.1835
      24    2014.3876
      25    1891.1240
      26    1755.2968
      27    1638.4739
      28    1561.2260
      29    1528.8898
      30    1532.6435
      31    1554.8664
      32    1576.4931
      33    1583.7720
      34    1572.3544
      35    1547.7039
      36    1522.0916
      37    1509.5356
      38    1520.6105
      39    1558.8842
      40    1620.0065
      41    1693.4708
      42    1766.1810
      43    1826.3788
      44    1866.1787
      45    1881.6797
      46    1872.0359
      47    1839.8009
      48    1791.7437
      49    1737.9451
      50    1689.2215
      51    1654.2806
      52    1637.6811
      53    1638.9173
      54    1652.5705
      55    1669.4604
      56    1678.8331
      57    1671.3577
      58    1642.2255
      59    1593.3179
      60    1533.4620
      61    1476.3827
      62    1436.7821
      63    1425.7291
      64    1446.8889
      65    1494.9281
      66    1556.7908
      67    1615.5779
      68    1655.8655
      69    1668.6999
      70    1654.5010
      71    1622.7471
      72    1588.4373
      73    1566.5325
      74    1566.3626
      75    1588.0749
      76    1622.4974
      77    1654.5207
      78    1668.7482
      79    1655.2886
      80    1613.5778
      81    1552.8939
      82    1489.3993
      83    1440.7443
      84    1420.1262
      85    1431.8866
      86    1470.1796
      87    1521.1887
      88    1568.1565
      89    1597.4514
      90    1603.4322
      91    1590.2573
      92    1569.9181
      93    1557.2235
      94    1563.6920
      95    1592.7792
      96    1638.3207
      97    1686.7348
      98    1722.0651
      99    1731.9157
     100    1712.0539
     101    1667.9902
     102    1612.9999
     103    1563.3559
     104    1532.5440
     105    1526.5743
     106    1542.0974
     107    1567.9868
     108    1589.7816
     109    1595.2877
     110    1579.2119
     111    1545.0686
     112    1503.6940
     113    1468.9884
     114    1452.6143
     115    1459.7431
     116    1487.4737
     117    1526.3596
     118    1564.2176
     119    1590.6066
     120    1600.3871
     121    1595.2897
     122    1583.0380
     123    1574.2609
     124    1578.2452
     125    1599.1575
     126    1634.2537
     127    1674.7040
     128    1708.3875
     129    1723.4716
     130    1711.8779
     131    1671.6761
     132    1607.4154
     133    1528.3180
     134    1445.3362
     135    1368.3105
     136    1304.0910
     137    1255.9572
     138    1224.2084
     139    1207.4446
     140    1203.8776
     141    1212.1303
     142    1231.3422
     143    1260.8165
     144    1299.6464
     145    1346.5993
     146    1400.2194
     147    1458.8432
     148    1520.2938
     149    1581.3383
     150    1637.3278
     151    1682.3961
     152    1710.2899
     153    1715.7091
     154    1695.9252
     155    1652.2691
     156    1590.9501
     157    1522.5454
     158    1459.4946
     159    1411.9545
     160    1384.5217
     161    1376.0066
     162    1381.2569
     163    1393.2816
     164    1405.3580
     165    1413.2376
     166    1416.9906
     167    1421.4687
     168    1434.5834
     169    1463.6704
     170    1511.4649
     171    1573.6258
     172    1638.9486
     173    1692.2245
     174    1718.8220
     175    1709.5106
     176    1663.8550
     177    1590.8712
     178    1506.5720
     179    1429.1734
     180    1373.5862
     181    1347.0080
     182    1347.0038
     183    1362.6924
     184    1378.7759
     185    1381.1850
     186    1362.4255
     187    1324.6984
     188    1279.6172
     189    1244.5266
     190    1236.5995
     191    1266.7142
     192    1335.2538
     193    1431.3511
     194    1535.8764
     195    1627.1626
     196    1687.5624
     197    1708.7056
     198    1693.6377
     199    1654.9320
     200    1609.5538
     201    1572.8964
     202    1554.2076
     203    1554.2569
     204    1565.5444
     205    1575.0912
     206    1569.1428
     207    1538.3023
     208    1481.3000
     209    1405.9893
     210    1327.1456
     211    1261.8897
     212    1224.4881
     213    1222.3584
     214    1254.3650
     215    1311.5372
     216    1379.7534
     217    1443.6395
     218    1490.6452
     219    1514.1071
     220    1514.3660
     221    1497.7588
     222    1474.0381
     223    1453.1439
     224    1442.2431
     225    1443.8304
     226    1455.4371
     227    1470.9742
     228    1483.0510
     229    1485.2774
     230    1473.9147
     231    1448.7824
     232    1413.4451
     233    1374.5364
     234    1340.1720
     235    1317.7739
     236    1311.9570
     237    1323.1519
     238    1347.4044
     239    1377.4316
     240    1404.6614
     241    1421.7013
     242    1424.5332
     243    1413.7862
     244    1394.6700
     245    1375.5416
     246    1365.4692
     247    1371.4667
     248    1396.1981
     249    1436.9090
     250    1485.9904
     251    1533.0923
     252    1568.1834
     253    1584.6409
     254    1581.4098
     255    1563.5143
     256    1540.6378
     257    1524.0563
     258    1522.7710
     259    1540.1694
     260    1572.5332
     261    1609.9992
     262    1639.5752
     263    1649.1790
     264    1631.5019
     265    1586.5856
     266    1522.3319
     267    1452.6825
     268    1393.8697
     269    1359.7561
     270    1357.6208
     271    1385.7398
     272    1433.6823
     273    1485.3891
     274    1524.0836
     275    1537.4015
     276    1521.0888
     277    1480.1449
     278    1427.1050
     279    1378.0275
     280    1347.4627
     281    1343.9560
     282    1367.4232
     283    1409.1780
     284    1454.6686
     285    1488.1583
     286    1497.8380
     287    1479.6814
     288    1438.8118
     289    1388.0145
     290    1343.8860
     291    1321.7403
     292    1330.7867
     293    1371.1117
     294    1433.5052
     295    1502.1981
     296    1559.5931
     297    1591.4944
     298    1591.2896
     299    1561.8057
     300    1514.0731
     301    1463.3667
     302    1424.2198
     303    1406.2611
     304    1411.7816
     305    1435.3761
     306    1465.8060
     307    1489.6724
     308    1495.7901
     309    1478.8739
     310    1441.3783
     311    1392.9416
     312    1347.6184
     313    1319.7130
     314    1319.4228
     315    1349.5763
     316    1404.4841
     317    1471.3060
     318    1533.5797
     319    1575.8899
     320    1588.2765
     321    1569.0568
     322    1525.2268
     323    1470.3509
     324    1420.5457
     325    1389.6792
     326    1385.2221
     327    1406.0958
     328    1443.2667
     329    1482.8807
     330    1510.8557
     331    1517.3960
     332    1499.9916
     333    1464.0219
     334    1420.8581
     335    1384.0951
     336    1365.1025
     337    1369.3149
     338    1394.4810
     339    1431.4556
     340    1467.2517
     341    1489.3018
     342    1489.5227
     343    1466.8768
     344    1427.6428
     345    1383.3673
     346    1347.2219
     347    1329.9898
     348    1336.9885
     349    1366.8797
     350    1412.6036
     351    1463.9177
     352    1510.5304
     353    1544.7546
     354    1562.9643
     355    1565.6678
     356    1556.4878
     357    1540.5720
     358    1522.9863
     359    1507.5449
     360    1496.3112
     361    1489.7133
     362    1486.9948
     363    1486.6903
     364    1486.9757
     365    1485.9482
     366    1481.9923
     367    1474.2994
     368    1463.3654
     369    1451.1655
     370    1440.7805
     371    1435.4858
     372    1437.5541
     373    1447.1971
     374    1462.0807
     375    1477.7149
     376    1488.7061
     377    1490.4999
     378    1480.9982
     379    1461.4128
     380    1435.9516
     381    1410.3828
     382    1389.9965
     383    1377.7497
     384    1373.3285
     385    1373.4914
     386    1373.5654
     387    1369.5052
     388    1359.7290
     389    1346.0358
     390    1333.2074
     391    1327.3241
     392    1333.3104
     393    1352.6550
     394    1382.3474
     395    1415.5673
     396    1443.8350
     397    1459.7715
     398    1459.5404
     399    1444.1828
     400    1419.3961
     401    1393.7821
     402    1376.0931
     403    1372.3788
     404    1383.9743
     405    1407.0337
     406    1433.7900
     407    1455.1209
     408    1463.5575
     409    1455.7398
     410    1433.5235
     411    1403.3667
     412    1374.1995
     413    1354.4690
     414    1349.3546
     415    1359.0721
     416    1378.8231
     417    1400.3898
     418    1414.8468
     419    1415.5333
     420    1400.3969
     421    1372.9794
     422    1341.5544
     423    1316.3344
     424    1305.6842
     425    1313.3159
     426    1337.7476
     427    1373.4572
     428    1412.6790
     429    1447.4113
     430    1471.4008
     431    1481.6764
     432    1479.1851
     433    1468.3210
     434    1455.4433
     435    1446.7598
     436    1446.1618
     437    1453.7816
     438    1465.9379
     439    1476.4878
     440    1478.9363
     441    1468.4745
     442    1443.3857
     443    1405.5710
     444    1360.1316
     445    1314.1480
     446    1274.9824
     447    1248.5920
     448    1238.2803
     449    1244.1597
     450    1263.3813
     451    1291.0115
     452    1321.3369
     453    1349.3435
     454    1372.0855
     455    1389.5046
     456    1404.1794
     457    1419.9825
     458    1440.4617
     459    1467.6987
     460    1501.4989
     461    1538.7037
     462    1573.0383
     463    1596.0120
     464    1598.9302
     465    1575.5183
     466    1524.3067
     467    1449.8970
     468    1362.5256
     469    1275.8913
     470    1203.7957
     471    1156.5813
     472    1138.4613
     473    1146.6073
     474    1172.3341
     475    1204.0728
     476    1231.2065
     477    1247.5134
     478    1253.0330
     479    1253.6760
     480    1258.6893
     481    1276.8739
     482    1312.9448
     483    1365.3355
     484    1426.1684
     485    1483.3271
     486    1523.9138
     487    1538.0088
     488    1521.5965
     489    1477.8824
     490    1416.8774
     491    1353.5595
     492    1304.3493
     493    1281.2661
     494    1286.6583
     495    1313.6288
     496    1350.8422
     497    1386.9802
     498    1413.5877
     499    1426.7203
     500    1427.3428
     501    1420.3138
     502    1412.2276
     503    1408.8458
     504    1413.0391
     505    1423.9496
     506    1437.5711
     507    1448.3834
     508    1451.3601
     509    1443.6456
     510    1425.4626
     511    1400.0480
     512    1372.6527
     513    1348.9026
     514    1333.0781
     515    1326.9269
     516    1329.3718
     517    1337.1094
     518    1345.7823
     519    1351.3079
     520    1350.9674
     521    1344.0055
     522    1331.6355
     523    1316.5366
     524    1302.0482
     525    1291.3227
     526    1286.6402
     527    1289.0013
     528    1298.0305
     529    1312.1618
     530    1329.0286
     531    1345.9410
     532    1360.3162
     533    1369.9903
     534    1373.4585
     535    1370.2016
     536    1361.1428
     537    1348.9473
     538    1337.7175
     539    1331.9244
     540    1334.8627
     541    1347.2016
     542    1366.2556
     543    1386.4066
     544    1400.7484
     545    1403.5275
     546    1392.5324
     547    1370.4721
     548    1344.6761
     549    1325.0368
     550    1320.7432
     551    1336.8490
     552    1371.9897
     553    1418.3175
     554    1463.9075
     555    1496.7770
     556    1508.9760
     557    1499.2415
     558    1473.2958
     559    1441.7182
     560    1416.1769
     561    1405.3784
     562    1412.1479
     563    1432.6145
     564    1457.7488
     565    1476.7052
     566    1480.7919
     567    1466.6247
     568    1437.2820
     569    1401.1492
     570    1369.1070
     571    1351.0866
     572    1352.8778
     573    1373.9978
     574    1407.3856
     575    1441.2602
     576    1462.7176
     577    1461.9193
     578    1435.4114
     579    1387.3530
     580    1328.2085
     581    1271.4054
     582    1229.1768
     583    1208.9919
     584    1211.6841
     585    1231.7614
     586    1259.6570
     587    1285.0696
     588    1300.2785
     589    1302.4186
     590    1294.0691
     591    1282.0186
     592    1274.6299
     593    1278.6806
     594    1296.7661
     595    1326.1739
     596    1359.6433
     597    1387.7425
     598    1402.0382
     599    1397.9571
     600    1376.3657
     601    1343.3385
     602    1308.2292
     603    1280.7504
     604    1268.0663
     605    1272.8180
     606    1292.6353
     607    1321.1923
     608    1350.3961
     609    1372.9679
     610    1384.5819
     611    1384.9201
     612    1377.4127
     613    1367.8639
     614    1362.4494
     615    1365.6722
     616    1378.8370
     617    1399.5611
     618    1422.5578
     619    1441.3807
     620    1450.3875
     621    1446.2351
     622    1428.5966
     623    1400.0875
     624    1365.5483
     625    1330.9158
     626    1301.9731
     627    1283.2432
     628    1277.1942
     629    1283.8213
     630    1300.6495
     631    1323.2488
     632    1346.2828
     633    1364.8745
     634    1375.8539
     635    1378.4695
     636    1374.3652
     637    1366.8659
     638    1359.7949
     639    1356.1546
     640    1357.0618
     641    1361.2753
     642    1365.4970
     643    1365.4096
     644    1357.1720
     645    1338.9285
     646    1311.8234
     647    1280.1128
     648    1250.2529
     649    1229.1952
     650    1222.3992
     651    1232.1698
     652    1256.8282
     653    1291.0327
     654    1327.2875
     655    1358.2658
     656    1379.1526
     657    1389.0888
     658    1391.1590
     659    1390.9556
     660    1394.2538
     661    1404.6086
     662    1421.7424
     663    1441.3369
     664    1456.3668
     665    1459.5411
     666    1445.9843
     667    1415.1991
     668    1371.6158
     669    1323.5228
     670    1280.6955
     671    1251.4640
     672    1240.1689
     673    1245.8654
     674    1262.7573
     675    1282.2445
     676    1295.8940
     677    1298.3091
     678    1288.9085
     679    1272.0182
     680    1255.2605
     681    1246.8144
     682    1252.5137
     683    1273.8000
     684    1307.2263
     685    1345.6554
     686    1380.6686
     687    1405.2866
     688    1416.0324
     689    1413.6378
     690    1402.2293
     691    1387.4050
     692    1373.9825
     693    1364.2721
     694    1357.4722
     695    1350.3620
     696    1338.9812
     697    1320.5451
     698    1294.7590
     699    1264.1559
     700    1233.4959
     701    1208.4152
     702    1193.6634
     703    1191.5626
     704    1201.2728
     705    1219.1210
     706    1239.8068
     707    1258.0300
     708    1270.0039
     709    1274.4131
     710    1272.6043
     711    1268.0005
     712    1264.9263
     713    1267.1896
     714    1276.8730
     715    1293.7276
     716    1315.3404
     717    1337.9213
     718    1357.3523
     719    1370.1714
     720    1374.3062
     721    1369.5148
     722    1357.4965
     723    1341.6403
     724    1326.3921
     725    1316.2973
     726    1314.8769
     727    1323.5956
     728    1341.2454
     729    1364.0138
     730    1386.3316
     731    1402.3235
     732    1407.4728
     733    1400.0030
     734    1381.5706
     735    1357.0207
     736    1333.1584
     737    1316.7330
     738    1312.2136
     739    1320.2684
     740    1337.6294
     741    1358.3044
     742    1375.5429
     743    1383.8881
     744    1380.7510
     745    1367.0876
     746    1347.0042
     747    1326.4208
     748    1311.1931
     749    1305.2395
     750    1309.2262
     751    1320.2589
     752    1332.7737
     753    1340.3961
     754    1338.1318
     755    1324.1235
     756    1300.3853
     757    1272.2708
     758    1246.8617
     759    1230.8129
     760    1228.3573
     761    1240.0697
     762    1262.7158
     763    1290.2154
     764    1315.4566
     765    1332.4254
     766    1337.9946
     767    1332.7671
     768    1320.6663
     769    1307.3915
     770    1298.2814
     771    1296.3710
     772    1301.3593
     773    1309.8496
     774    1316.7292
     775    1317.1324
     776    1308.2588
     777    1290.4408
     778    1267.1537
     779    1244.0033
     780    1227.0121
     781    1220.7393
     782    1226.8540
     783    1243.6447
     784    1266.6207
     785    1289.9602
     786    1308.2824
     787    1318.1587
     788    1318.8970
     789    1312.4043
     790    1302.2114
     791    1292.0285
     792    1284.3570
     793    1279.6656
     794    1276.4426
     795    1272.0853
     796    1264.2358
     797    1252.0030
     798    1236.6102
     799    1221.2614
     800    1210.2900
     801    1207.8553
     802    1216.5999
     803    1236.7066
     804    1265.6544
     805    1298.7287
     806    1330.1061
     807    1354.2147
     808    1367.0616
     809    1367.2367
     810    1356.3420
     811    1338.6642
     812    1320.0464
     813    1306.1775
     814    1300.8210
     815    1304.6721
     816    1315.3179
     817    1328.2650
     818    1338.5790
     819    1342.5461
     820    1338.8167
     821    1328.6815
     822    1315.4483
     823    1303.1951
     824    1295.3556
     825    1293.6097
     826    1297.4230
     827    1304.3662
     828    1311.0643
     829    1314.4412
     830    1312.8415
     831    1306.6689
     832    1298.3277
     833    1291.4525
     834    1289.6352
     835    1295.0788
     836    1307.6788
     837    1324.9072
     838    1342.5657
     839    1356.1532
     840    1362.3218
     841    1359.8676
     842    1349.9026
     843    1335.2472
     844    1319.3638
     845    1305.2499
     846    1294.6473
     847    1287.7864
     848    1283.7016
     849    1280.9567
     850    1278.4803
     851    1276.1839
     852    1275.1230
     853    1277.1201
     854    1283.9729
     855    1296.5388
     856    1314.0532
     857    1333.9756
     858    1352.4680
     859    1365.3881
     860    1369.4793
     861    1363.3652
     862    1348.0154
     863    1326.5374
     864    1303.3683
     865    1283.1236
     866    1269.4495
     867    1264.2149
     868    1267.2454
     869    1276.6161
     870    1289.3626
     871    1302.3772
     872    1313.2407
     873    1320.7643
     874    1325.1150
     875    1327.5092
     876    1329.5827
     877    1332.6373
     878    1336.9921
     879    1341.6345
     880    1344.3078
     881    1342.0600
     882    1332.1648
     883    1313.1698
     884    1285.7265
     885    1252.8905
     886    1219.7141
     887    1192.1826
     888    1175.7498
     889    1173.8978
     890    1187.1779
     891    1213.0669
     892    1246.7016
     893    1282.2549
     894    1314.4822
     895    1339.9276
     896    1357.4291
     897    1367.8294
     898    1373.1013
     899    1375.2748
     900    1375.5636
     901    1373.9273
     902    1369.1486
     903    1359.3654
     904    1342.9326
     905    1319.3829
     906    1290.1715
     907    1258.8834
     908    1230.7027
     909    1211.2113
     910    1204.8593
     911    1213.6331
     912    1236.3926
     913    1269.1013
     914    1305.8391
     915    1340.3003
     916    1367.4081
     917    1384.5769
     918    1392.0806
     919    1392.3067
     920    1388.2549
     921    1382.0208
     922    1373.9526
     923    1362.8106
     924    1346.8220
     925    1325.1511
     926    1299.1167
     927    1272.5537
     928    1251.0509
     929    1240.2680
     930    1243.9291
     931    1262.2697
     932    1291.5703
     933    1325.0252
     934    1354.6926
     935    1373.8672
     936    1379.0502
     937    1370.8491
     938    1353.5168
     939    1333.3102
     940    1316.2478
     941    1306.0294
     942    1302.8260
     943    1303.3598
     944    1302.2463
     945    1294.1259
     946    1275.8074
     947    1247.6430
     948    1213.6298
     949    1180.1978
     950    1154.1441
     951    1140.4680
     952    1140.8654
     953    1153.3589
     954    1173.1105
     955    1194.0827
     956    1210.9760
     957    1220.8155
     958    1223.6542
     959    1222.1859
     960    1220.4659
     961    1222.2779
     962    1229.7771
     963    1242.8913
     964    1259.6339
     965    1277.1220
     966    1292.8270
     967    1305.5006
     968    1315.3793
     969    1323.6226
     970    1331.3343
     971    1338.7190
     972    1344.8060
     973    1347.8236
     974    1345.9949
     975    1338.3808
     976    1325.4274
     977    1309.0104
     978    1291.9416
     979    1277.0663
     980    1266.2600
     981    1259.7197
     982    1255.9014
     983    1252.1971
     984    1246.1180
     985    1236.4986
     986    1224.2084
     987    1212.0886
     988    1204.0880
     989    1203.8612
     990    1213.2849
     991    1231.4500
     992    1254.5765
     993    1276.9400
     994    1292.5142
     995    1296.7910
     996    1288.2116
     997    1268.7711
     998    1243.5787
     999    1219.4263
    1000    1202.6846
    1001    1197.5520
    1002    1204.4905
    1003    1220.5438
    1004    1240.5591
    1005    1259.1059
    1006    1272.2993
    1007    1278.9635
    1008    1280.8384
    1009    1281.7669
    1010    1286.1049
    1011    1296.8992
    1012    1314.5197
    1013    1336.2685
    1014    1357.1253
    1015    1371.3548
    1016    1374.4091
    1017    1364.4715
    1018    1343.1366
    1019    1315.0216
    1020    1286.4678
    1021    1263.7665
    1022    1251.4720
    1023    1251.3259
    1024    1262.0882
    1025    1280.2669
    1026    1301.4330
    1027    1321.6402
    1028    1338.4633
    1029    1351.3430
    1030    1361.1969
    1031    1369.5167
    1032    1377.3488
    1033    1384.5702
    1034    1389.7340
    1035    1390.5314
    1036    1384.6748
    1037    1370.8454
    1038    1349.3156
    1039    1321.9975
    1040    1291.8998
    1041    1262.2312
    1042    1235.5326
    1043    1213.2017
    1044    1195.5715
    1045    1182.4525
    1046    1173.8202
    1047    1170.3023
    1048    1173.1737
    1049    1183.7821
    1050    1202.6020
    1051    1228.3412
    1052    1257.5781
    1053    1285.2481
    1054    1305.9761
    1055    1315.8377
    1056    1313.8197
    1057    1302.2957
    1058    1286.2427
    1059    1271.4529
    1060    1262.4033
    1061    1260.5887
    1062    1263.9699
    1063    1267.7960
    1064    1266.5384
    1065    1256.2306
    1066    1236.3308
    1067    1210.3841
    1068    1185.1996
    1069    1168.7983
    1070    1167.8131
    1071    1185.2181
    1072    1219.1558
    1073    1263.2530
    1074    1308.2925
    1075    1344.7070
    1076    1365.1550
    1077    1366.4336
    1078    1350.1346
    1079    1321.8169
    1080    1289.0045
    1081    1258.7497
    1082    1235.6423
    1083    1220.9282
    1084    1212.9268
    1085    1208.4354
    1086    1204.4677
    1087    1199.6445
    1088    1194.7583
    1089    1192.3955
    1090    1195.8248
    1091    1207.6231
    1092    1228.5722
    1093    1257.2334
    1094    1290.2970
    1095    1323.4783
    1096    1352.5767
    1097    1374.3258
    1098    1386.8175
    1099    1389.4491
    1100    1382.5378
    1101    1366.8950
    1102    1343.6429
    1103    1314.3658
    1104    1281.4161
    1105    1248.0689
    1106    1218.3042
    1107    1196.1921
    1108    1185.0409
    1109    1186.5547
    1110    1200.2668
    1111    1223.4884
    1112    1251.8932
    1113    1280.6325
    1114    1305.5844
    1115    1324.2587
    1116    1336.0536
    1117    1341.8665
    1118    1343.2419
    1119    1341.3611
    1120    1336.2507
    1121    1326.5368
    1122    1309.8999
    1123    1284.1260
    1124    1248.3970
    1125    1204.3608
    1126    1156.5544
    1127    1111.9120
    1128    1078.3548
    1129    1062.7742
    1130    1068.9949
    1131    1096.4147
    1132    1139.8789
    1133    1190.9671
    1134    1240.3564
    1135    1280.5050
    1136    1307.7294
    1137    1322.9293
    1138    1330.6715
    1139    1336.9535
    1140    1346.4594
    1141    1360.3295
    1142    1375.2840
    1143    1384.4700
    1144    1379.8134
    1145    1355.1181
    1146    1308.8684
    1147    1245.7237
    1148    1176.0673
    1149    1113.5730
    1150    1071.4435
    1151    1058.5148
    1152    1076.5773
    1153    1119.8561
    1154    1176.7999
    1155    1233.5382
    1156    1277.8836
    1157    1302.6550
    1158    1307.3196
    1159    1297.4936
    1160    1282.5470
    1161    1272.1684
    1162    1272.9723
    1163    1286.1209
    1164    1306.6898
    1165    1325.2619
    1166    1331.4417
    1167    1317.8891
    1168    1283.1902
    1169    1232.5942
    1170    1176.5440
    1171    1127.6053
    1172    1096.8017
    1173    1090.4745
    1174    1108.5733
    1175    1144.8283
    1176    1188.7024
    1177    1228.5094
    1178    1254.7561
    1179    1262.7402
    1180    1253.6718
    1181    1234.0317
    1182    1213.3792
    1183    1201.2934
    1184    1204.3783
    1185    1224.2390
    1186    1257.0307
    1187    1294.6795
    1188    1327.3878
    1189    1346.6537
    1190    1347.8853
    1191    1331.8161
    1192    1304.2705
    1193    1274.3465
    1194    1251.5851
    1195    1243.0252
    1196    1251.0679
    1197    1272.7883
    1198    1300.8725
    1199    1325.8646
    1200    1339.0558
    1201    1335.1652
    1202    1314.0135
    1203    1280.6535
    1204    1243.8669
    1205    1213.4669
    1206    1197.2648
    1207    1198.6708
    1208    1215.6724
    1209    1241.4750
    1210    1266.5953
    1211    1281.7950
    1212    1280.9906
    1213    1263.2563
    1214    1233.2555
    1215    1199.8936
    1216    1173.5599
    1217    1162.8041
    1218    1171.5159
    1219    1197.5344
    1220    1233.1698
    1221    1267.5056
    1222    1289.7827
    1223    1292.8112
    1224    1275.3317
    1225    1242.5673
    1226    1204.7721
    1227    1174.1962
    1228    1161.3747
    1229    1171.8597
    1230    1204.4175
    1231    1251.2937
    1232    1300.4900
    1233    1339.3431
    1234    1358.2621
    1235    1353.4446
    1236    1327.7597
    1237    1289.5968
    1238    1250.1064
    1239    1219.7197
    1240    1205.0243
    1241    1206.9600
    1242    1220.8668
    1243    1238.3165
    1244    1250.0896
    1245    1249.3203
    1246    1233.8138
    1247    1206.8289
    1248    1176.0847
    1249    1151.3002
    1250    1141.0490
    1251    1150.0039
    1252    1177.5282
    1253    1217.9961
    1254    1262.5500
    1255    1301.5765
    1256    1327.1718
    1257    1334.9957
    1258    1325.1289
    1259    1301.7844
    1260    1272.0058
    1261    1243.7327
    1262    1223.7557
    1263    1216.0929
    1264    1221.1868
    1265    1236.1020
    1266    1255.6434
    1267    1274.0545
    1268    1286.7800
    1269    1291.7645
    1270    1289.8913
    1271    1284.4505
    1272    1279.8465
    1273    1279.9886
    1274    1286.8843
    1275    1299.8696
    1276    1315.7071
    1277    1329.5463
    1278    1336.4902
    1279    1333.2753
    1280    1319.4680
    1281    1297.7289
    1282    1273.0812
    1283    1251.4933
    1284    1238.2738
    1285    1236.7499
    1286    1247.5446
    1287    1268.5738
    1288    1295.6913
    1289    1323.7540
    1290    1347.7954
    1291    1364.0055
    1292    1370.3198
    1293    1366.5418
    1294    1354.0478
    1295    1335.1743
    1296    1312.4486
    1297    1287.8993
    1298    1262.6915
    1299    1237.2176
    1300    1211.5563
    1301    1186.0758
    1302    1161.9140
    1303    1141.1295
    1304    1126.4366
    1305    1120.5937
    1306    1125.6385
    1307    1142.2201
    1308    1169.2456
    1309    1203.9546
    1310    1242.3925
    1311    1280.1381
    1312    1313.0627
    1313    1337.9494
    1314    1352.8663
    1315    1357.2713
    1316    1351.8953
    1317    1338.4783
    1318    1319.4340
    1319    1297.4892
    1320    1275.3507
    1321    1255.4507
    1322    1239.7814
    1323    1229.7395
    1324    1225.8971
    1325    1227.7562
    1326    1233.7133
    1327    1241.4275
    1328    1248.5253
    1329    1253.3565
    1330    1255.5122
    1331    1255.9213
    1332    1256.4549
    1333    1259.1147
    1334    1265.0668
    1335    1273.9072
    1336    1283.5075
    1337    1290.5611
    1338    1291.6534
    1339    1284.4145
    1340    1268.3169
    1341    1244.9455
    1342    1217.8119
    1343    1191.7103
    1344    1171.5586
    1345    1160.9685
    1346    1161.0730
    1347    1170.1106
    1348    1183.9493
    1349    1197.3846
    1350    1205.7744
    1351    1206.4690
    1352    1199.5780
    1353    1187.8400
    1354    1175.6514
    1355    1167.5767
    1356    1166.8334
    1357    1174.2722
    1358    1188.1940
    1359    1205.0420
    1360    1220.6987
    1361    1231.9086
    1362    1237.3292
    1363    1237.8402
    1364    1235.9951
    1365    1234.8279
    1366    1236.4784
    1367    1241.1877
    1368    1247.0609
    1369    1250.7062
    1370    1248.5411
    1371    1238.3131
    1372    1220.2819
    1373    1197.6031
    1374    1175.6715
    1375    1160.5154
    1376    1156.7115
    1377    1165.6136
    1378    1184.7102
    1379    1208.4978
    1380    1230.5672
    1381    1246.0514
    1382    1253.4176
    1383    1254.8612
    1384    1255.1409
    1385    1259.3289
    1386    1270.3923
    1387    1287.5869
    1388    1306.3290
    1389    1319.6588
    1390    1320.7889
    1391    1305.7912
    1392    1275.3796
    1393    1235.0783
    1394    1193.6649
    1395    1160.4326
    1396    1142.2637
    1397    1141.5633
    1398    1155.7693
    1399    1178.5629
    1400    1202.2768
    1401    1220.6168
    1402    1230.7461
    1403    1234.0106
    1404    1235.0471
    1405    1239.5579
    1406    1251.5786
    1407    1271.3294
    1408    1294.5829
    1409    1313.9052
    1410    1321.3525
    1411    1311.5831
    1412    1284.1718
    1413    1244.2346
    1414    1201.1165
    1415    1165.5904
    1416    1146.5124
    1417    1148.0104
    1418    1168.1408
    1419    1199.5601
    1420    1232.1499
    1421    1256.7044
    1422    1268.2099
    1423    1267.4067
    1424    1260.1116
    1425    1254.6685
    1426    1258.5330
    1427    1275.2344
    1428    1302.7896
    1429    1334.1248
    1430    1359.3661
    1431    1369.1903
    1432    1358.0758
    1433    1326.3287
    1434    1280.1973
    1435    1230.0568
    1436    1187.2922
    1437    1160.9094
    1438    1154.9654
    1439    1167.5959
    1440    1191.8976
    1441    1218.3413
    1442    1237.9205
    1443    1245.0009
    1444    1238.9515
    1445    1224.0373
    1446    1207.6761
    1447    1197.6908
    1448    1199.5194
    1449    1214.3356
    1450    1238.7124
    1451    1265.9241
    1452    1288.3610
    1453    1300.1367
    1454    1298.9478
    1455    1286.5966
    1456    1268.1053
    1457    1249.8322
    1458    1237.2761
    1459    1233.3135
    1460    1237.4495
    1461    1246.3247
    1462    1255.2288
    1463    1259.9654
    1464    1258.3071
    1465    1250.5141
    1466    1238.8698
    1467    1226.5722
    1468    1216.5224
    1469    1210.4819
    1470    1208.8239
    1471    1210.8220
    1472    1215.2246
    1473    1220.7999
    1474    1226.6506
    1475    1232.2575
    1476    1237.3252
    1477    1241.5516
    1478    1244.4740
    1479    1245.5431
    1480    1244.4499
    1481    1241.5606
    1482    1238.1722
    1483    1236.3252
    1484    1238.1032
    1485    1244.6259
    1486    1255.1915
    1487    1267.0517
    1488    1276.0687
    1489    1278.0928
    1490    1270.5792
    1491    1253.8043
    1492    1231.1545
    1493    1208.2787
    1494    1191.3375
    1495    1184.9265
    1496    1190.4127
    1497    1205.3095
    1498    1223.9599
    1499    1239.3601
    1500    1245.5102
    1501    1239.4854
    1502    1222.4960
    1503    1199.5388
    1504    1177.7345
    1505    1163.8973
    1506    1162.1723
    1507    1172.5674
    1508    1190.8860
    1509    1210.0896
    1510    1222.6377
    1511    1223.0439
    1512    1209.8301
    1513    1186.2233
    1514    1159.2890
    1515    1137.6955
    1516    1128.7998
    1517    1136.0351
    1518    1157.5393
    1519    1186.5722
    1520    1213.6598
    1521    1229.7597
    1522    1229.3496
    1523    1212.3690
    1524    1184.3367
    1525    1154.5995
    1526    1133.3008
    1527    1128.0951
    1528    1141.7137
    1529    1171.1746
    1530    1208.8460
    1531    1244.9539
    1532    1270.6592
    1533    1280.6716
    1534    1274.5796
    1535    1256.5511
    1536    1233.6093
    1537    1213.1018
    1538    1200.2320
    1539    1196.5233
    1540    1199.7187
    1541    1205.0693
    1542    1207.4380
    1543    1203.4063
    1544    1192.6637
    1545    1178.2561
    1546    1165.6447
    1547    1160.8732
    1548    1168.4371
    1549    1189.5679
    1550    1221.5506
    1551    1258.3322
    1552    1292.2409
    1553    1316.2460
    1554    1326.0248
    1555    1321.1524
    1556    1305.0190
    1557    1283.4962
    1558    1262.8185
    1559    1247.4775
    1560    1238.9264
    1561    1235.5365
    1562    1233.7126
    1563    1229.6368
    1564    1220.9310
    1565    1207.6450
    1566    1192.2768
    1567    1178.8853
    1568    1171.6451
    1569    1173.3445
    1570    1184.3190
    1571    1202.1747
    1572    1222.4194
    1573    1239.8248
    1574    1250.0800
    1575    1251.1516
    1576    1243.8483
    1577    1231.4555
    1578    1218.6695
    1579    1210.2450
    1580    1209.6821
    1581    1218.2165
    1582    1234.3605
    1583    1254.2170
    1584    1272.6245
    1585    1284.8863
    1586    1288.4420
    1587    1283.7408
    1588    1273.9199
    1589    1263.4398
    1590    1256.2421
    1591    1254.1690
    1592    1256.2633
    1593    1259.2348
    1594    1258.9134
    1595    1252.1027
    1596    1238.0789
    1597    1219.1179
    1598    1199.8245
    1599    1185.5174
    1600    1180.2937
    1601    1185.5124
    1602    1199.2694
    1603    1217.0687
    1604    1233.4446
    1605    1243.9139
    1606    1246.5143
    1607    1242.3401
    1608    1234.9012
    1609    1228.6003
    1610    1226.9563
    1611    1231.2528
    1612    1240.0557
    1613    1249.7088
    1614    1255.6198
    1615    1253.9205
    1616    1242.9632
    1617    1224.1440
    1618    1201.7397
    1619    1181.7531
    1620    1170.1150
    1621    1170.8150
    1622    1184.6003
    1623    1208.6943
    1624    1237.6422
    1625    1264.9960
    1626    1285.2796
    1627    1295.5757
    1628    1296.2040
    1629    1290.2650
    1630    1282.2075
    1631    1275.9169
    1632    1273.0628
    1633    1272.4533
    1634    1270.7671
    1635    1264.3302
    1636    1251.0286
    1637    1231.5073
    1638    1209.2092
    1639    1189.3107
    1640    1176.9724
    1641    1175.5661
    1642    1185.5330
    1643    1204.2952
    1644    1227.2240
    1645    1249.2599
    1646    1266.5241
    1647    1277.3286
    1648    1282.2617
    1649    1283.4139
    1650    1283.1042
    1651    1282.6344
    1652    1281.6021
    1653    1278.1188
    1654    1269.8565
    1655    1255.3875
    1656    1235.1727
    1657    1211.7729
    1658    1189.2039
    1659    1171.6591
    1660    1162.0696
    1661    1161.0331
    1662    1166.5489
    1663    1174.6840
    1664    1180.9682
    1665    1182.0477
    1666    1177.0247
    1667    1167.9900
    1668    1159.5002
    1669    1157.1043
    1670    1165.3801
    1671    1186.1463
    1672    1217.5099
    1673    1254.1651
    1674    1288.9552
    1675    1315.2087
    1676    1328.9979
    1677    1330.4135
    1678    1323.3331
    1679    1313.7797
    1680    1307.5018
    1681    1307.6915
    1682    1313.6908
    1683    1321.2008
    1684    1323.9492
    1685    1316.2024
    1686    1295.1219
    1687    1262.0414
    1688    1222.2026
    1689    1183.0860
    1690    1151.9416
    1691    1133.3681
    1692    1127.8371
    1693    1131.8219
    1694    1139.5083
    1695    1145.2736
    1696    1145.8257
    1697    1141.2129
    1698    1134.4673
    1699    1130.1471
    1700    1132.3915
    1701    1143.2072
    1702    1161.5711
    1703    1183.6910
    1704    1204.4336
    1705    1219.4179
    1706    1226.8361
    1707    1228.0851
    1708    1226.9138
    1709    1227.5431
    1710    1232.6836
    1711    1242.3422
    1712    1253.9050
    1713    1263.3966
    1714    1267.3259
    1715    1264.3153
    1716    1255.8338
    1717    1245.7089
    1718    1238.6047
    1719    1238.0621
    1720    1244.8882
    1721    1256.5586
    1722    1267.9337
    1723    1273.0704
    1724    1267.5053
    1725    1250.1356
    1726    1223.9226
    1727    1195.0395
    1728    1170.6749
    1729    1156.2842
    1730    1153.3732
    1731    1158.7553
    1732    1165.6615
    1733    1166.3371
    1734    1155.1877
    1735    1131.2992
    1736    1099.3572
    1737    1068.5267
    1738    1049.5783
    1739    1051.2030
    1740    1076.8302
    1741    1123.1560
    1742    1180.9695
    1743    1237.9689
    1744    1282.5719
    1745    1307.4305
    1746    1311.5002
    1747    1299.9923
    1748    1282.2433
    1749    1268.2366
    1750    1264.9968
    1751    1274.1546
    1752    1291.5646
    1753    1309.0718
    1754    1317.7315
    1755    1311.2619
    1756    1288.4549
    1757    1253.6692
    1758    1215.2629
    1759    1182.6072
    1760    1162.8401
    1761    1158.5592
    1762    1167.2455
    1763    1182.5392
    1764    1196.7971
    1765    1203.9145
    1766    1201.3484
    1767    1190.6629
    1768    1176.5307
    1769    1164.6941
    1770    1159.7250
    1771    1163.4352
    1772    1174.4660
    1773    1189.0972
    1774    1202.8514
    1775    1212.2142
    1776    1215.8161
    1777    1214.6770
    1778    1211.5191
    1779    1209.4781
    1780    1210.7613
    1781    1215.7868
    1782    1223.1423
    1783    1230.3544
    1784    1235.0969
    1785    1236.2837
    1786    1234.5716
    1787    1232.0481
    1788    1231.2462
    1789    1233.9095
    1790    1240.0668
    1791    1247.8528
    1792    1254.1858
    1793    1255.9774
    1794    1251.3345
    1795    1240.2768
    1796    1224.7273
    1797    1207.8347
    1798    1192.9070
    1799    1182.3375
    1800    1176.8671
    1801    1175.4063
    1802    1175.4944
    1803    1174.2377
    1804    1169.3843
    1805    1160.1428
    1806    1147.4723
    1807    1133.7397
    1808    1121.8358
    1809    1114.0341
    1810    1111.0201
    1811    1111.5484
    1812    1112.9639
    1813    1112.4446
    1814    1108.4168
    1815    1101.4780
    1816    1094.3780
    1817    1091.0384
    1818    1095.0188
    1819    1108.0548
    1820    1129.2597
    1821    1155.2946
    1822    1181.4594
    1823    1203.2943
    1824    1218.0545
    1825    1225.4630
    1826    1227.4607
    1827    1227.0975
    1828    1227.0321
    1829    1228.2468
    1830    1229.4772
    1831    1227.5986
    1832    1218.8469
    1833    1200.4069
    1834    1171.7654
    1835    1135.3526
    1836    1096.2577
    1837    1061.0737
    1838    1036.1954
    1839    1026.1189
    1840    1032.3376
    1841    1053.1800
    1842    1084.5800
    1843    1121.4433
    1844    1159.0958
    1845    1194.3220
    1846    1225.7081
    1847    1253.2786
    1848    1277.6756
    1849    1299.2666
    1850    1317.5485
    1851    1331.0505
    1852    1337.7103
    1853    1335.5351
    1854    1323.3051
    1855    1301.0853
    1856    1270.4087
    1857    1234.1039
    1858    1195.8462
    1859    1159.5557
    1860    1128.7760
    1861    1106.1520
    1862    1093.0920
    1863    1089.6466
    1864    1094.5988
    1865    1105.7402
    1866    1120.2950
    1867    1135.4384
    1868    1148.7906
    1869    1158.7601
    1870    1164.6465
    1871    1166.5918
    1872    1165.5227
    1873    1163.1021
    1874    1161.4977
    1875    1162.8324
    1876    1168.4101
    1877    1178.0534
    1878    1189.9720
    1879    1201.3908
    1880    1209.6961
    1881    1213.5358
    1882    1213.3953
    1883    1211.5160
    1884    1211.2491
    1885    1216.0135
    1886    1228.0865
    1887    1247.5533
    1888    1271.8010
    1889    1295.8440
    1890    1313.5468
    1891    1319.4507
    1892    1310.5735
    1893    1287.5023
    1894    1254.3595
    1895    1217.6430
    1896    1184.3262
    1897    1159.8102
    1898    1146.3542
    1899    1142.4580
    1900    1143.3943
    1901    1142.7733
    1902    1134.6965
    1903    1115.8504
    1904    1086.8521
    1905    1052.3830
    1906    1020.0177
    1907     998.0772
    1908     993.1447
    1909    1008.0030
    1910    1040.6549
    1911    1084.7584
    1912    1131.3828
    1913    1171.5821
    1914    1199.0198
    1915    1211.8257
    1916    1213.0689
    1917    1209.6324
    1918    1209.8018
    1919    1220.3183
    1920    1243.8523
    1921    1277.7507
    1922    1314.4895
    1923    1343.7289
    1924    1355.3612
    1925    1342.6440
    1926    1304.4640
    1927    1246.0158
    1928    1177.6409
    1929    1112.1565
    1930    1061.4773
    1931    1033.5298
    1932    1030.3222
    1933    1047.6738
    1934    1076.6555
    1935    1106.3335
    1936    1127.0517
    1937    1133.2876
    1938    1125.1791
    1939    1108.1821
    1940    1091.0034
    1941    1082.6244
    1942    1089.4768
    1943    1113.5274
    1944    1151.6016
    1945    1196.0175
    1946    1236.4087
    1947    1262.3892
    1948    1266.4630
    1949    1246.4097
    1950    1206.3781
    1951    1156.1850
    1952    1108.7901
    1953    1076.5242
    1954    1067.2585
    1955    1081.9703
    1956    1114.5937
    1957    1154.0217
    1958    1187.4921
    1959    1204.3882
    1960    1199.4342
    1961    1174.3551
    1962    1137.4135
    1963    1100.8666
    1964    1077.0742
    1965    1074.4668
    1966    1094.6781
    1967    1131.7906
    1968    1173.9712
    1969    1207.0183
    1970    1218.7470
    1971    1202.8643
    1972    1161.1364
    1973    1103.1436
    1974    1043.6458
    1975     998.3310
    1976     979.2213
    1977     991.1357
    1978    1030.2995
    1979    1085.5313
    1980    1141.6496
    1981    1184.0527
    1982    1203.0672
    1983    1196.7321
    1984    1171.1884
    1985    1138.5742
    1986    1113.0884
    1987    1106.4459
    1988    1124.1090
    1989    1163.4608
    1990    1214.4784
    1991    1262.7207
    1992    1293.7250
    1993    1297.4787
    1994    1271.5998
    1995    1222.2360
    1996    1162.3820
    1997    1108.0532
    1998    1073.4146
    1999    1066.3969
    2000    1086.3944
