#Frame              T
       1    2978.4197
       2    2842.4381
       3    2619.5942
       4    2354.2340
       5    2094.8076
       6    1881.0416
       7    1735.0916
       8    1658.2304
       9    1632.4794
      10    1627.6969
      11    1613.9532
      12    1573.7690
      13    1508.1361
      14    1434.7279
      15    1380.1513
      16    1369.5904
      17    1417.3923
      18    1521.4933
      19    1663.2581
      20    1812.5528
      21    1936.1947
      22    2007.0090
      23    2010.8500
      24    1949.8355
      25    1841.2388
      26    1712.6529
      27    1594.8497
      28    1514.1555
      29    1486.0915
      30    1511.7264
      31    1577.6625
      32    1659.8659
      33    1730.6026
      34    1766.7945
      35    1757.3592
      36    1706.8863
      37    1633.8430
      38    1563.8131
      39    1520.7551
      40    1519.4190
      41    1560.7233
      42    1631.2750
      43    1707.5125
      44    1763.3536
      45    1778.7820
      46    1746.4545
      47    1674.1257
      48    1582.1655
      49    1497.0956
      50    1443.3664
      51    1436.0541
      52    1476.7147
      53    1553.4907
      54    1645.2160
      55    1728.0548
      56    1782.4783
      57    1798.4277
      58    1777.2956
      59    1730.5048
      60    1675.4634
      61    1630.2915
      62    1608.8597
      63    1617.3284
      64    1652.8301
      65    1704.4332
      66    1756.1318
      67    1791.2147
      68    1797.0176
      69    1768.8320
      70    1711.8039
      71    1640.0506
      72    1572.9468
      73    1529.4389
      74    1521.9972
      75    1552.1744
      76    1609.4222
      77    1673.9042
      78    1722.6971
      79    1737.4985
      80    1711.2347
      81    1651.1220
      82    1576.7795
      83    1513.6326
      84    1483.7419
      85    1497.6170
      86    1550.3938
      87    1623.7762
      88    1692.7077
      89    1734.1433
      90    1734.7996
      91    1695.2770
      92    1629.3105
      93    1558.5830
      94    1504.9501
      95    1482.8344
      96    1494.5791
      97    1530.4629
      98    1573.1805
      99    1604.8801
     100    1613.9651
     101    1599.1100
     102    1569.1333
     103    1539.0270
     104    1523.9147
     105    1533.3629
     106    1568.1167
     107    1620.1996
     108    1675.9517
     109    1720.5980
     110    1742.6339
     111    1736.6759
     112    1704.1714
     113    1652.1647
     114    1590.8651
     115    1530.9393
     116    1481.3261
     117    1448.0195
     118    1433.7721
     119    1438.2705
     120    1458.3960
     121    1488.6111
     122    1521.7958
     123    1550.7766
     124    1570.3616
     125    1579.1545
     126    1580.1451
     127    1579.4598
     128    1583.5422
     129    1595.8981
     130    1614.8771
     131    1633.5581
     132    1641.9142
     133    1630.4874
     134    1594.2104
     135    1534.9416
     136    1461.7115
     137    1388.4794
     138    1330.0878
     139    1297.7867
     140    1295.9020
     141    1320.8350
     142    1362.7382
     143    1409.1969
     144    1449.4514
     145    1477.5469
     146    1493.3356
     147    1501.2145
     148    1507.3396
     149    1516.5781
     150    1530.5285
     151    1547.3334
     152    1562.9766
     153    1573.1229
     154    1574.6520
     155    1566.4513
     156    1549.3409
     157    1525.2278
     158    1496.0526
     159    1463.6516
     160    1430.9919
     161    1403.3960
     162    1388.0220
     163    1391.4168
     164    1416.3659
     165    1459.6598
     166    1512.0406
     167    1560.6907
     168    1593.5247
     169    1603.6701
     170    1592.3428
     171    1568.8508
     172    1547.4876
     173    1542.2256
     174    1561.1152
     175    1602.6890
     176    1655.9612
     177    1704.1133
     178    1730.5097
     179    1724.7582
     180    1686.4960
     181    1625.4410
     182    1557.7222
     183    1499.9956
     184    1463.6825
     185    1451.5292
     186    1457.6518
     187    1470.7736
     188    1479.1252
     189    1474.9849
     190    1457.2227
     191    1431.1447
     192    1405.9483
     193    1390.9361
     194    1392.0666
     195    1410.1953
     196    1441.5890
     197    1480.2177
     198    1520.4866
     199    1558.9539
     200    1594.3005
     201    1625.8794
     202    1651.9473
     203    1668.8574
     204    1671.9110
     205    1657.6048
     206    1626.1242
     207    1582.6654
     208    1536.6483
     209    1498.8732
     210    1477.7480
     211    1476.2526
     212    1490.9916
     213    1513.6908
     214    1534.4268
     215    1545.2527
     216    1542.8638
     217    1529.3935
     218    1511.0593
     219    1495.1986
     220    1486.9431
     221    1486.9952
     222    1491.4479
     223    1493.6529
     224    1487.2545
     225    1469.0274
     226    1440.3427
     227    1406.7489
     228    1376.0040
     229    1355.5175
     230    1350.2850
     231    1362.0343
     232    1389.6256
     233    1430.1756
     234    1480.1531
     235    1535.9162
     236    1593.6185
     237    1648.8618
     238    1696.6050
     239    1731.6680
     240    1749.8024
     241    1748.9169
     242    1729.8657
     243    1696.3484
     244    1653.8489
     245    1608.0158
     246    1563.1697
     247    1521.5673
     248    1483.7030
     249    1449.4698
     250    1419.5798
     251    1396.4538
     252    1384.0054
     253    1386.2871
     254    1405.5801
     255    1440.8468
     256    1487.3555
     257    1537.7625
     258    1584.2703
     259    1620.9589
     260    1645.2571
     261    1657.9479
     262    1661.8569
     263    1659.9882
     264    1654.0381
     265    1643.9638
     266    1628.7835
     267    1608.1267
     268    1583.5935
     269    1559.0108
     270    1539.3123
     271    1528.6268
     272    1528.5452
     273    1537.2909
     274    1550.1023
     275    1560.7535
     276    1563.7261
     277    1556.2410
     278    1539.3378
     279    1517.4993
     280    1496.7718
     281    1482.0426
     282    1474.9288
     283    1473.6672
     284    1474.9453
     285    1476.2180
     286    1477.1087
     287    1479.3411
     288    1485.4440
     289    1496.9796
     290    1513.2493
     291    1531.1850
     292    1546.5133
     293    1555.5935
     294    1556.9308
     295    1551.5825
     296    1542.3287
     297    1532.1167
     298    1522.4986
     299    1512.7482
     300    1500.1904
     301    1481.8033
     302    1456.4421
     303    1426.5150
     304    1398.0647
     305    1378.9497
     306    1375.7840
     307    1391.0081
     308    1421.4997
     309    1459.4126
     310    1494.8463
     311    1519.1652
     312    1527.8532
     313    1522.1624
     314    1508.7472
     315    1496.8629
     316    1494.1361
     317    1503.0155
     318    1519.6771
     319    1535.8749
     320    1542.8680
     321    1535.6151
     322    1515.3404
     323    1489.3330
     324    1468.0654
     325    1460.8054
     326    1471.5554
     327    1497.1869
     328    1528.8039
     329    1555.6580
     330    1569.5603
     331    1567.7557
     332    1553.2121
     333    1532.4733
     334    1512.2362
     335    1496.3145
     336    1484.4054
     337    1473.1099
     338    1458.5323
     339    1439.0823
     340    1417.0694
     341    1398.2648
     342    1389.5950
     343    1396.0193
     344    1418.0796
     345    1451.3437
     346    1488.0848
     347    1520.4676
     348    1543.7593
     349    1558.0294
     350    1567.5151
     351    1577.9965
     352    1593.4739
     353    1613.6761
     354    1633.5199
     355    1644.8672
     356    1639.9023
     357    1614.6532
     358    1571.0977
     359    1516.8920
     360    1462.8153
     361    1418.9799
     362    1391.4045
     363    1380.3865
     364    1381.3392
     365    1387.5868
     366    1393.6533
     367    1397.4255
     368    1400.3470
     369    1405.9122
     370    1417.4857
     371    1436.4929
     372    1461.6483
     373    1489.4109
     374    1515.4056
     375    1536.1302
     376    1550.1587
     377    1558.3494
     378    1563.0848
     379    1566.9949
     380    1571.7553
     381    1577.4378
     382    1582.6090
     383    1585.0389
     384    1582.6200
     385    1574.0663
     386    1559.1324
     387    1538.4099
     388    1512.9899
     389    1484.2964
     390    1454.2144
     391    1425.3404
     392    1400.9993
     393    1384.7443
     394    1379.3361
     395    1385.5694
     396    1401.5351
     397    1422.8367
     398    1443.8834
     399    1459.8389
     400    1468.3912
     401    1470.5277
     402    1469.9209
     403    1471.1136
     404    1477.1999
     405    1487.9972
     406    1499.6164
     407    1505.8076
     408    1500.6374
     409    1481.3409
     410    1450.0524
     411    1413.6029
     412    1381.4234
     413    1362.3696
     414    1361.7296
     415    1379.5788
     416    1411.0908
     417    1448.6031
     418    1484.5299
     419    1513.8732
     420    1535.2580
     421    1550.1604
     422    1560.8801
     423    1568.4393
     424    1571.5671
     425    1567.2965
     426    1552.7485
     427    1527.0615
     428    1492.4392
     429    1453.8002
     430    1417.1912
     431    1387.6808
     432    1367.6819
     433    1356.4796
     434    1351.1944
     435    1348.7669
     436    1348.0633
     437    1351.0254
     438    1362.0944
     439    1385.9142
     440    1424.2302
     441    1473.5104
     442    1524.6931
     443    1565.5648
     444    1584.9730
     445    1577.0919
     446    1543.8520
     447    1494.4774
     448    1442.3576
     449    1400.5834
     450    1377.8550
     451    1376.1754
     452    1390.9542
     453    1413.2906
     454    1433.4823
     455    1444.4378
     456    1443.7982
     457    1434.1331
     458    1421.3548
     459    1412.1108
     460    1411.1642
     461    1419.6765
     462    1434.9450
     463    1451.6357
     464    1463.9253
     465    1467.6125
     466    1461.4387
     467    1447.3555
     468    1429.8742
     469    1414.8125
     470    1407.7774
     471    1412.7145
     472    1430.8210
     473    1460.0810
     474    1495.5609
     475    1530.4176
     476    1557.4182
     477    1570.6863
     478    1567.3018
     479    1548.2519
     480    1518.2057
     481    1483.9644
     482    1452.0635
     483    1426.5151
     484    1407.7402
     485    1393.2480
     486    1379.7247
     487    1365.4648
     488    1351.8958
     489    1343.4543
     490    1345.8295
     491    1363.2945
     492    1396.2746
     493    1440.2802
     494    1486.7615
     495    1525.6531
     496    1548.6976
     497    1552.3087
     498    1538.8422
     499    1515.6849
     500    1492.3313
     501    1476.4310
     502    1470.5292
     503    1471.2955
     504    1471.7989
     505    1465.5568
     506    1450.1896
     507    1428.9799
     508    1409.7272
     509    1401.4052
     510    1410.0073
     511    1435.3930
     512    1470.5851
     513    1503.9572
     514    1523.5005
     515    1521.4661
     516    1497.4799
     517    1458.8243
     518    1417.7324
     519    1386.7754
     520    1374.1929
     521    1381.0233
     522    1401.1894
     523    1424.4498
     524    1440.8512
     525    1444.7756
     526    1437.0008
     527    1424.0889
     528    1415.4170
     529    1419.0435
     530    1438.1277
     531    1469.5112
     532    1505.0837
     533    1535.1653
     534    1552.2037
     535    1553.1092
     536    1539.4733
     537    1516.0869
     538    1488.7931
     539    1462.5177
     540    1440.0189
     541    1421.7223
     542    1406.6286
     543    1393.7223
     544    1383.0585
     545    1375.8974
     546    1373.8369
     547    1377.4525
     548    1385.2655
     549    1393.7737
     550    1398.8400
     551    1397.9983
     552    1392.1788
     553    1384.8212
     554    1379.0146
     555    1376.6222
     556    1379.3947
     557    1388.5518
     558    1403.0118
     559    1418.6298
     560    1429.4183
     561    1430.0996
     562    1418.6395
     563    1397.5323
     564    1373.3384
     565    1354.7747
     566    1350.1536
     567    1365.0110
     568    1400.3982
     569    1452.0419
     570    1510.7558
     571    1564.5678
     572    1602.1001
     573    1615.8338
     574    1604.1056
     575    1571.3908
     576    1526.8785
     577    1481.7185
     578    1445.7130
     579    1424.4701
     580    1417.9352
     581    1420.7864
     582    1424.5942
     583    1421.0847
     584    1405.4680
     585    1378.6897
     586    1347.7214
     587    1323.5826
     588    1317.5523
     589    1336.7463
     590    1380.6532
     591    1440.1985
     592    1500.4345
     593    1546.7367
     594    1570.8779
     595    1570.2782
     596    1544.4091
     597    1498.4180
     598    1445.2321
     599    1399.9165
     600    1372.7650
     601    1365.7016
     602    1372.6180
     603    1382.7865
     604    1385.7850
     605    1376.0059
     606    1355.0412
     607    1331.0671
     608    1315.5395
     609    1318.5611
     610    1344.7692
     611    1391.3496
     612    1448.8894
     613    1504.6471
     614    1546.9085
     615    1568.7661
     616    1570.0126
     617    1556.6138
     618    1538.1543
     619    1524.3025
     620    1521.5560
     621    1531.2915
     622    1549.6171
     623    1568.9307
     624    1580.5968
     625    1577.8629
     626    1558.0987
     627    1523.6828
     628    1481.3236
     629    1440.0861
     630    1408.7943
     631    1393.5676
     632    1396.1472
     633    1413.4060
     634    1438.1390
     635    1460.9623
     636    1472.9012
     637    1468.0611
     638    1445.6472
     639    1410.6228
     640    1372.6076
     641    1343.1504
     642    1332.1020
     643    1344.2440
     644    1377.3912
     645    1422.7947
     646    1467.8715
     647    1500.3462
     648    1512.2622
     649    1502.4215
     650    1476.4881
     651    1444.8720
     652    1419.1792
     653    1408.4441
     654    1416.4367
     655    1440.9017
     656    1474.8149
     657    1508.9675
     658    1534.7907
     659    1546.4740
     660    1541.8983
     661    1522.4731
     662    1492.2910
     663    1457.0024
     664    1422.6569
     665    1394.5889
     666    1376.4435
     667    1369.5112
     668    1372.4919
     669    1381.6579
     670    1391.4109
     671    1395.3481
     672    1387.9295
     673    1366.4877
     674    1333.0036
     675    1295.0510
     676    1265.3871
     677    1258.8911
     678    1285.3826
     679    1342.6951
     680    1417.5813
     681    1491.6788
     682    1546.7714
     683    1569.2951
     684    1554.2572
     685    1507.0637
     686    1442.0596
     687    1377.9738
     688    1331.7789
     689    1313.1608
     690    1321.6018
     691    1347.1205
     692    1374.4019
     693    1388.7871
     694    1381.8803
     695    1354.6209
     696    1316.6564
     697    1282.3447
     698    1265.1228
     699    1272.5861
     700    1304.0620
     701    1351.2233
     702    1401.1912
     703    1440.9100
     704    1461.2768
     705    1459.6431
     706    1439.9631
     707    1410.7979
     708    1382.1382
     709    1362.2890
     710    1355.8000
     711    1362.8474
     712    1379.9220
     713    1401.3445
     714    1421.0902
     715    1434.4759
     716    1439.3384
     717    1436.4332
     718    1428.9833
     719    1421.5509
     720    1418.5548
     721    1422.8230
     722    1434.5850
     723    1451.2519
     724    1468.0969
     725    1479.6645
     726    1481.5000
     727    1471.6471
     728    1451.4128
     729    1425.1079
     730    1398.8191
     731    1378.6213
     732    1368.8198
     733    1370.7791
     734    1382.6963
     735    1400.3505
     736    1418.5339
     737    1432.6356
     738    1439.8294
     739    1439.5737
     740    1433.4195
     741    1424.3334
     742    1415.7055
     743    1410.2277
     744    1409.0367
     745    1411.6307
     746    1416.5299
     747    1422.0451
     748    1426.6329
     749    1428.8908
     750    1427.5533
     751    1421.7631
     752    1411.6191
     753    1398.7463
     754    1386.4964
     755    1379.4367
     756    1382.0148
     757    1396.7016
     758    1422.3320
     759    1453.5382
     760    1481.8834
     761    1498.6087
     762    1498.0891
     763    1480.5759
     764    1452.8927
     765    1426.4691
     766    1413.2156
     767    1420.7408
     768    1448.8410
     769    1488.8177
     770    1526.1202
     771    1545.4798
     772    1536.6333
     773    1498.3810
     774    1439.3208
     775    1374.9374
     776    1322.1538
     777    1293.3397
     778    1291.9643
     779    1311.5425
     780    1338.3354
     781    1356.8045
     782    1355.7153
     783    1332.5299
     784    1294.4159
     785    1255.5488
     786    1231.8070
     787    1234.8947
     788    1268.0532
     789    1324.8674
     790    1391.5265
     791    1451.6186
     792    1491.6431
     793    1505.2347
     794    1494.6856
     795    1469.4417
     796    1442.3372
     797    1425.0635
     798    1424.4759
     799    1440.8791
     800    1468.6258
     801    1498.5469
     802    1521.1980
     803    1529.8081
     804    1522.0890
     805    1500.5399
     806    1471.3752
     807    1442.5625
     808    1421.5811
     809    1413.4641
     810    1419.5207
     811    1436.9534
     812    1459.4479
     813    1478.7223
     814    1486.8235
     815    1478.5863
     816    1453.4303
     817    1415.8391
     818    1374.3337
     819    1339.2335
     820    1319.8154
     821    1321.6215
     822    1344.6005
     823    1382.6430
     824    1425.0369
     825    1459.9132
     826    1478.5105
     827    1478.1611
     828    1462.6083
     829    1439.8266
     830    1418.6706
     831    1405.7789
     832    1403.2817
     833    1407.3486
     834    1409.0167
     835    1398.6913
     836    1371.6623
     837    1330.7000
     838    1284.9450
     839    1246.4292
     840    1225.8430
     841    1229.0265
     842    1255.2782
     843    1297.8975
     844    1346.6061
     845    1390.9370
     846    1423.4320
     847    1441.5662
     848    1447.6716
     849    1446.9442
     850    1444.6822
     851    1444.2612
     852    1446.4197
     853    1449.5121
     854    1450.3474
     855    1445.3560
     856    1431.7824
     857    1408.5999
     858    1376.9980
     859    1340.4297
     860    1304.1717
     861    1274.3738
     862    1256.7001
     863    1254.8619
     864    1269.4218
     865    1297.2430
     866    1331.8721
     867    1364.9512
     868    1388.4227
     869    1396.9427
     870    1389.6917
     871    1370.8417
     872    1348.3470
     873    1331.3267
     874    1326.8597
     875    1337.3564
     876    1359.5997
     877    1385.9771
     878    1407.5061
     879    1417.4327
     880    1413.9151
     881    1400.7196
     882    1385.6593
     883    1377.4131
     884    1381.9806
     885    1400.1439
     886    1426.9293
     887    1453.2951
     888    1469.4430
     889    1468.4825
     890    1449.0414
     891    1415.8544
     892    1378.1716
     893    1346.6466
     894    1329.7460
     895    1330.6941
     896    1346.0153
     897    1366.7961
     898    1382.5546
     899    1385.6826
     900    1374.2070
     901    1351.9926
     902    1326.8048
     903    1307.2688
     904    1299.9233
     905    1307.3047
     906    1327.5289
     907    1355.2768
     908    1383.6474
     909    1406.1679
     910    1418.3703
     911    1418.6788
     912    1408.5978
     913    1392.2634
     914    1375.3474
     915    1363.4125
     916    1360.2529
     917    1367.0036
     918    1382.2592
     919    1402.7480
     920    1424.1406
     921    1441.9432
     922    1452.5262
     923    1454.0873
     924    1447.1513
     925    1434.2893
     926    1419.0697
     927    1404.6172
     928    1392.3301
     929    1381.2874
     930    1368.6687
     931    1351.1949
     932    1327.0933
     933    1297.4486
     934    1265.4963
     935    1234.1888
     936    1205.1223
     937    1180.4393
     938    1165.0043
     939    1165.4812
     940    1186.4716
     941    1227.9290
     942    1285.7915
     943    1353.1619
     944    1420.9149
     945    1478.8594
     946    1517.8860
     947    1532.4624
     948    1522.5132
     949    1493.8505
     950    1456.7678
     951    1423.0028
     952    1401.8685
     953    1396.7949
     954    1403.7146
     955    1412.4385
     956    1410.9129
     957    1390.6397
     958    1350.9208
     959    1300.2409
     960    1254.2436
     961    1230.7838
     962    1243.3016
     963    1294.6569
     964    1374.5648
     965    1462.5879
     966    1535.1635
     967    1573.3704
     968    1568.8205
     969    1526.0298
     970    1460.5405
     971    1393.4174
     972    1344.0557
     973    1323.8483
     974    1332.7381
     975    1359.5070
     976    1386.0301
     977    1394.7710
     978    1376.3540
     979    1333.4811
     980    1279.7375
     981    1234.1415
     982    1213.7550
     983    1227.2825
     984    1272.0250
     985    1335.1047
     986    1398.2678
     987    1444.3452
     988    1463.0102
     989    1453.8307
     990    1425.6610
     991    1392.7717
     992    1369.2549
     993    1363.8842
     994    1377.4186
     995    1403.2328
     996    1430.6229
     997    1449.1301
     998    1452.1232
     999    1438.4880
    1000    1412.1571
    1001    1379.9893
    1002    1349.0062
    1003    1324.0191
    1004    1306.4235
    1005    1294.4122
    1006    1284.3089
    1007    1272.3757
    1008    1256.3545
    1009    1236.2348
    1010    1214.1156
    1011    1193.3750
    1012    1177.5633
    1013    1169.4286
    1014    1170.3381
    1015    1180.1452
    1016    1197.4093
    1017    1219.8525
    1018    1244.9463
    1019    1270.5045
    1020    1295.1323
    1021    1318.3873
    1022    1340.5752
    1023    1362.2316
    1024    1383.4875
    1025    1403.5988
    1026    1420.8772
    1027    1433.0925
    1028    1438.2046
    1029    1435.1310
    1030    1424.2364
    1031    1407.3044
    1032    1386.9824
    1033    1365.9516
    1034    1346.2179
    1035    1328.8332
    1036    1314.0583
    1037    1301.7803
    1038    1291.9687
    1039    1284.9840
    1040    1281.5868
    1041    1282.5710
    1042    1288.1346
    1043    1297.3284
    1044    1308.0064
    1045    1317.4771
    1046    1323.6684
    1047    1326.2624
    1048    1327.1705
    1049    1329.9916
    1050    1338.5938
    1051    1355.4398
    1052    1380.3075
    1053    1409.5309
    1054    1435.8668
    1055    1450.2685
    1056    1446.0049
    1057    1422.5016
    1058    1386.2547
    1059    1348.6238
    1060    1321.6569
    1061    1313.5303
    1062    1325.2782
    1063    1350.1187
    1064    1375.7686
    1065    1388.9853
    1066    1380.6591
    1067    1349.5083
    1068    1302.9256
    1069    1254.6157
    1070    1219.8799
    1071    1210.2798
    1072    1229.5891
    1073    1272.4473
    1074    1326.1402
    1075    1374.8264
    1076    1404.6856
    1077    1408.1864
    1078    1386.0803
    1079    1346.5876
    1080    1302.2456
    1081    1265.6450
    1082    1245.5821
    1083    1244.8631
    1084    1260.3026
    1085    1284.6472
    1086    1309.5371
    1087    1328.3885
    1088    1338.2914
    1089    1340.4867
    1090    1339.4965
    1091    1341.3323
    1092    1351.3813
    1093    1372.5859
    1094    1404.3856
    1095    1442.6465
    1096    1480.5412
    1097    1510.1379
    1098    1524.3336
    1099    1518.6920
    1100    1492.7335
    1101    1450.2994
    1102    1398.7422
    1103    1347.0032
    1104    1303.0919
    1105    1271.8991
    1106    1254.1507
    1107    1246.7581
    1108    1244.3354
    1109    1241.4523
    1110    1234.9625
    1111    1225.5899
    1112    1218.0531
    1113    1219.5096
    1114    1236.7737
    1115    1273.3422
    1116    1327.4870
    1117    1392.3254
    1118    1457.8673
    1119    1514.1564
    1120    1554.2541
    1121    1575.9754
    1122    1581.7992
    1123    1577.0918
    1124    1567.4234
    1125    1556.1187
    1126    1543.0415
    1127    1525.0928
    1128    1498.1546
    1129    1459.6054
    1130    1410.2683
    1131    1354.8928
    1132    1300.8931
    1133    1255.8359
    1134    1224.7538
    1135    1208.4556
    1136    1203.5550
    1137    1204.1834
    1138    1204.6271
    1139    1201.7670
    1140    1196.2890
    1141    1192.1568
    1142    1194.6249
    1143    1207.7205
    1144    1232.2559
    1145    1265.1084
    1146    1300.0064
    1147    1329.5363
    1148    1347.6315
    1149    1351.5834
    1150    1342.8056
    1151    1326.0974
    1152    1307.7768
    1153    1293.4921
    1154    1286.5741
    1155    1287.4547
    1156    1294.1791
    1157    1303.6136
    1158    1312.7671
    1159    1319.7024
    1160    1323.7993
    1161    1325.4524
    1162    1325.4794
    1163    1324.5391
    1164    1322.7985
    1165    1319.9822
    1166    1315.7678
    1167    1310.2319
    1168    1303.9849
    1169    1297.8687
    1170    1292.4212
    1171    1287.4827
    1172    1282.2312
    1173    1275.7046
    1174    1267.5956
    1175    1258.9311
    1176    1252.2761
    1177    1251.2454
    1178    1259.3853
    1179    1278.7817
    1180    1308.9250
    1181    1346.2926
    1182    1384.8712
    1183    1417.5053
    1184    1437.7098
    1185    1441.4435
    1186    1428.3327
    1187    1401.9657
    1188    1369.1061
    1189    1337.9785
    1190    1316.0405
    1191    1307.8521
    1192    1313.6339
    1193    1329.0107
    1194    1346.1626
    1195    1356.2204
    1196    1352.2618
    1197    1331.9117
    1198    1298.5683
    1199    1260.7684
    1200    1229.8417
    1201    1216.4502
    1202    1226.9140
    1203    1260.5064
    1204    1308.8413
    1205    1357.8886
    1206    1392.2238
    1207    1400.1875
    1208    1378.1313
    1209    1332.0836
    1210    1276.0353
    1211    1227.3060
    1212    1200.6051
    1213    1202.9633
    1214    1231.4140
    1215    1274.2868
    1216    1315.6283
    1217    1341.1080
    1218    1343.2391
    1219    1324.0164
    1220    1293.9947
    1221    1268.1304
    1222    1259.9426
    1223    1276.2342
    1224    1314.4366
    1225    1363.5789
    1226    1408.4248
    1227    1435.0905
    1228    1435.9708
    1229    1412.1966
    1230    1372.8480
    1231    1331.3531
    1232    1300.4678
    1233    1287.6706
    1234    1292.7151
    1235    1308.3382
    1236    1323.8085
    1237    1329.6751
    1238    1321.6395
    1239    1302.0582
    1240    1278.6813
    1241    1261.3021
    1242    1257.7259
    1243    1270.6500
    1244    1296.6383
    1245    1327.5234
    1246    1353.5988
    1247    1367.3011
    1248    1365.9308
    1249    1352.4067
    1250    1333.8292
    1251    1318.4889
    1252    1312.6026
    1253    1318.1754
    1254    1332.7775
    1255    1351.0313
    1256    1366.8847
    1257    1375.6666
    1258    1375.2683
    1259    1366.2653
    1260    1351.1822
    1261    1333.3652
    1262    1315.9504
    1263    1301.2524
    1264    1290.6242
    1265    1284.6529
    1266    1283.4783
    1267    1287.0059
    1268    1294.8154
    1269    1305.8636
    1270    1318.4809
    1271    1330.9938
    1272    1342.5043
    1273    1353.1434
    1274    1363.6355
    1275    1374.4930
    1276    1385.2638
    1277    1394.1756
    1278    1398.3954
    1279    1394.8890
    1280    1381.5991
    1281    1358.4617
    1282    1327.7891
    1283    1293.7964
    1284    1261.3886
    1285    1234.6865
    1286    1215.8739
    1287    1204.8266
    1288    1199.6498
    1289    1197.8649
    1290    1197.7216
    1291    1199.0581
    1292    1203.3301
    1293    1212.7831
    1294    1229.1305
    1295    1252.3124
    1296    1279.9023
    1297    1307.4666
    1298    1329.8022
    1299    1342.6008
    1300    1343.8967
    1301    1334.7224
    1302    1318.7204
    1303    1300.8186
    1304    1285.3907
    1305    1274.6142
    1306    1267.8674
    1307    1262.5615
    1308    1255.8723
    1309    1246.3814
    1310    1234.9040
    1311    1224.2906
    1312    1218.4028
    1313    1220.7251
    1314    1233.1489
    1315    1255.3201
    1316    1284.6862
    1317    1317.1327
    1318    1347.9439
    1319    1372.7715
    1320    1388.3484
    1321    1392.8569
    1322    1386.0425
    1323    1369.3007
    1324    1345.9132
    1325    1321.2256
    1326    1301.7270
    1327    1292.0850
    1328    1292.2129
    1329    1297.9068
    1330    1303.8455
    1331    1305.5874
    1332    1300.2978
    1333    1287.2140
    1334    1267.9724
    1335    1246.4108
    1336    1227.6247
    1337    1216.4387
    1338    1215.7757
    1339    1225.5350
    1340    1242.4743
    1341    1261.2130
    1342    1276.0234
    1343    1282.7633
    1344    1280.2337
    1345    1270.4471
    1346    1257.7207
    1347    1247.0041
    1348    1242.1804
    1349    1245.0479
    1350    1255.3220
    1351    1271.4815
    1352    1291.9066
    1353    1315.6759
    1354    1342.6003
    1355    1372.4854
    1356    1404.0239
    1357    1433.9782
    1358    1457.2619
    1359    1468.1493
    1360    1462.2681
    1361    1438.5602
    1362    1400.3168
    1363    1354.6708
    1364    1310.5361
    1365    1275.6306
    1366    1253.7090
    1367    1243.1698
    1368    1237.7708
    1369    1229.3513
    1370    1211.5618
    1371    1183.0716
    1372    1148.8479
    1373    1118.8708
    1374    1104.6753
    1375    1114.9835
    1376    1152.0747
    1377    1210.3052
    1378    1277.4182
    1379    1338.2247
    1380    1379.3801
    1381    1393.5652
    1382    1381.6245
    1383    1351.9234
    1384    1317.1574
    1385    1289.7514
    1386    1277.5446
    1387    1281.3653
    1388    1295.3406
    1389    1309.6814
    1390    1314.7681
    1391    1304.9559
    1392    1280.7523
    1393    1248.6805
    1394    1218.9918
    1395    1202.1108
    1396    1205.0906
    1397    1229.2844
    1398    1269.9442
    1399    1317.7725
    1400    1361.8430
    1401    1392.8967
    1402    1405.8903
    1403    1400.9498
    1404    1382.5553
    1405    1357.4655
    1406    1332.2883
    1407    1311.6202
    1408    1297.3042
    1409    1288.7500
    1410    1283.8400
    1411    1279.9566
    1412    1274.8538
    1413    1267.2715
    1414    1257.2504
    1415    1246.1391
    1416    1236.3116
    1417    1230.6398
    1418    1231.7986
    1419    1241.5340
    1420    1260.0677
    1421    1285.8037
    1422    1315.4208
    1423    1344.3394
    1424    1367.5153
    1425    1380.4409
    1426    1380.1537
    1427    1366.0083
    1428    1340.0010
    1429    1306.5341
    1430    1271.6027
    1431    1241.5341
    1432    1221.5590
    1433    1214.5844
    1434    1220.4834
    1435    1236.0876
    1436    1255.9431
    1437    1273.7349
    1438    1284.0882
    1439    1284.2139
    1440    1274.8317
    1441    1260.0102
    1442    1245.9016
    1443    1238.7333
    1444    1242.6666
    1445    1258.2260
    1446    1281.8646
    1447    1306.8904
    1448    1325.5105
    1449    1331.3143
    1450    1321.3562
    1451    1297.1366
    1452    1264.1502
    1453    1230.1269
    1454    1202.5266
    1455    1186.1675
    1456    1181.8930
    1457    1186.7824
    1458    1195.7589
    1459    1203.8550
    1460    1208.1500
    1461    1208.5937
    1462    1207.5168
    1463    1208.2778
    1464    1213.7454
    1465    1225.1570
    1466    1241.6894
    1467    1260.8689
    1468    1279.6485
    1469    1295.6647
    1470    1308.0695
    1471    1317.5375
    1472    1325.4622
    1473    1332.7654
    1474    1338.9383
    1475    1341.8484
    1476    1338.4953
    1477    1326.4484
    1478    1305.3330
    1479    1277.6661
    1480    1248.5949
    1481    1224.5288
    1482    1211.1297
    1483    1211.4427
    1484    1224.9389
    1485    1247.8957
    1486    1274.9283
    1487    1300.9564
    1488    1322.7472
    1489    1339.4440
    1490    1351.9877
    1491    1361.8308
    1492    1369.5986
    1493    1374.3361
    1494    1373.6963
    1495    1364.9780
    1496    1346.5378
    1497    1318.9101
    1498    1285.1024
    1499    1249.9052
    1500    1218.5427
    1501    1195.3011
    1502    1182.7122
    1503    1181.2803
    1504    1189.2878
    1505    1202.9396
    1506    1217.8214
    1507    1231.2091
    1508    1243.1560
    1509    1255.4261
    1510    1269.2708
    1511    1283.5848
    1512    1294.4713
    1513    1296.4561
    1514    1284.8010
    1515    1257.8333
    1516    1218.2200
    1517    1172.7229
    1518    1130.6085
    1519    1101.1824
    1520    1091.1111
    1521    1102.4029
    1522    1131.8447
    1523    1172.1589
    1524    1214.4381
    1525    1250.9438
    1526    1277.2455
    1527    1293.0010
    1528    1301.2378
    1529    1306.5440
    1530    1312.9344
    1531    1322.1874
    1532    1333.2014
    1533    1342.5031
    1534    1345.6360
    1535    1338.8848
    1536    1320.7182
    1537    1292.5145
    1538    1258.4392
    1539    1224.5863
    1540    1197.6082
    1541    1183.1065
    1542    1184.1389
    1543    1200.2634
    1544    1227.4738
    1545    1259.1471
    1546    1287.7795
    1547    1307.0103
    1548    1313.2994
    1549    1306.7132
    1550    1290.5739
    1551    1270.1158
    1552    1250.6288
    1553    1235.7102
    1554    1226.2055
    1555    1220.2028
    1556    1214.1132
    1557    1204.4430
    1558    1189.5617
    1559    1170.7384
    1560    1151.9980
    1561    1138.8339
    1562    1136.2765
    1563    1147.0800
    1564    1170.7336
    1565    1203.6554
    1566    1240.4365
    1567    1275.5761
    1568    1304.9928
    1569    1326.7340
    1570    1340.7066
    1571    1347.7197
    1572    1348.4297
    1573    1342.7957
    1574    1330.3506
    1575    1311.1283
    1576    1286.6755
    1577    1260.4748
    1578    1237.3664
    1579    1222.1000
    1580    1217.6231
    1581    1223.8971
    1582    1237.7952
    1583    1254.1795
    1584    1267.7514
    1585    1274.9533
    1586    1275.1704
    1587    1270.7354
    1588    1265.7155
    1589    1263.9154
    1590    1266.9155
    1591    1273.0254
    1592    1277.7186
    1593    1275.4998
    1594    1262.4783
    1595    1238.5218
    1596    1207.9811
    1597    1178.5528
    1598    1158.6416
    1599    1154.2353
    1600    1166.5607
    1601    1191.5075
    1602    1221.1009
    1603    1246.4775
    1604    1261.1837
    1605    1263.4724
    1606    1256.6581
    1607    1247.3965
    1608    1242.6011
    1609    1246.2992
    1610    1257.7670
    1611    1271.7596
    1612    1280.7403
    1613    1278.1607
    1614    1261.3716
    1615    1232.9512
    1616    1199.9762
    1617    1171.6229
    1618    1156.0568
    1619    1157.7199
    1620    1175.9318
    1621    1205.2560
    1622    1237.4308
    1623    1264.1156
    1624    1279.4720
    1625    1281.7150
    1626    1273.1790
    1627    1258.9860
    1628    1244.9012
    1629    1235.2110
    1630    1231.3640
    1631    1231.7767
    1632    1232.7792
    1633    1230.3047
    1634    1221.6639
    1635    1206.7238
    1636    1188.0896
    1637    1170.2847
    1638    1158.2940
    1639    1156.0029
    1640    1165.0263
    1641    1184.2502
    1642    1210.1673
    1643    1237.8754
    1644    1262.3982
    1645    1279.9138
    1646    1288.5430
    1647    1288.5027
    1648    1281.6521
    1649    1270.6316
    1650    1257.9139
    1651    1245.0900
    1652    1232.6275
    1653    1220.1443
    1654    1207.0477
    1655    1193.2612
    1656    1179.7376
    1657    1168.5060
    1658    1162.1584
    1659    1162.8892
    1660    1171.4472
    1661    1186.4816
    1662    1204.6706
    1663    1221.7104
    1664    1233.8161
    1665    1239.0797
    1666    1238.0381
    1667    1233.1613
    1668    1227.4828
    1669    1222.9879
    1670    1219.5236
    1671    1214.7856
    1672    1205.4888
    1673    1189.2682
    1674    1166.4730
    1675    1140.9714
    1676    1119.4546
    1677    1109.3337
    1678    1115.9704
    1679    1140.3283
    1680    1178.0923
    1681    1220.7797
    1682    1258.5691
    1683    1283.8187
    1684    1293.8674
    1685    1291.9261
    1686    1285.6179
    1687    1283.6740
    1688    1292.0845
    1689    1311.2568
    1690    1335.3728
    1691    1354.2658
    1692    1357.1561
    1693    1336.8536
    1694    1292.8518
    1695    1232.1611
    1696    1167.4997
    1697    1113.3272
    1698    1080.9286
    1699    1074.3649
    1700    1089.1278
    1701    1114.2220
    1702    1136.6670
    1703    1146.3909
    1704    1139.6281
    1705    1119.7747
    1706    1095.6564
    1707    1078.0622
    1708    1075.8771
    1709    1093.1370
    1710    1127.8895
    1711    1173.0747
    1712    1218.9544
    1713    1256.1641
    1714    1278.3731
    1715    1283.7892
    1716    1275.2173
    1717    1258.8223
    1718    1242.0335
    1719    1231.1667
    1720    1229.5051
    1721    1236.6084
    1722    1249.0843
    1723    1262.2193
    1724    1271.6211
    1725    1274.4451
    1726    1270.1008
    1727    1260.3717
    1728    1248.8807
    1729    1239.9944
    1730    1237.4589
    1731    1243.1844
    1732    1256.5889
    1733    1274.7430
    1734    1293.3039
    1735    1307.9539
    1736    1315.8218
    1737    1316.3307
    1738    1311.0928
    1739    1302.8764
    1740    1294.0957
    1741    1285.5450
    1742    1275.9765
    1743    1262.7050
    1744    1242.9611
    1745    1215.4384
    1746    1181.3746
    1747    1144.6765
    1748    1110.9563
    1749    1085.8134
    1750    1073.0275
    1751    1073.3705
    1752    1084.4960
    1753    1101.9577
    1754    1120.9701
    1755    1138.2376
    1756    1153.1351
    1757    1167.7416
    1758    1185.6330
    1759    1209.8453
    1760    1240.8488
    1761    1275.4789
    1762    1307.4141
    1763    1329.1416
    1764    1334.6790
    1765    1321.9863
    1766    1294.0695
    1767    1258.2876
    1768    1224.0414
    1769    1199.6455
    1770    1189.5195
    1771    1192.7598
    1772    1203.6770
    1773    1214.1239
    1774    1216.7200
    1775    1207.7162
    1776    1188.4410
    1777    1164.8043
    1778    1145.0730
    1779    1136.7729
    1780    1143.8900
    1781    1165.4036
    1782    1195.6247
    1783    1226.1476
    1784    1248.6697
    1785    1257.7094
    1786    1252.3345
    1787    1236.3822
    1788    1217.1338
    1789    1202.8934
    1790    1200.2488
    1791    1211.8834
    1792    1235.6373
    1793    1265.1303
    1794    1291.7529
    1795    1307.4101
    1796    1307.1237
    1797    1290.6554
    1798    1262.6361
    1799    1231.1367
    1800    1205.0931
    1801    1191.3774
    1802    1192.5038
    1803    1205.7860
    1804    1224.2976
    1805    1239.3521
    1806    1243.6393
    1807    1233.8911
    1808    1212.0813
    1809    1184.7348
    1810    1160.6146
    1811    1147.6318
    1812    1150.0865
    1813    1167.2042
    1814    1193.4760
    1815    1220.6704
    1816    1240.7790
    1817    1248.7991
    1818    1244.2906
    1819    1231.1464
    1820    1215.7182
    1821    1204.1401
    1822    1199.9743
    1823    1203.1142
    1824    1210.2842
    1825    1216.7915
    1826    1218.7032
    1827    1214.4947
    1828    1205.4779
    1829    1194.8811
    1830    1186.0588
    1831    1180.7260
    1832    1178.0833
    1833    1175.3162
    1834    1169.2646
    1835    1158.4402
    1836    1144.2903
    1837    1130.9513
    1838    1123.5768
    1839    1126.0538
    1840    1139.0636
    1841    1159.2025
    1842    1179.6378
    1843    1192.3289
    1844    1191.1093
    1845    1174.3584
    1846    1146.0251
    1847    1114.4331
    1848    1089.2625
    1849    1077.8944
    1850    1082.6036
    1851    1099.7604
    1852    1121.4261
    1853    1138.7422
    1854    1145.7384
    1855    1141.9729
    1856    1132.8892
    1857    1127.6954
    1858    1135.5647
    1859    1161.6485
    1860    1204.4738
    1861    1255.7693
    1862    1302.8648
    1863    1332.8410
    1864    1336.9666
    1865    1313.8111
    1866    1269.9028
    1867    1217.6860
    1868    1171.5160
    1869    1143.0872
    1870    1137.8690
    1871    1153.7340
    1872    1182.1708
    1873    1211.5573
    1874    1231.2807
    1875    1235.2614
    1876    1223.7369
    1877    1202.8060
    1878    1182.0235
    1879    1170.9493
    1880    1175.8428
    1881    1197.5463
    1882    1231.1851
    1883    1267.7559
    1884    1297.1131
    1885    1311.3716
    1886    1307.5403
    1887    1288.4323
    1888    1261.5192
    1889    1236.1347
    1890    1220.0411
    1891    1216.6355
    1892    1223.8517
    1893    1235.1504
    1894    1242.1653
    1895    1237.9649
    1896    1219.7053
    1897    1189.7396
    1898    1154.8271
    1899    1123.7572
    1900    1104.2100
    1901    1099.9764
    1902    1109.5758
    1903    1126.8535
    1904    1143.3539
    1905    1151.5581
    1906    1147.7691
    1907    1133.5793
    1908    1115.3631
    1909    1101.9496
    1910    1101.3021
    1911    1117.4324
    1912    1148.7093
    1913    1188.2049
    1914    1225.9740
    1915    1252.4351
    1916    1261.6293
    1917    1253.1730
    1918    1232.2078
    1919    1207.4023
    1920    1187.7752
    1921    1179.5442
    1922    1184.1738
    1923    1198.2813
    1924    1215.3057
    1925    1228.1673
    1926    1231.8278
    1927    1224.8017
    1928    1209.1803
    1929    1189.3623
    1930    1170.1992
    1931    1155.3969
    1932    1146.7652
    1933    1144.4103
    1934    1147.5106
    1935    1155.0934
    1936    1166.3570
    1937    1180.4267
    1938    1195.8280
    1939    1210.1623
    1940    1220.3718
    1941    1223.6499
    1942    1218.6619
    1943    1206.5029
    1944    1190.8226
    1945    1176.8623
    1946    1169.6209
    1947    1171.8157
    1948    1182.5125
    1949    1197.1064
    1950    1208.8426
    1951    1211.4214
    1952    1201.7064
    1953    1181.4037
    1954    1156.9507
    1955    1137.5170
    1956    1131.8032
    1957    1144.7944
    1958    1175.6792
    1959    1217.7470
    1960    1260.3618
    1961    1292.3684
    1962    1305.7720
    1963    1298.4157
    1964    1274.7075
    1965    1244.1335
    1966    1218.0647
    1967    1205.9749
    1968    1212.3473
    1969    1235.2488
    1970    1266.9409
    1971    1296.2865
    1972    1312.2094
    1973    1307.1556
    1974    1279.5013
    1975    1234.1730
    1976    1181.2994
    1977    1133.3127
    1978    1101.3724
    1979    1092.1648
    1980    1106.0378
    1981    1137.0032
    1982    1174.6084
    1983    1207.1150
    1984    1225.0364
    1985    1223.9676
    1986    1205.8344
    1987    1178.1441
    1988    1151.4025
    1989    1135.4573
    1990    1135.9908
    1991    1152.4863
    1992    1178.4659
    1993    1203.8486
    1994    1218.5112
    1995    1215.8640
    1996    1195.2824
    1997    1162.5691
    1998    1128.2245
    1999    1104.0468
    2000    1099.1956
