#Frame              T
       1    2982.3449
       2    2846.4163
       3    2627.6381
       4    2379.0681
       5    2154.4624
       6    1991.7756
       7    1903.0416
       8    1873.8702
       9    1871.9811
      10    1861.1466
      11    1815.4036
      12    1728.6726
      13    1616.7350
      14    1511.2021
      15    1447.8181
      16    1453.2967
      17    1535.2886
      18    1678.9082
      19    1850.8550
      20    2009.5122
      21    2117.4741
      22    2152.3387
      23    2112.4445
      24    2016.0213
      25    1894.4086
      26    1781.7580
      27    1704.5822
      28    1674.5247
      29    1686.6863
      30    1723.7434
      31    1763.7023
      32    1787.9998
      33    1787.1792
      34    1762.7226
      35    1725.0186
      36    1688.6186
      37    1666.6531
      38    1666.3408
      39    1686.9392
      40    1720.5616
      41    1755.3223
      42    1779.6074
      43    1785.9412
      44    1773.1191
      45    1745.9370
      46    1712.8586
      47    1682.7883
      48    1662.2734
      49    1653.9858
      50    1656.6609
      51    1666.1930
      52    1677.3060
      53    1685.1627
      54    1686.4044
      55    1679.4177
      56    1663.9802
      57    1640.7258
      58    1610.8724
      59    1576.3728
      60    1540.3324
      61    1507.3361
      62    1483.3117
      63    1474.6206
      64    1486.3227
      65    1520.0102
      66    1572.1085
      67    1633.7016
      68    1692.4925
      69    1736.5389
      70    1758.3897
      71    1757.8176
      72    1741.9040
      73    1722.3968
      74    1711.2361
      75    1715.7388
      76    1735.1870
      77    1760.3322
      78    1776.3474
      79    1768.3793
      80    1727.7265
      81    1656.2682
      82    1567.2763
      83    1481.9677
      84    1422.7406
      85    1405.4536
      86    1433.7437
      87    1497.7861
      88    1578.0507
      89    1652.4444
      90    1703.9767
      91    1726.0940
      92    1723.8582
      93    1710.7344
      94    1702.4323
      95    1710.2864
      96    1736.6999
      97    1774.3008
      98    1809.0414
      99    1825.9676
     100    1815.3451
     101    1776.7382
     102    1719.5512
     103    1659.8763
     104    1614.8675
     105    1596.7181
     106    1608.4874
     107    1643.2784
     108    1687.0039
     109    1723.6184
     110    1740.8332
     111    1734.2080
     112    1708.2418
     113    1674.2484
     114    1645.9298
     115    1634.3654
     116    1644.3047
     117    1672.9899
     118    1711.6190
     119    1748.6164
     120    1773.4562
     121    1779.7949
     122    1767.0361
     123    1740.0207
     124    1707.1026
     125    1677.3155
     126    1657.5708
     127    1650.7502
     128    1655.2186
     129    1665.8011
     130    1675.7982
     131    1679.2957
     132    1673.0153
     133    1657.3030
     134    1636.1903
     135    1616.4638
     136    1605.6808
     137    1609.6007
     138    1630.0518
     139    1664.0975
     140    1704.7419
     141    1742.9755
     142    1770.5757
     143    1782.6938
     144    1779.1697
     145    1764.0447
     146    1743.6255
     147    1724.0596
     148    1709.4019
     149    1700.7044
     150    1696.2594
     151    1692.7548
     152    1686.8230
     153    1676.3475
     154    1661.0241
     155    1642.0165
     156    1621.0294
     157    1599.4334
     158    1578.0030
     159    1557.3477
     160    1538.5827
     161    1523.6050
     162    1514.6378
     163    1513.2030
     164    1518.9739
     165    1529.0693
     166    1538.2838
     167    1540.4792
     168    1530.8860
     169    1508.5160
     170    1477.5822
     171    1447.0778
     172    1428.3439
     173    1431.3249
     174    1460.7571
     175    1513.5694
     176    1578.6532
     177    1639.8308
     178    1681.4637
     179    1694.2786
     180    1678.6992
     181    1644.3939
     182    1606.4085
     183    1579.4146
     184    1572.2142
     185    1584.5601
     186    1607.4965
     187    1627.0964
     188    1630.1102
     189    1609.2647
     190    1566.1775
     191    1510.9257
     192    1458.7005
     193    1424.9569
     194    1420.7280
     195    1449.5111
     196    1506.5053
     197    1580.2017
     198    1655.6340
     199    1718.2063
     200    1757.0365
     201    1767.0214
     202    1749.2584
     203    1709.9186
     204    1658.0637
     205    1603.1266
     206    1552.8170
     207    1512.0140
     208    1482.7284
     209    1464.7142
     210    1456.2064
     211    1454.5389
     212    1456.7182
     213    1460.1390
     214    1463.4676
     215    1467.3811
     216    1474.6108
     217    1488.9594
     218    1513.5071
     219    1548.7276
     220    1591.3381
     221    1634.4252
     222    1668.9027
     223    1685.8929
     224    1679.3308
     225    1648.0133
     226    1596.4332
     227    1534.0257
     228    1472.9234
     229    1424.7609
     230    1397.4730
     231    1393.1540
     232    1407.7466
     233    1432.6818
     234    1457.8662
     235    1474.9381
     236    1479.7198
     237    1473.1391
     238    1460.4590
     239    1449.2288
     240    1446.7429
     241    1457.8139
     242    1483.3354
     243    1519.7560
     244    1559.4731
     245    1592.3384
     246    1608.4220
     247    1601.4190
     248    1571.2436
     249    1524.6253
     250    1473.4511
     251    1431.3489
     252    1409.5292
     253    1413.1933
     254    1439.7713
     255    1479.6466
     256    1519.1220
     257    1544.6542
     258    1547.0440
     259    1524.3557
     260    1482.6485
     261    1434.1800
     262    1393.5149
     263    1372.7639
     264    1377.6690
     265    1405.9929
     266    1448.7165
     267    1493.4771
     268    1528.8783
     269    1548.0003
     270    1549.8770
     271    1538.9347
     272    1523.2200
     273    1511.9503
     274    1512.6899
     275    1528.8725
     276    1558.5685
     277    1594.9595
     278    1628.3645
     279    1649.1824
     280    1650.7183
     281    1630.7455
     282    1591.3162
     283    1537.7377
     284    1477.7404
     285    1420.4724
     286    1374.7196
     287    1346.7866
     288    1338.8940
     289    1348.6649
     290    1369.8716
     291    1394.2318
     292    1413.7989
     293    1423.3590
     294    1422.2119
     295    1414.6873
     296    1408.9170
     297    1414.0095
     298    1436.4932
     299    1477.3475
     300    1530.8227
     301    1585.6389
     302    1628.2764
     303    1647.2829
     304    1637.1041
     305    1600.0660
     306    1545.7925
     307    1488.2538
     308    1441.4714
     309    1415.3608
     310    1413.0806
     311    1430.6831
     312    1459.0171
     313    1487.1026
     314    1505.7647
     315    1510.3707
     316    1501.9233
     317    1486.3110
     318    1472.0168
     319    1466.9864
     320    1475.6739
     321    1497.3884
     322    1526.5508
     323    1554.6202
     324    1572.8449
     325    1574.9182
     326    1558.8116
     327    1527.4012
     328    1487.8273
     329    1449.7802
     330    1423.0631
     331    1415.0214
     332    1428.5839
     333    1461.4611
     334    1506.6536
     335    1554.1762
     336    1593.7184
     337    1617.6045
     338    1623.0667
     339    1612.9078
     340    1594.2262
     341    1575.6820
     342    1564.3661
     343    1563.3901
     344    1570.9538
     345    1581.1015
     346    1585.8569
     347    1578.0636
     348    1554.0411
     349    1515.1894
     350    1467.9401
     351    1421.9574
     352    1387.1537
     353    1370.6349
     354    1374.7608
     355    1396.8929
     356    1430.6376
     357    1467.8998
     358    1501.0102
     359    1524.3474
     360    1535.2093
     361    1533.9568
     362    1523.5814
     363    1508.8393
     364    1495.0743
     365    1486.8863
     366    1486.8889
     367    1494.8451
     368    1507.4647
     369    1519.0870
     370    1523.2499
     371    1514.8483
     372    1492.2304
     373    1458.4281
     374    1420.8444
     375    1389.2368
     376    1372.5175
     377    1375.4955
     378    1396.8273
     379    1429.1089
     380    1461.2575
     381    1482.4339
     382    1486.0403
     383    1472.2102
     384    1447.7733
     385    1423.6648
     386    1410.7582
     387    1415.6771
     388    1438.1056
     389    1470.6212
     390    1501.2616
     391    1518.0235
     392    1513.5567
     393    1488.1361
     394    1449.7489
     395    1411.2996
     396    1385.9824
     397    1382.5127
     398    1401.9579
     399    1437.3341
     400    1476.1165
     401    1504.7126
     402    1513.2162
     403    1498.7076
     404    1465.9406
     405    1425.3213
     406    1389.0977
     407    1367.2665
     408    1364.6213
     409    1379.8249
     410    1406.6530
     411    1436.8158
     412    1463.1400
     413    1481.8469
     414    1493.2028
     415    1500.5740
     416    1508.4869
     417    1520.5488
     418    1537.9820
     419    1559.2221
     420    1580.5799
     421    1597.5447
     422    1606.0885
     423    1603.4605
     424    1588.3986
     425    1561.0504
     426    1522.9319
     427    1477.0201
     428    1427.7709
     429    1380.7715
     430    1341.8901
     431    1316.0781
     432    1306.2138
     433    1312.4026
     434    1331.9900
     435    1360.2944
     436    1391.8274
     437    1421.6252
     438    1446.3021
     439    1464.5566
     440    1477.0395
     441    1485.6992
     442    1492.8267
     443    1500.0748
     444    1507.7744
     445    1514.8009
     446    1519.0269
     447    1518.1246
     448    1510.3748
     449    1495.2235
     450    1473.5163
     451    1447.4628
     452    1420.3968
     453    1396.3535
     454    1379.4124
     455    1372.8055
     456    1377.9202
     457    1393.5032
     458    1415.4921
     459    1437.7963
     460    1453.9985
     461    1459.4847
     462    1453.2054
     463    1438.3227
     464    1421.3956
     465    1410.2658
     466    1411.3177
     467    1427.0501
     468    1454.9680
     469    1488.3910
     470    1518.9225
     471    1539.5288
     472    1546.9429
     473    1542.4885
     474    1531.0872
     475    1518.8984
     476    1510.5715
     477    1507.2743
     478    1506.3637
     479    1502.8740
     480    1492.1683
     481    1472.5258
     482    1446.4463
     483    1420.0514
     484    1400.8478
     485    1394.8493
     486    1404.2626
     487    1426.6283
     488    1455.7070
     489    1483.7584
     490    1504.3215
     491    1514.3878
     492    1515.0823
     493    1510.6141
     494    1505.9883
     495    1504.4714
     496    1505.9088
     497    1506.6135
     498    1500.8817
     499    1483.4925
     500    1452.1305
     501    1408.7374
     502    1359.2693
     503    1311.9985
     504    1275.0532
     505    1254.1418
     506    1251.2458
     507    1264.6193
     508    1289.9077
     509    1321.8113
     510    1355.6252
     511    1388.1831
     512    1418.0432
     513    1445.0566
     514    1469.6162
     515    1491.9093
     516    1511.4024
     517    1526.6525
     518    1535.4329
     519    1535.1188
     520    1523.2979
     521    1498.5708
     522    1461.4063
     523    1414.7872
     524    1364.3087
     525    1317.5064
     526    1282.4508
     527    1265.8729
     528    1271.2761
     529    1297.6498
     530    1339.4283
     531    1387.9266
     532    1433.8145
     533    1469.7368
     534    1492.1737
     535    1501.9479
     536    1503.2506
     537    1501.5636
     538    1501.2736
     539    1503.9114
     540    1507.6985
     541    1508.5350
     542    1501.9831
     543    1485.4421
     544    1459.6759
     545    1429.0835
     546    1400.5147
     547    1380.9781
     548    1375.1400
     549    1383.7962
     550    1403.9955
     551    1430.4658
     552    1457.3801
     553    1479.6648
     554    1493.6445
     555    1497.2478
     556    1490.0147
     557    1472.9890
     558    1448.4889
     559    1419.7782
     560    1390.6212
     561    1364.6845
     562    1344.7754
     563    1332.0892
     564    1325.8089
     565    1323.3963
     566    1321.6220
     567    1317.9875
     568    1311.9619
     569    1305.4784
     570    1302.3806
     571    1306.9180
     572    1321.7886
     573    1346.4917
     574    1376.7179
     575    1405.1561
     576    1423.5488
     577    1425.3381
     578    1407.9629
     579    1373.9636
     580    1330.4088
     581    1286.7702
     582    1251.9856
     583    1231.7947
     584    1227.3669
     585    1235.6887
     586    1251.4301
     587    1269.4232
     588    1286.7111
     589    1303.4105
     590    1322.1694
     591    1346.5544
     592    1379.0771
     593    1419.6569
     594    1465.0842
     595    1509.6257
     596    1546.4560
     597    1569.3590
     598    1574.1457
     599    1559.4630
     600    1526.9161
     601    1480.6652
     602    1426.7215
     603    1372.0915
     604    1323.8030
     605    1287.8482
     606    1268.1779
     607    1266.0192
     608    1279.7743
     609    1305.5934
     610    1338.4626
     611    1373.4648
     612    1406.8309
     613    1436.5015
     614    1462.0582
     615    1484.0818
     616    1503.1561
     617    1518.8944
     618    1529.4030
     619    1531.4809
     620    1521.6109
     621    1497.4677
     622    1459.3967
     623    1411.1832
     624    1359.6044
     625    1312.7381
     626    1277.6072
     627    1258.1079
     628    1254.0914
     629    1261.9706
     630    1276.5445
     631    1293.2226
     632    1309.7261
     633    1326.5995
     634    1346.4049
     635    1371.9795
     636    1404.5124
     637    1442.2590
     638    1480.4761
     639    1512.6670
     640    1532.6695
     641    1536.7399
     642    1524.7981
     643    1500.3555
     644    1469.1859
     645    1437.2669
     646    1408.8046
     647    1385.1711
     648    1365.2627
     649    1347.0633
     650    1329.4898
     651    1313.4648
     652    1301.6728
     653    1297.2313
     654    1302.0503
     655    1315.7223
     656    1335.4411
     657    1356.9162
     658    1375.8317
     659    1389.2484
     660    1396.4346
     661    1398.8400
     662    1399.1811
     663    1399.9606
     664    1402.0530
     665    1404.0283
     666    1402.5864
     667    1394.0195
     668    1376.1172
     669    1349.6792
     670    1318.9183
     671    1290.4931
     672    1271.4573
     673    1266.8202
     674    1277.6309
     675    1300.3750
     676    1327.9947
     677    1352.2139
     678    1366.3512
     679    1367.6010
     680    1357.9447
     681    1343.3456
     682    1331.4886
     683    1328.8911
     684    1338.4970
     685    1358.6917
     686    1384.0887
     687    1407.7275
     688    1423.7797
     689    1429.7006
     690    1427.0190
     691    1420.5316
     692    1416.2609
     693    1418.9823
     694    1430.2495
     695    1447.6393
     696    1465.4963
     697    1476.9033
     698    1476.1954
     699    1461.1166
     700    1433.8337
     701    1400.3894
     702    1368.7850
     703    1346.3745
     704    1337.5135
     705    1342.3154
     706    1356.9530
     707    1375.3595
     708    1391.6361
     709    1402.2092
     710    1406.9156
     711    1408.6395
     712    1411.6954
     713    1419.6270
     714    1433.3081
     715    1450.1088
     716    1464.5114
     717    1470.0152
     718    1461.6564
     719    1438.1939
     720    1403.0516
     721    1363.5387
     722    1328.5195
     723    1305.3477
     724    1297.2348
     725    1302.1139
     726    1313.5118
     727    1323.1498
     728    1324.2929
     729    1314.5308
     730    1296.8775
     731    1278.7193
     732    1268.9852
     733    1274.5947
     734    1297.5689
     735    1333.9483
     736    1374.9788
     737    1410.1166
     738    1430.7143
     739    1432.9920
     740    1419.1979
     741    1396.5665
     742    1374.5196
     743    1361.1968
     744    1360.6087
     745    1371.3991
     746    1387.5924
     747    1400.9785
     748    1404.2286
     749    1393.6044
     750    1370.2996
     751    1340.0059
     752    1310.9484
     753    1291.1727
     754    1286.0863
     755    1297.0863
     756    1321.6004
     757    1354.2872
     758    1388.7978
     759    1419.5105
     760    1442.7918
     761    1457.5058
     762    1464.6814
     763    1466.5511
     764    1465.4047
     765    1462.7027
     766    1458.6858
     767    1452.5104
     768    1442.7932
     769    1428.4269
     770    1409.3816
     771    1386.9662
     772    1363.0402
     773    1338.7569
     774    1314.4379
     775    1290.8702
     776    1270.4015
     777    1256.6589
     778    1253.2126
     779    1262.0641
     780    1282.6416
     781    1311.6467
     782    1343.7544
     783    1372.9588
     784    1394.2018
     785    1404.7818
     786    1405.0668
     787    1398.2439
     788    1389.1753
     789    1382.6936
     790    1381.8036
     791    1386.3396
     792    1392.7381
     793    1395.3349
     794    1388.8027
     795    1370.6216
     796    1342.4702
     797    1309.9851
     798    1280.9765
     799    1262.7815
     800    1259.7721
     801    1271.8701
     802    1294.4835
     803    1319.8897
     804    1339.7286
     805    1347.8743
     806    1342.7222
     807    1328.0362
     808    1311.9543
     809    1304.3589
     810    1313.3790
     811    1342.1685
     812    1387.2127
     813    1439.0311
     814    1485.2233
     815    1514.7455
     816    1521.7091
     817    1507.1379
     818    1478.0963
     819    1444.9124
     820    1417.7658
     821    1403.5547
     822    1403.7861
     823    1414.2429
     824    1426.7154
     825    1432.2037
     826    1424.3520
     827    1401.8005
     828    1368.6233
     829    1332.7792
     830    1303.2387
     831    1286.9080
     832    1286.4713
     833    1299.8899
     834    1321.5916
     835    1344.6837
     836    1363.1622
     837    1373.3276
     838    1374.2381
     839    1367.3867
     840    1355.8141
     841    1342.9650
     842    1331.7526
     843    1324.1777
     844    1321.5015
     845    1324.6136
     846    1334.1476
     847    1350.1471
     848    1371.4796
     849    1395.4592
     850    1418.0810
     851    1434.9490
     852    1442.6570
     853    1440.1716
     854    1429.6659
     855    1416.2144
     856    1405.9657
     857    1403.2284
     858    1408.0563
     859    1415.9185
     860    1419.4832
     861    1411.4113
     862    1387.1474
     863    1346.9443
     864    1296.4457
     865    1245.4929
     866    1205.4197
     867    1185.6992
     868    1191.0644
     869    1220.0482
     870    1265.3713
     871    1316.0264
     872    1360.4359
     873    1389.7226
     874    1400.0039
     875    1392.8975
     876    1374.1147
     877    1350.8631
     878    1329.2303
     879    1312.4593
     880    1300.4188
     881    1290.1893
     882    1277.5244
     883    1258.7537
     884    1232.5445
     885    1200.9607
     886    1169.4485
     887    1145.6777
     888    1137.4051
     889    1149.7766
     890    1183.0291
     891    1231.9604
     892    1287.7040
     893    1340.7232
     894    1383.5034
     895    1412.1332
     896    1426.5778
     897    1429.7333
     898    1425.6630
     899    1417.7392
     900    1407.4459
     901    1394.3127
     902    1376.9348
     903    1354.5944
     904    1328.7118
     905    1303.3920
     906    1284.6916
     907    1278.8074
     908    1289.8566
     909    1318.1340
     910    1359.5787
     911    1406.7367
     912    1450.8890
     913    1484.5025
     914    1503.1024
     915    1506.0261
     916    1496.0292
     917    1477.9294
     918    1456.6243
     919    1435.1496
     920    1413.6254
     921    1389.6399
     922    1359.9483
     923    1322.7745
     924    1279.6923
     925    1236.1740
     926    1200.4245
     927    1180.8473
     928    1183.1652
     929    1208.4502
     930    1252.7985
     931    1308.2701
     932    1364.2520
     933    1409.6650
     934    1436.7108
     935    1444.1689
     936    1437.4819
     937    1425.5817
     938    1416.5039
     939    1413.9342
     940    1416.0305
     941    1416.8306
     942    1409.5172
     943    1390.0802
     944    1359.7933
     945    1325.4304
     946    1297.1028
     947    1284.5592
     948    1293.4014
     949    1322.7224
     950    1365.1094
     951    1409.0222
     952    1442.6198
     953    1457.5814
     954    1451.5458
     955    1428.3810
     956    1396.3123
     957    1364.7178
     958    1340.7970
     959    1327.3264
     960    1322.2365
     961    1320.0534
     962    1314.5566
     963    1301.5928
     964    1280.9844
     965    1256.8577
     966    1236.3120
     967    1226.9352
     968    1234.0588
     969    1258.7031
     970    1296.9150
     971    1340.7236
     972    1380.3984
     973    1407.2673
     974    1416.1643
     975    1406.7329
     976    1383.2404
     977    1353.0590
     978    1324.3243
     979    1303.4801
     980    1293.4794
     981    1293.2224
     982    1298.3574
     983    1303.1109
     984    1302.4914
     985    1294.1502
     986    1279.3044
     987    1262.3812
     988    1249.4718
     989    1246.1074
     990    1255.1691
     991    1275.7277
     992    1303.2968
     993    1331.4399
     994    1354.0964
     995    1367.6531
     996    1371.9398
     997    1369.8224
     998    1365.6633
     999    1363.3516
    1000    1364.8261
    1001    1369.1775
    1002    1373.7230
    1003    1375.0259
    1004    1370.4855
    1005    1359.3707
    1006    1343.0029
    1007    1324.0895
    1008    1305.5579
    1009    1289.4266
    1010    1276.1902
    1011    1264.9483
    1012    1254.2051
    1013    1243.1459
    1014    1233.2079
    1015    1229.1812
    1016    1237.3415
    1017    1259.9778
    1018    1293.1704
    1019    1330.8433
    1020    1368.1718
    1021    1401.8697
    1022    1429.7398
    1023    1450.4743
    1024    1463.4684
    1025    1468.4788
    1026    1465.2600
    1027    1453.3990
    1028    1432.4802
    1029    1402.5670
    1030    1364.8208
    1031    1321.9657
    1032    1278.2606
    1033    1238.7594
    1034    1207.9140
    1035    1188.1153
    1036    1179.1007
    1037    1178.6335
    1038    1183.8907
    1039    1192.6541
    1040    1203.8110
    1041    1217.1744
    1042    1232.8680
    1043    1250.6362
    1044    1269.4273
    1045    1287.4735
    1046    1302.8578
    1047    1314.3167
    1048    1321.8456
    1049    1326.6873
    1050    1330.5777
    1051    1334.6716
    1052    1338.8392
    1053    1341.7057
    1054    1341.2909
    1055    1335.9548
    1056    1325.3337
    1057    1310.9029
    1058    1295.8395
    1059    1284.0831
    1060    1278.8671
    1061    1281.3179
    1062    1289.7668
    1063    1300.1603
    1064    1307.4854
    1065    1307.6795
    1066    1299.2773
    1067    1284.0987
    1068    1266.6045
    1069    1252.1222
    1070    1244.7511
    1071    1245.9532
    1072    1254.3833
    1073    1266.7713
    1074    1279.2866
    1075    1288.8256
    1076    1293.8218
    1077    1294.3818
    1078    1291.8186
    1079    1287.8786
    1080    1284.0063
    1081    1280.9446
    1082    1278.7499
    1083    1277.0820
    1084    1275.5184
    1085    1273.6966
    1086    1271.2530
    1087    1267.6879
    1088    1262.3379
    1089    1254.6023
    1090    1244.4014
    1091    1232.6798
    1092    1221.6831
    1093    1214.7288
    1094    1215.3516
    1095    1225.9788
    1096    1246.5926
    1097    1274.0172
    1098    1302.3234
    1099    1324.3929
    1100    1334.1948
    1101    1328.9719
    1102    1310.4748
    1103    1284.6600
    1104    1259.8042
    1105    1243.6083
    1106    1240.3078
    1107    1248.8979
    1108    1263.2720
    1109    1274.3729
    1110    1273.6333
    1111    1256.3930
    1112    1223.9388
    1113    1183.3717
    1114    1145.3571
    1115    1120.5969
    1116    1116.2818
    1117    1133.7686
    1118    1168.2825
    1119    1210.6998
    1120    1250.7275
    1121    1280.3204
    1122    1296.1299
    1123    1300.1743
    1124    1298.5662
    1125    1298.8645
    1126    1307.0928
    1127    1325.5113
    1128    1351.8774
    1129    1380.3324
    1130    1403.4698
    1131    1414.7927
    1132    1410.7241
    1133    1391.5894
    1134    1361.3879
    1135    1326.5378
    1136    1294.0369
    1137    1269.5940
    1138    1256.2628
    1139    1253.9300
    1140    1259.7391
    1141    1269.2457
    1142    1277.8894
    1143    1282.3211
    1144    1281.2468
    1145    1275.6400
    1146    1268.3524
    1147    1263.2335
    1148    1263.9324
    1149    1272.6399
    1150    1289.1110
    1151    1310.3393
    1152    1331.1652
    1153    1345.8016
    1154    1349.7912
    1155    1341.6220
    1156    1323.3381
    1157    1299.8972
    1158    1277.5198
    1159    1261.6313
    1160    1255.1454
    1161    1257.6969
    1162    1266.0857
    1163    1275.7168
    1164    1282.4324
    1165    1283.9709
    1166    1280.5003
    1167    1274.1239
    1168    1267.7582
    1169    1263.9720
    1170    1264.2033
    1171    1268.4981
    1172    1275.6980
    1173    1283.8516
    1174    1290.6254
    1175    1293.6448
    1176    1290.8330
    1177    1280.7859
    1178    1263.1697
    1179    1239.0912
    1180    1211.3488
    1181    1184.3567
    1182    1163.5580
    1183    1154.2781
    1184    1160.2124
    1185    1181.9918
    1186    1216.4287
    1187    1256.9916
    1188    1295.6024
    1189    1325.1981
    1190    1342.0264
    1191    1346.6976
    1192    1343.5472
    1193    1338.5675
    1194    1336.7462
    1195    1339.8742
    1196    1345.7090
    1197    1348.8313
    1198    1342.8597
    1199    1323.1451
    1200    1288.8716
    1201    1243.7584
    1202    1195.1155
    1203    1151.6533
    1204    1120.8483
    1205    1106.7615
    1206    1109.0614
    1207    1123.6445
    1208    1144.5823
    1209    1166.4381
    1210    1185.8568
    1211    1201.8812
    1212    1215.1596
    1213    1226.6527
    1214    1236.5571
    1215    1243.9462
    1216    1247.2492
    1217    1245.2663
    1218    1238.1520
    1219    1227.8385
    1220    1217.6425
    1221    1211.1994
    1222    1211.1924
    1223    1218.4618
    1224    1231.9148
    1225    1249.2641
    1226    1268.2072
    1227    1287.4369
    1228    1306.9554
    1229    1327.5145
    1230    1349.4532
    1231    1371.5453
    1232    1390.5190
    1233    1401.6265
    1234    1400.1594
    1235    1383.3452
    1236    1351.8593
    1237    1310.2490
    1238    1265.9601
    1239    1227.2020
    1240    1200.4024
    1241    1188.2143
    1242    1188.8836
    1243    1197.2491
    1244    1206.9747
    1245    1213.1018
    1246    1213.9252
    1247    1211.5091
    1248    1210.6794
    1249    1216.8918
    1250    1233.8172
    1251    1261.5809
    1252    1296.3179
    1253    1331.1577
    1254    1358.2230
    1255    1370.9422
    1256    1365.9208
    1257    1343.8116
    1258    1308.9430
    1259    1267.9191
    1260    1227.7783
    1261    1194.4321
    1262    1171.7637
    1263    1161.3276
    1264    1162.4491
    1265    1172.6210
    1266    1188.1656
    1267    1205.1405
    1268    1220.3491
    1269    1232.1754
    1270    1240.8991
    1271    1248.2973
    1272    1256.6323
    1273    1267.4106
    1274    1280.4208
    1275    1293.4770
    1276    1303.0346
    1277    1305.4950
    1278    1298.7106
    1279    1283.1181
    1280    1262.0566
    1281    1241.1322
    1282    1226.7571
    1283    1224.2282
    1284    1235.9649
    1285    1260.5763
    1286    1293.1727
    1287    1326.8581
    1288    1354.8794
    1289    1372.6729
    1290    1379.0850
    1291    1376.3509
    1292    1368.8619
    1293    1361.2067
    1294    1356.2629
    1295    1354.1031
    1296    1352.1266
    1297    1346.2962
    1298    1332.9071
    1299    1310.1644
    1300    1278.9982
    1301    1242.9260
    1302    1207.1079
    1303    1177.0077
    1304    1157.1009
    1305    1149.9727
    1306    1155.9659
    1307    1173.3570
    1308    1198.9376
    1309    1228.8184
    1310    1259.2778
    1311    1287.4878
    1312    1311.9755
    1313    1332.7160
    1314    1350.8230
    1315    1367.9031
    1316    1385.2381
    1317    1403.0359
    1318    1419.9934
    1319    1433.3402
    1320    1439.4049
    1321    1434.6188
    1322    1416.7468
    1323    1385.9942
    1324    1345.5741
    1325    1301.3990
    1326    1260.8343
    1327    1230.7391
    1328    1215.3595
    1329    1214.8416
    1330    1225.0534
    1331    1238.9428
    1332    1249.0275
    1333    1250.0964
    1334    1241.0540
    1335    1225.1753
    1336    1208.6650
    1337    1198.1033
    1338    1197.7871
    1339    1207.9892
    1340    1224.8365
    1341    1241.9181
    1342    1252.9345
    1343    1254.2001
    1344    1245.8971
    1345    1231.6452
    1346    1216.7121
    1347    1205.7566
    1348    1201.1009
    1349    1202.1881
    1350    1206.2837
    1351    1209.9443
    1352    1210.5149
    1353    1207.0176
    1354    1200.1467
    1355    1191.5342
    1356    1182.7650
    1357    1174.6860
    1358    1167.3448
    1359    1160.5049
    1360    1154.3633
    1361    1150.0359
    1362    1149.5062
    1363    1154.9814
    1364    1167.8625
    1365    1187.7815
    1366    1212.2239
    1367    1237.0589
    1368    1257.8627
    1369    1271.4940
    1370    1277.2548
    1371    1277.1611
    1372    1275.1770
    1373    1275.6611
    1374    1281.5929
    1375    1293.2585
    1376    1307.9498
    1377    1320.8629
    1378    1326.9139
    1379    1322.7722
    1380    1308.2846
    1381    1286.6986
    1382    1263.6084
    1383    1245.1044
    1384    1235.8263
    1385    1237.5087
    1386    1248.4173
    1387    1263.8968
    1388    1277.9189
    1389    1285.1145
    1390    1282.5564
    1391    1270.6910
    1392    1253.1300
    1393    1235.4257
    1394    1223.2566
    1395    1220.6295
    1396    1228.6900
    1397    1245.4929
    1398    1266.7362
    1399    1287.1400
    1400    1302.0206
    1401    1308.6213
    1402    1306.8421
    1403    1299.1561
    1404    1289.7233
    1405    1282.9419
    1406    1281.8991
    1407    1287.2585
    1408    1297.0042
    1409    1307.1610
    1410    1313.2440
    1411    1311.9133
    1412    1302.2416
    1413    1286.1410
    1414    1267.7651
    1415    1252.0499
    1416    1242.8821
    1417    1241.5595
    1418    1246.1628
    1419    1252.1705
    1420    1254.1878
    1421    1248.1786
    1422    1233.3251
    1423    1212.6966
    1424    1192.3409
    1425    1179.0625
    1426    1177.7644
    1427    1189.4697
    1428    1210.8568
    1429    1235.5046
    1430    1256.3125
    1431    1268.1054
    1432    1269.3767
    1433    1262.4929
    1434    1252.3422
    1435    1244.0560
    1436    1240.8022
    1437    1242.5753
    1438    1246.4578
    1439    1248.1777
    1440    1244.2477
    1441    1233.7355
    1442    1218.8966
    1443    1204.4244
    1444    1195.6453
    1445    1196.3414
    1446    1207.0441
    1447    1224.5228
    1448    1242.8073
    1449    1255.4317
    1450    1258.0095
    1451    1250.0411
    1452    1235.1668
    1453    1219.7143
    1454    1210.1021
    1455    1210.1434
    1456    1219.3598
    1457    1233.0243
    1458    1243.9869
    1459    1245.6095
    1460    1234.6797
    1461    1213.1506
    1462    1187.9757
    1463    1169.0077
    1464    1165.6471
    1465    1183.3193
    1466    1220.9288
    1467    1270.4131
    1468    1319.1224
    1469    1354.4095
    1470    1368.3138
    1471    1360.2372
    1472    1336.7139
    1473    1308.5924
    1474    1286.7699
    1475    1278.0627
    1476    1282.7062
    1477    1294.3681
    1478    1302.6065
    1479    1296.8462
    1480    1270.4378
    1481    1223.3770
    1482    1162.7119
    1483    1100.4732
    1484    1049.8568
    1485    1021.0301
    1486    1018.0713
    1487    1038.0492
    1488    1072.4029
    1489    1110.0002
    1490    1140.7872
    1491    1158.8637
    1492    1164.0477
    1493    1161.4669
    1494    1159.3382
    1495    1165.7040
    1496    1185.2722
    1497    1217.4868
    1498    1256.5264
    1499    1293.2435
    1500    1318.3477
    1501    1325.6873
    1502    1314.4181
    1503    1289.2643
    1504    1258.7747
    1505    1232.2506
    1506    1216.5337
    1507    1213.8731
    1508    1221.6496
    1509    1233.9557
    1510    1244.2954
    1511    1248.2332
    1512    1244.9059
    1513    1236.8182
    1514    1228.1277
    1515    1222.2819
    1516    1220.1984
    1517    1219.8782
    1518    1217.6206
    1519    1210.1855
    1520    1196.7883
    1521    1179.9580
    1522    1164.8714
    1523    1157.4249
    1524    1161.7840
    1525    1178.4014
    1526    1203.4237
    1527    1229.8755
    1528    1250.2355
    1529    1259.3651
    1530    1256.5652
    1531    1245.8552
    1532    1234.2676
    1533    1228.7938
    1534    1233.2131
    1535    1246.1769
    1536    1261.4572
    1537    1270.3883
    1538    1265.5705
    1539    1244.2949
    1540    1210.2052
    1541    1172.4202
    1542    1142.3906
    1543    1129.6838
    1544    1138.3306
    1545    1165.1526
    1546    1200.7527
    1547    1232.8475
    1548    1250.7053
    1549    1249.0241
    1550    1229.7798
    1551    1201.3308
    1552    1175.1138
    1553    1161.1851
    1554    1164.3342
    1555    1182.3086
    1556    1206.8642
    1557    1227.2032
    1558    1234.3934
    1559    1224.9997
    1560    1202.5306
    1561    1176.2075
    1562    1157.5902
    1563    1156.3531
    1564    1176.7829
    1565    1216.2421
    1566    1266.0741
    1567    1314.5178
    1568    1350.5149
    1569    1367.0349
    1570    1362.8136
    1571    1342.0442
    1572    1312.3212
    1573    1281.7329
    1574    1256.2118
    1575    1238.0373
    1576    1225.8618
    1577    1216.0399
    1578    1204.6214
    1579    1189.2108
    1580    1170.0547
    1581    1150.0463
    1582    1133.7188
    1583    1125.6073
    1584    1128.5863
    1585    1142.8731
    1586    1166.1495
    1587    1194.6192
    1588    1224.3340
    1589    1252.1538
    1590    1276.0928
    1591    1295.1084
    1592    1308.5845
    1593    1315.8216
    1594    1315.8232
    1595    1307.5358
    1596    1290.4995
    1597    1265.6238
    1598    1235.6792
    1599    1205.1244
    1600    1179.1560
    1601    1162.1983
    1602    1156.3572
    1603    1160.4653
    1604    1170.2082
    1605    1179.4582
    1606    1182.4537
    1607    1176.0603
    1608    1161.2189
    1609    1142.9168
    1610    1128.5512
    1611    1125.1572
    1612    1136.4720
    1613    1160.9769
    1614    1191.7925
    1615    1218.6904
    1616    1231.6433
    1617    1224.6617
    1618    1198.4448
    1619    1160.7363
    1620    1124.0835
    1621    1101.6886
    1622    1102.7946
    1623    1129.3305
    1624    1175.1012
    1625    1227.8511
    1626    1273.4318
    1627    1300.5563
    1628    1304.4487
    1629    1288.1293
    1630    1260.9433
    1631    1234.9231
    1632    1220.3506
    1633    1222.1520
    1634    1238.3891
    1635    1261.3000
    1636    1280.4142
    1637    1286.5860
    1638    1275.4550
    1639    1248.9895
    1640    1214.5136
    1641    1181.7434
    1642    1159.2449
    1643    1151.7044
    1644    1158.7311
    1645    1175.3209
    1646    1193.8224
    1647    1206.9347
    1648    1210.6264
    1649    1205.5895
    1650    1196.5217
    1651    1189.6963
    1652    1190.0694
    1653    1199.2601
    1654    1215.1601
    1655    1233.1117
    1656    1247.9579
    1657    1256.0470
    1658    1256.4062
    1659    1250.7364
    1660    1242.3620
    1661    1234.6511
    1662    1229.5358
    1663    1226.7152
    1664    1223.9074
    1665    1218.0926
    1666    1207.2281
    1667    1191.6189
    1668    1174.2961
    1669    1160.1655
    1670    1154.1918
    1671    1159.3036
    1672    1174.8708
    1673    1196.4490
    1674    1217.0245
    1675    1229.4128
    1676    1228.9591
    1677    1215.5155
    1678    1193.8778
    1679    1172.4084
    1680    1160.2427
    1681    1164.0010
    1682    1185.1713
    1683    1219.1666
    1684    1256.5614
    1685    1286.1999
    1686    1299.1328
    1687    1291.9407
    1688    1268.1825
    1689    1237.3349
    1690    1211.5174
    1691    1201.1384
    1692    1211.0287
    1693    1238.4787
    1694    1273.9377
    1695    1304.1935
    1696    1316.9340
    1697    1305.0553
    1698    1269.1612
    1699    1217.3627
    1700    1162.4881
    1701    1117.7065
    1702    1092.1283
    1703    1087.9409
    1704    1100.1187
    1705    1118.8009
    1706    1133.3910
    1707    1136.7512
    1708    1127.8482
    1709    1111.8798
    1710    1097.9597
    1711    1095.3668
    1712    1109.8698
    1713    1141.5341
    1714    1184.7953
    1715    1230.6807
    1716    1270.2273
    1717    1297.6697
    1718    1312.1019
    1719    1316.9917
    1720    1317.8560
    1721    1319.2117
    1722    1322.2283
    1723    1324.2144
    1724    1320.2363
    1725    1306.1468
    1726    1281.5374
    1727    1251.0750
    1728    1223.4057
    1729    1207.9546
    1730    1210.9735
    1731    1232.5516
    1732    1265.9414
    1733    1299.6085
    1734    1321.2997
    1735    1322.5769
    1736    1302.0309
    1737    1265.8931
    1738    1225.7411
    1739    1194.1331
    1740    1179.8406
    1741    1184.5522
    1742    1202.3865
    1743    1222.4101
    1744    1233.1167
    1745    1227.0081
    1746    1203.4614
    1747    1168.9661
    1748    1134.9052
    1749    1113.7361
    1750    1114.7232
    1751    1140.5828
    1752    1186.2569
    1753    1240.3249
    1754    1288.6010
    1755    1318.6589
    1756    1323.7103
    1757    1304.4894
    1758    1268.5654
    1759    1227.4573
    1760    1192.7324
    1761    1172.4934
    1762    1169.3793
    1763    1180.5365
    1764    1199.2883
    1765    1217.7067
    1766    1229.1729
    1767    1230.3053
    1768    1221.8762
    1769    1208.3971
    1770    1196.3653
    1771    1191.7569
    1772    1197.7787
    1773    1213.7202
    1774    1235.1847
    1775    1255.4805
    1776    1267.6792
    1777    1266.7240
    1778    1250.9490
    1779    1222.5425
    1780    1186.8507
    1781    1150.8096
    1782    1121.0838
    1783    1102.5539
    1784    1097.5771
    1785    1105.9908
    1786    1125.4668
    1787    1152.0368
    1788    1181.0780
    1789    1208.7006
    1790    1232.7393
    1791    1252.7858
    1792    1269.5091
    1793    1283.8175
    1794    1296.2723
    1795    1306.8821
    1796    1315.2118
    1797    1320.6136
    1798    1322.4127
    1799    1319.9667
    1800    1312.6342
    1801    1299.7811
    1802    1280.9551
    1803    1256.2712
    1804    1226.8743
    1805    1195.2398
    1806    1165.0523
    1807    1140.5251
    1808    1125.2709
    1809    1121.0780
    1810    1127.1093
    1811    1139.9504
    1812    1154.6334
    1813    1166.3536
    1814    1172.2530
    1815    1172.5468
    1816    1170.4781
    1817    1171.0217
    1818    1178.7744
    1819    1195.8498
    1820    1220.6777
    1821    1248.2982
    1822    1272.1096
    1823    1286.3891
    1824    1288.5539
    1825    1280.2334
    1826    1266.7210
    1827    1255.0025
    1828    1251.1037
    1829    1257.7574
    1830    1273.2776
    1831    1292.0718
    1832    1306.6157
    1833    1310.1546
    1834    1299.1376
    1835    1274.5096
    1836    1241.4234
    1837    1207.5201
    1838    1180.4274
    1839    1165.3940
    1840    1163.9129
    1841    1173.7396
    1842    1190.0858
    1843    1207.3388
    1844    1220.6924
    1845    1227.3316
    1846    1226.9463
    1847    1221.4394
    1848    1213.9939
    1849    1207.9180
    1850    1205.6849
    1851    1208.3964
    1852    1215.6691
    1853    1225.8132
    1854    1236.1818
    1855    1243.6318
    1856    1245.1309
    1857    1238.5262
    1858    1223.3675
    1859    1201.5144
    1860    1177.2090
    1861    1156.4043
    1862    1145.3749
    1863    1148.8839
    1864    1168.4231
    1865    1201.1875
    1866    1240.3110
    1867    1276.5251
    1868    1300.8620
    1869    1307.5458
    1870    1296.0455
    1871    1271.4959
    1872    1243.2198
    1873    1221.7509
    1874    1215.3018
    1875    1226.8545
    1876    1252.9207
    1877    1284.5032
    1878    1310.0070
    1879    1319.1001
    1880    1306.1937
    1881    1272.4330
    1882    1225.5826
    1883    1177.7452
    1884    1141.5171
    1885    1125.8041
    1886    1132.7841
    1887    1157.1457
    1888    1187.9284
    1889    1212.3359
    1890    1220.2012
    1891    1207.5541
    1892    1178.0652
    1893    1141.8613
    1894    1112.1004
    1895    1100.5016
    1896    1113.3243
    1897    1149.0678
    1898    1198.6230
    1899    1248.0029
    1900    1283.0146
    1901    1294.2625
    1902    1280.4891
    1903    1248.9157
    1904    1212.4998
    1905    1185.1480
    1906    1176.6177
    1907    1188.9557
    1908    1215.8073
    1909    1244.8529
    1910    1262.4363
    1911    1258.6486
    1912    1231.0212
    1913    1185.5221
    1914    1134.5275
    1915    1092.5379
    1916    1071.2568
    1917    1075.8363
    1918    1103.5427
    1919    1145.1544
    1920    1188.4428
    1921    1222.4243
    1922    1240.7735
    1923    1243.1626
    1924    1234.1927
    1925    1220.6070
    1926    1208.1293
    1927    1199.3008
    1928    1193.0957
    1929    1186.2580
    1930    1175.5655
    1931    1159.8974
    1932    1141.1517
    1933    1123.6169
    1934    1112.1385
    1935    1109.9558
    1936    1117.2263
    1937    1130.9349
    1938    1146.2498
    1939    1158.7254
    1940    1166.3563
    1941    1170.5087
    1942    1175.2504
    1943    1185.3002
    1944    1203.4180
    1945    1228.3734
    1946    1254.5469
    1947    1273.6517
    1948    1278.0390
    1949    1264.1392
    1950    1234.4988
    1951    1197.4966
    1952    1164.7198
    1953    1146.8983
    1954    1149.9492
    1955    1172.7046
    1956    1207.2674
    1957    1241.8844
    1958    1265.2038
    1959    1270.2482
    1960    1256.6097
    1961    1230.1494
    1962    1200.4992
    1963    1177.4179
    1964    1167.3673
    1965    1171.5221
    1966    1185.8524
    1967    1203.1191
    1968    1215.8899
    1969    1219.3487
    1970    1212.8684
    1971    1199.8894
    1972    1186.3274
    1973    1178.2501
    1974    1179.7461
    1975    1191.7431
    1976    1212.0819
    1977    1236.6140
    1978    1260.7034
    1979    1280.4500
    1980    1293.2392
    1981    1297.6454
    1982    1293.0419
    1983    1279.3124
    1984    1256.9220
    1985    1227.3132
    1986    1193.3617
    1987    1159.4762
    1988    1131.0292
    1989    1113.1124
    1990    1109.0217
    1991    1119.0892
    1992    1140.3796
    1993    1167.3844
    1994    1193.4803
    1995    1212.7255
    1996    1221.5657
    1997    1220.0034
    1998    1211.7474
    1999    1203.0743
    2000    1200.6518
