#Frame              T
       1    1199.8787
       2    1079.8705
       3    1059.0543
       4    1104.8533
       5     992.0864
       6    1059.9553
       7    1107.7227
       8     998.2624
       9    1019.9884
      10     911.8625
      11     949.0335
      12     991.8281
      13     898.2616
      14     896.6572
      15     963.9767
      16    1040.3562
      17    1014.2056
      18     834.9869
      19     950.3133
      20     870.9647
      21     864.1331
      22     816.9787
      23     875.2216
      24     894.3150
      25     896.3504
      26     862.7180
      27     867.5794
      28     812.2959
      29     886.8569
      30     844.9012
      31     894.3787
      32     866.7113
      33     927.5339
      34     955.0432
      35     857.3307
      36     862.0612
      37     846.4186
      38     856.4725
      39     855.6462
      40     923.8513
      41     905.1002
      42     881.6016
      43     817.3525
      44     779.9077
      45     830.0596
      46     779.2488
      47     776.2746
      48     790.9052
      49     824.0845
      50     806.3262
      51     826.7341
      52     837.5141
      53     751.6267
      54     761.4930
      55     753.6587
      56     773.0008
      57     762.9277
      58     746.9088
      59     789.3470
      60     746.6047
      61     791.4216
      62     765.8525
      63     770.7190
      64     658.6802
      65     750.7747
      66     771.7441
      67     702.5610
      68     722.7063
      69     739.1491
      70     720.5640
      71     724.0078
      72     736.0685
      73     654.0112
      74     712.1179
      75     650.8078
      76     640.1664
      77     641.8496
      78     660.3848
      79     641.1054
      80     645.0733
      81     678.9459
      82     620.4919
      83     656.8548
      84     669.1683
      85     630.7294
      86     567.4631
      87     639.3956
      88     626.2526
      89     684.8430
      90     664.5954
      91     681.2605
      92     676.6507
      93     621.2814
      94     595.6840
      95     614.8716
      96     621.4900
      97     639.8464
      98     628.8286
      99     628.3593
     100     626.0878
     101     650.8281
     102     652.2364
     103     638.1597
     104     606.3615
     105     724.3913
     106     612.5078
     107     633.6812
     108     646.4202
     109     605.1612
     110     574.5982
     111     611.0953
     112     604.4448
     113     617.1900
     114     604.7850
     115     652.5089
     116     588.1291
     117     621.4180
     118     589.6265
     119     540.2811
     120     594.5752
     121     556.7973
     122     545.3884
     123     540.2631
     124     556.6464
     125     558.7238
     126     620.9889
     127     564.4452
     128     551.2831
     129     552.9800
     130     527.2936
     131     548.9695
     132     583.0953
     133     534.0518
     134     601.9538
     135     531.9046
     136     547.5238
     137     510.1779
     138     590.0041
     139     538.9024
     140     530.1281
     141     570.0489
     142     567.9422
     143     607.7600
     144     570.2973
     145     528.2605
     146     549.1954
     147     541.1882
     148     553.5766
     149     504.0632
     150     521.7684
     151     523.8226
     152     522.2510
     153     520.4539
     154     485.3040
     155     512.9465
     156     487.0595
     157     495.1326
     158     465.0208
     159     516.8845
     160     497.5362
     161     453.7316
     162     477.8107
     163     501.2206
     164     494.1547
     165     501.1967
     166     474.4002
     167     492.0263
     168     463.2094
     169     451.5193
     170     446.2104
     171     456.4294
     172     452.5255
     173     457.2989
     174     424.1289
     175     441.2373
     176     434.3948
     177     440.4504
     178     488.5737
     179     479.0935
     180     459.2654
     181     467.0740
     182     435.3397
     183     471.4898
     184     494.5061
     185     485.2628
     186     455.2433
     187     502.2764
     188     441.7341
     189     443.4967
     190     401.1707
     191     426.1979
     192     440.1141
     193     448.8495
     194     434.0053
     195     441.2052
     196     417.6180
     197     457.7735
     198     456.4105
     199     458.1987
     200     462.8262
     201     440.3675
     202     429.8002
     203     408.5862
     204     396.6376
     205     406.8543
     206     415.0915
     207     407.6658
     208     413.7650
     209     431.0195
     210     410.8892
     211     455.5444
     212     420.1615
     213     466.6668
     214     451.4664
     215     433.5560
     216     440.1064
     217     401.2410
     218     407.3019
     219     431.6399
     220     408.6152
     221     390.0213
     222     411.5513
     223     436.0993
     224     414.3206
     225     420.4531
     226     394.7474
     227     433.3977
     228     398.9645
     229     422.8727
     230     385.4960
     231     412.6627
     232     415.2884
     233     395.1649
     234     398.9396
     235     352.3831
     236     440.7458
     237     422.9488
     238     416.5425
     239     394.3323
     240     382.2648
     241     420.3685
     242     397.3788
     243     391.1737
     244     419.9192
     245     409.4252
     246     430.4454
     247     393.8695
     248     386.3863
     249     449.1014
     250     375.9076
     251     421.3974
     252     404.0418
     253     389.5310
     254     424.1033
     255     387.6968
     256     405.5798
     257     423.1736
     258     417.9725
     259     395.3476
     260     388.2154
     261     395.3557
     262     361.4748
     263     414.5851
     264     400.8552
     265     408.0664
     266     394.2226
     267     391.1649
     268     350.0268
     269     364.6516
     270     370.2297
     271     385.7289
     272     384.9658
     273     378.4644
     274     386.9596
     275     393.2576
     276     375.3436
     277     356.2476
     278     331.1504
     279     374.7044
     280     382.9273
     281     405.7747
     282     377.4328
     283     365.9378
     284     370.2066
     285     393.5088
     286     376.4677
     287     360.4400
     288     373.7517
     289     370.5192
     290     334.8909
     291     353.4409
     292     383.6617
     293     373.4298
     294     366.8369
     295     338.4162
     296     348.4408
     297     337.7857
     298     342.7964
     299     361.7616
     300     362.1991
     301     338.6808
     302     342.1545
     303     371.9278
     304     384.4760
     305     400.5991
     306     368.1346
     307     409.5542
     308     397.3684
     309     355.4173
     310     397.0654
     311     411.1396
     312     370.8610
     313     378.6749
     314     383.2201
     315     391.3300
     316     420.4356
     317     385.7537
     318     405.9324
     319     388.4764
     320     417.3770
     321     356.4415
     322     365.1170
     323     405.6555
     324     402.0558
     325     385.4999
     326     361.1154
     327     379.2168
     328     368.2059
     329     393.7176
     330     359.0979
     331     365.5009
     332     393.1893
     333     384.1433
     334     362.8485
     335     348.8330
     336     323.3426
     337     351.3355
     338     352.6997
     339     346.5609
     340     373.3797
     341     359.4914
     342     355.7507
     343     358.5928
     344     354.1943
     345     374.9312
     346     359.4897
     347     370.9895
     348     355.3204
     349     383.8342
     350     382.6859
     351     356.4549
     352     360.3043
     353     382.2303
     354     348.3678
     355     387.1108
     356     351.1975
     357     344.2194
     358     378.7927
     359     421.0087
     360     387.8000
     361     371.5809
     362     397.1450
     363     395.7312
     364     361.4695
     365     334.5980
     366     353.7157
     367     397.9927
     368     397.1651
     369     363.8229
     370     365.8646
     371     339.5230
     372     354.8331
     373     376.7994
     374     357.1687
     375     367.7745
     376     357.8132
     377     383.4619
     378     361.2750
     379     354.2560
     380     376.7790
     381     312.1859
     382     348.3079
     383     308.0737
     384     348.8771
     385     358.0792
     386     353.0155
     387     351.1665
     388     366.9745
     389     359.4436
     390     359.0774
     391     348.8980
     392     375.3354
     393     371.5305
     394     359.8896
     395     357.0460
     396     353.7551
     397     350.3593
     398     351.7371
     399     376.7480
     400     402.4829
