#Frame              T
       1    1187.2941
       2    1161.3292
       3    1091.3554
       4    1140.5008
       5    1087.1372
       6    1086.2438
       7    1073.0698
       8    1088.5890
       9    1107.1173
      10    1077.6373
      11    1069.0159
      12    1114.2295
      13    1044.2115
      14    1004.1979
      15    1048.8627
      16    1060.0454
      17     986.4694
      18     927.1399
      19     968.8009
      20     879.0657
      21    1041.3137
      22    1029.8772
      23     933.2445
      24     981.2802
      25     975.9093
      26    1030.1747
      27     904.4048
      28     932.9013
      29     861.3004
      30     888.2408
      31     848.9585
      32     905.7410
      33     792.4685
      34     939.1172
      35     799.7940
      36     819.8373
      37     840.4483
      38     883.5254
      39     919.7880
      40     840.9016
      41     889.2215
      42     905.8454
      43     816.7824
      44     770.3045
      45     780.5727
      46     785.3153
      47     828.7542
      48     706.3109
      49     823.3496
      50     774.4348
      51     782.7432
      52     746.1257
      53     804.6747
      54     686.6635
      55     775.8384
      56     752.5635
      57     773.4103
      58     699.6556
      59     730.7208
      60     729.4286
      61     718.7635
      62     688.7324
      63     700.6134
      64     804.6182
      65     679.0244
      66     664.1807
      67     755.5317
      68     697.3228
      69     701.6405
      70     687.8327
      71     669.4163
      72     678.2209
      73     696.8957
      74     690.7808
      75     711.3984
      76     704.5202
      77     621.3346
      78     612.6561
      79     635.3825
      80     637.1612
      81     675.6114
      82     635.1109
      83     713.6797
      84     674.7649
      85     676.9840
      86     662.5313
      87     682.0410
      88     650.9915
      89     693.4344
      90     592.5705
      91     612.0905
      92     597.9136
      93     623.9969
      94     651.5916
      95     675.0662
      96     636.1189
      97     629.9457
      98     583.3361
      99     626.2735
     100     648.6169
     101     650.9079
     102     600.5109
     103     619.1018
     104     634.7262
     105     645.3509
     106     582.8633
     107     658.7473
     108     599.6608
     109     591.7274
     110     554.6370
     111     607.8233
     112     561.6851
     113     543.0407
     114     618.3053
     115     614.9578
     116     594.8608
     117     524.4981
     118     588.6699
     119     564.1234
     120     546.0775
     121     639.6127
     122     538.2433
     123     575.4988
     124     574.7912
     125     582.3857
     126     574.9002
     127     546.2733
     128     470.4927
     129     521.9018
     130     544.9816
     131     548.3021
     132     578.5025
     133     536.8099
     134     526.3839
     135     500.2756
     136     569.8138
     137     546.2240
     138     481.5131
     139     505.2149
     140     555.4019
     141     492.7266
     142     471.1875
     143     423.6577
     144     510.0608
     145     513.8128
     146     554.4237
     147     477.8589
     148     507.8944
     149     557.0073
     150     481.6006
     151     503.4510
     152     489.8063
     153     464.6517
     154     540.9216
     155     489.2270
     156     536.9666
     157     524.3038
     158     566.6234
     159     550.4999
     160     555.8257
     161     539.9244
     162     546.0967
     163     511.9239
     164     529.1336
     165     453.8268
     166     525.6257
     167     569.5964
     168     512.0871
     169     501.5847
     170     553.3668
     171     538.8171
     172     492.1787
     173     521.2070
     174     484.5028
     175     496.9128
     176     494.4255
     177     510.7391
     178     481.4044
     179     507.5222
     180     471.9842
     181     497.6123
     182     539.0443
     183     494.7700
     184     490.5507
     185     503.3518
     186     487.0549
     187     496.4504
     188     487.4983
     189     490.0786
     190     409.8655
     191     458.6347
     192     512.1334
     193     463.9667
     194     501.7371
     195     470.5170
     196     469.8353
     197     465.6557
     198     464.9740
     199     467.7466
     200     450.4316
     201     475.0838
     202     467.8650
     203     485.1857
     204     507.0923
     205     480.3203
     206     468.9824
     207     474.8083
     208     461.0654
     209     458.1484
     210     415.5113
     211     441.2311
     212     473.6158
     213     446.1855
     214     471.4239
     215     472.6416
     216     480.6230
     217     431.4061
     218     457.6005
     219     470.2713
     220     446.3889
     221     458.9819
     222     468.7669
     223     428.2581
     224     465.1101
     225     446.4220
     226     467.4040
     227     425.8945
     228     437.1628
     229     432.9294
     230     440.5410
     231     450.8180
     232     419.6248
     233     403.3477
     234     463.6615
     235     430.9727
     236     452.6390
     237     440.9141
     238     428.7566
     239     432.7142
     240     415.8995
     241     398.5975
     242     426.5451
     243     433.8923
     244     464.2663
     245     382.2261
     246     451.4578
     247     421.0677
     248     431.7346
     249     404.3805
     250     412.9622
     251     462.4432
     252     412.3000
     253     418.5225
     254     392.7057
     255     400.0440
     256     432.2246
     257     430.9453
     258     453.1720
     259     431.5139
     260     428.2828
     261     407.0874
     262     418.8107
     263     434.5522
     264     381.6133
     265     434.3914
     266     385.1207
     267     440.4169
     268     363.8670
     269     427.9832
     270     399.5928
     271     392.2121
     272     407.7502
     273     400.3287
     274     404.2144
     275     380.3108
     276     347.0794
     277     372.0994
     278     418.9366
     279     446.2425
     280     428.9824
     281     395.0836
     282     419.3476
     283     364.0078
     284     368.4878
     285     436.7526
     286     393.0883
     287     385.1899
     288     370.7529
     289     359.6775
     290     384.0475
     291     386.9491
     292     405.8684
     293     387.8326
     294     387.2208
     295     347.5180
     296     372.4823
     297     360.2143
     298     368.9500
     299     345.3556
     300     392.0014
     301     380.7257
     302     356.0884
     303     382.0565
     304     380.1484
     305     366.6744
     306     363.3469
     307     397.9920
     308     423.5426
     309     375.4691
     310     360.0661
     311     356.5855
     312     399.4953
     313     340.8176
     314     362.5034
     315     396.8822
     316     368.7101
     317     384.3368
     318     335.3298
     319     372.0244
     320     347.4730
     321     358.4273
     322     361.6343
     323     363.1253
     324     392.4676
     325     343.2859
     326     388.7764
     327     384.7247
     328     372.3138
     329     400.9347
     330     369.7925
     331     361.3331
     332     363.6646
     333     375.5515
     334     356.8982
     335     351.2219
     336     347.7971
     337     348.7337
     338     390.5600
     339     368.8928
     340     349.8358
     341     352.4752
     342     367.6627
     343     384.1494
     344     349.6899
     345     361.5103
     346     346.3322
     347     380.9473
     348     401.4103
     349     372.5965
     350     359.0008
     351     340.8417
     352     338.3787
     353     387.0030
     354     358.6317
     355     364.5592
     356     381.1421
     357     340.1037
     358     379.9907
     359     343.5019
     360     348.6607
     361     315.8664
     362     349.5496
     363     348.9081
     364     359.0101
     365     376.0850
     366     361.7915
     367     372.5107
     368     333.1986
     369     351.2738
     370     325.9723
     371     372.8728
     372     371.2052
     373     363.5235
     374     328.3646
     375     367.9409
     376     333.0742
     377     366.5345
     378     371.3781
     379     359.1793
     380     370.5320
     381     370.3827
     382     318.3745
     383     362.1218
     384     341.8244
     385     355.8089
     386     363.1502
     387     334.7659
     388     351.6556
     389     327.0656
     390     341.9508
     391     367.8299
     392     410.8811
     393     362.2449
     394     351.2420
     395     373.3984
     396     379.1165
     397     370.3578
     398     343.5576
     399     321.1371
     400     352.2127
