#Frame              T
       1    2994.1339
       2    2888.6689
       3    2709.5904
       4    2496.6595
       5    2291.9135
       6    2128.0188
       7    2020.0721
       8    1963.3169
       9    1937.3199
      10    1915.0119
      11    1873.3877
      12    1802.2048
      13    1707.7861
      14    1610.7703
      15    1538.6849
      16    1515.9462
      17    1554.6799
      18    1649.4922
      19    1777.9890
      20    1906.9376
      21    2002.0342
      22    2038.0359
      23    2005.9289
      24    1914.9071
      25    1788.7427
      26    1658.0130
      27    1550.9013
      28    1485.5980
      29    1466.6052
      30    1485.7506
      31    1526.8831
      32    1571.9128
      33    1605.9963
      34    1621.0133
      35    1617.1468
      36    1602.0129
      37    1587.3072
      38    1584.1969
      39    1599.2152
      40    1632.0147
      41    1675.5474
      42    1718.4181
      43    1748.4300
      44    1756.0487
      45    1736.7694
      46    1692.0836
      47    1629.3818
      48    1560.9929
      49    1502.1064
      50    1467.4227
      51    1467.1062
      52    1503.2716
      53    1568.3051
      54    1645.8598
      55    1714.6664
      56    1754.4346
      57    1752.2302
      58    1707.1720
      59    1631.5856
      60    1547.8287
      61    1481.5218
      62    1453.2899
      63    1471.8716
      64    1531.1129
      65    1611.9913
      66    1688.9677
      67    1738.4515
      68    1746.5163
      69    1713.2903
      70    1652.5196
      71    1586.3855
      72    1537.3598
      73    1520.0230
      74    1535.8651
      75    1573.0066
      76    1610.8600
      77    1627.8323
      78    1609.1692
      79    1552.2102
      80    1467.4683
      81    1375.4571
      82    1300.4475
      83    1263.0615
      84    1273.9222
      85    1330.4957
      86    1418.2702
      87    1515.6505
      88    1600.5907
      89    1656.7927
      90    1677.7476
      91    1667.6059
      92    1638.7818
      93    1607.1842
      94    1586.7550
      95    1585.1052
      96    1601.5471
      97    1627.9530
      98    1651.9728
      99    1661.4904
     100    1648.9176
     101    1614.0781
     102    1564.8239
     103    1514.9943
     104    1479.8937
     105    1470.5297
     106    1489.2645
     107    1529.3390
     108    1578.0918
     109    1621.6011
     110    1648.7767
     111    1654.0076
     112    1638.0458
     113    1607.1095
     114    1570.6109
     115    1538.2699
     116    1517.5070
     117    1511.8281
     118    1520.5325
     119    1539.6371
     120    1563.5520
     121    1586.8684
     122    1605.6655
     123    1617.9938
     124    1623.6548
     125    1623.8130
     126    1620.7292
     127    1617.3714
     128    1616.6358
     129    1620.3236
     130    1628.2296
     131    1637.6759
     132    1643.8123
     133    1640.8754
     134    1624.2219
     135    1592.4302
     136    1548.5877
     137    1500.1693
     138    1457.3717
     139    1430.2922
     140    1425.7723
     141    1444.9767
     142    1482.6799
     143    1528.7189
     144    1571.2106
     145    1600.3776
     146    1611.5552
     147    1606.3895
     148    1591.9432
     149    1577.9302
     150    1572.6953
     151    1579.3860
     152    1594.6174
     153    1610.6587
     154    1619.4743
     155    1616.2050
     156    1600.8406
     157    1577.8657
     158    1554.2480
     159    1536.6344
     160    1528.8633
     161    1530.7176
     162    1538.2642
     163    1545.4916
     164    1546.4826
     165    1537.3119
     166    1517.0782
     167    1487.9003
     168    1454.0776
     169    1420.8271
     170    1393.0222
     171    1374.2488
     172    1366.3071
     173    1369.1630
     174    1381.2375
     175    1399.9041
     176    1422.0734
     177    1444.7959
     178    1465.8290
     179    1484.0668
     180    1499.6865
     181    1513.8641
     182    1528.0912
     183    1543.3813
     184    1559.7106
     185    1575.8717
     186    1589.7314
     187    1598.8087
     188    1601.0528
     189    1595.6152
     190    1583.3487
     191    1566.8165
     192    1549.7575
     193    1536.1502
     194    1529.1822
     195    1530.4733
     196    1539.7770
     197    1555.1908
     198    1573.6933
     199    1591.7712
     200    1605.9513
     201    1613.1953
     202    1611.2778
     203    1599.2860
     204    1578.1326
     205    1550.5940
     206    1520.5108
     207    1491.7964
     208    1468.1570
     209    1453.0520
     210    1448.9265
     211    1455.9322
     212    1471.1613
     213    1489.1182
     214    1503.4304
     215    1509.1873
     216    1504.9478
     217    1493.4981
     218    1480.8929
     219    1473.9909
     220    1477.3863
     221    1491.0019
     222    1509.4643
     223    1523.7347
     224    1524.5303
     225    1506.2612
     226    1469.8999
     227    1423.5298
     228    1380.1923
     229    1353.7194
     230    1354.0282
     231    1383.6084
     232    1436.5027
     233    1500.1781
     234    1559.6023
     235    1602.0410
     236    1620.8295
     237    1616.8111
     238    1597.0602
     239    1571.5863
     240    1549.4323
     241    1535.7131
     242    1530.5670
     243    1530.1350
     244    1528.9035
     245    1522.3926
     246    1509.1806
     247    1491.5456
     248    1474.5486
     249    1464.0153
     250    1464.3172
     251    1476.8704
     252    1499.9306
     253    1529.6046
     254    1561.3452
     255    1591.0353
     256    1615.2134
     257    1630.6443
     258    1633.8360
     259    1621.1086
     260    1589.5005
     261    1538.3008
     262    1470.5252
     263    1393.4886
     264    1317.8804
     265    1255.3558
     266    1215.3659
     267    1202.4118
     268    1214.8592
     269    1245.8862
     270    1286.1955
     271    1327.3483
     272    1364.3599
     273    1396.6605
     274    1427.2386
     275    1460.3692
     276    1498.7545
     277    1541.1880
     278    1581.8067
     279    1611.4404
     280    1620.6809
     281    1603.5128
     282    1560.0692
     283    1497.3598
     284    1427.6282
     285    1364.9427
     286    1321.2994
     287    1303.6174
     288    1312.4338
     289    1342.2630
     290    1383.3127
     291    1424.5439
     292    1457.4196
     293    1478.5596
     294    1489.9930
     295    1497.2595
     296    1506.4942
     297    1521.6772
     298    1542.9411
     299    1566.3943
     300    1585.4105
     301    1592.8857
     302    1583.6754
     303    1556.4121
     304    1514.1445
     305    1463.6506
     306    1413.6973
     307    1372.8120
     308    1347.2077
     309    1339.4124
     310    1347.9620
     311    1368.2415
     312    1394.1696
     313    1420.0927
     314    1442.2077
     315    1459.1028
     316    1471.3767
     317    1480.6260
     318    1488.2679
     319    1494.6828
     320    1498.9932
     321    1499.5192
     322    1494.6684
     323    1483.8417
     324    1467.9556
     325    1449.3366
     326    1431.0250
     327    1415.7956
     328    1405.3376
     329    1399.9897
     330    1399.1391
     331    1402.0581
     332    1408.6418
     333    1419.5055
     334    1435.2465
     335    1455.2100
     336    1476.5544
     337    1494.3888
     338    1503.1870
     339    1498.9576
     340    1481.2003
     341    1453.7662
     342    1424.1428
     343    1401.2350
     344    1392.2902
     345    1400.0374
     346    1421.1737
     347    1447.0109
     348    1466.3501
     349    1469.7455
     350    1453.5813
     351    1422.2042
     352    1386.9729
     353    1362.3970
     354    1360.8439
     355    1387.7984
     356    1439.3662
     357    1502.9977
     358    1561.3803
     359    1598.2585
     360    1604.0993
     361    1579.4511
     362    1534.6936
     363    1486.2144
     364    1450.4148
     365    1437.7582
     366    1449.0856
     367    1475.5990
     368    1502.4985
     369    1514.8694
     370    1503.5377
     371    1468.6583
     372    1419.6927
     373    1371.8359
     374    1340.3358
     375    1334.9242
     376    1356.4582
     377    1396.9809
     378    1443.0440
     379    1480.8521
     380    1501.1135
     381    1501.7332
     382    1487.5328
     383    1467.4111
     384    1450.2573
     385    1441.2711
     386    1440.1268
     387    1441.6404
     388    1438.5348
     389    1425.0500
     390    1399.8221
     391    1366.8236
     392    1334.0204
     393    1310.3788
     394    1302.4757
     395    1312.0731
     396    1335.5492
     397    1365.3472
     398    1392.8375
     399    1411.4759
     400    1419.0544
     401    1418.2213
     402    1415.0619
     403    1416.2866
     404    1426.1065
     405    1444.0498
     406    1464.6099
     407    1478.9579
     408    1478.1608
     409    1456.7458
     410    1415.2703
     411    1360.8824
     412    1305.5729
     413    1262.6343
     414    1242.4650
     415    1249.1362
     416    1278.9417
     417    1321.5017
     418    1363.1420
     419    1391.4605
     420    1399.5251
     421    1388.1616
     422    1365.4279
     423    1343.4344
     424    1333.7190
     425    1342.9006
     426    1370.2427
     427    1408.0304
     428    1444.5869
     429    1468.7154
     430    1473.8572
     431    1460.4097
     432    1435.3945
     433    1409.6679
     434    1393.7842
     435    1394.1099
     436    1410.6350
     437    1437.2444
     438    1464.2363
     439    1482.0562
     440    1484.7329
     441    1471.6925
     442    1447.3225
     443    1418.6622
     444    1392.3650
     445    1372.3155
     446    1358.8423
     447    1349.6747
     448    1341.9961
     449    1334.5507
     450    1328.7890
     451    1328.5088
     452    1338.1035
     453    1360.1728
     454    1393.5650
     455    1432.8387
     456    1469.5476
     457    1494.9457
     458    1503.0068
     459    1492.4901
     460    1467.1942
     461    1434.3316
     462    1401.7242
     463    1374.9908
     464    1355.8277
     465    1342.0147
     466    1329.0216
     467    1312.4573
     468    1290.3017
     469    1264.0265
     470    1238.2060
     471    1218.8954
     472    1211.5202
     473    1219.1281
     474    1241.5625
     475    1275.6715
     476    1316.2850
     477    1357.5067
     478    1393.9105
     479    1421.4083
     480    1437.7723
     481    1442.8699
     482    1438.6091
     483    1428.5162
     484    1416.8912
     485    1407.6458
     486    1403.1167
     487    1403.2495
     488    1405.5160
     489    1405.7093
     490    1399.4356
     491    1383.8322
     492    1358.9205
     493    1328.0569
     494    1297.2073
     495    1273.1831
     496    1261.4372
     497    1264.2168
     498    1279.7787
     499    1302.9239
     500    1326.6202
     501    1344.1891
     502    1351.4463
     503    1348.1117
     504    1337.8428
     505    1326.6772
     506    1320.4556
     507    1322.3330
     508    1331.4459
     509    1343.2783
     510    1351.5538
     511    1350.8770
     512    1339.0607
     513    1318.2260
     514    1294.2340
     515    1274.6650
     516    1266.1412
     517    1272.0745
     518    1291.7167
     519    1320.7320
     520    1352.8522
     521    1381.8630
     522    1403.2409
     523    1415.0041
     524    1417.6561
     525    1413.4063
     526    1405.0657
     527    1395.0427
     528    1384.7393
     529    1374.4203
     530    1363.4410
     531    1350.6401
     532    1334.7610
     533    1314.9182
     534    1291.1575
     535    1265.0250
     536    1239.8510
     537    1220.4083
     538    1211.7942
     539    1217.7411
     540    1238.9239
     541    1271.9773
     542    1309.8079
     543    1343.3462
     544    1364.3068
     545    1368.0369
     546    1355.3450
     547    1332.4905
     548    1309.1518
     549    1294.9647
     550    1295.8200
     551    1311.3702
     552    1334.8616
     553    1355.5526
     554    1362.8840
     555    1350.7734
     556    1320.3413
     557    1279.9520
     558    1242.4592
     559    1220.6253
     560    1222.4096
     561    1247.9027
     562    1289.0766
     563    1332.4708
     564    1363.8426
     565    1373.0783
     566    1357.5617
     567    1322.7986
     568    1280.1539
     569    1242.6562
     570    1220.5013
     571    1217.9165
     572    1232.4564
     573    1256.7998
     574    1282.1531
     575    1301.7835
     576    1313.2847
     577    1318.7984
     578    1323.3001
     579    1331.8259
     580    1346.9327
     581    1367.5326
     582    1389.5387
     583    1407.8221
     584    1418.4085
     585    1419.9034
     586    1413.6498
     587    1402.7077
     588    1390.2158
     589    1377.9381
     590    1365.6768
     591    1351.7916
     592    1334.5036
     593    1313.3514
     594    1290.2613
     595    1269.8116
     596    1258.0677
     597    1259.5065
     598    1273.8407
     599    1296.0744
     600    1319.3861
     601    1337.7300
     602    1347.1943
     603    1346.6460
     604    1337.8103
     605    1324.6616
     606    1312.2002
     607    1304.9479
     608    1305.5929
     609    1314.1886
     610    1328.1745
     611    1343.2196
     612    1354.5846
     613    1358.5258
     614    1353.2890
     615    1339.4045
     616    1319.2790
     617    1296.2832
     618    1273.7031
     619    1253.8900
     620    1237.8477
     621    1225.3237
     622    1215.3213
     623    1206.8153
     624    1199.4311
     625    1193.9046
     626    1192.1665
     627    1196.9385
     628    1210.8544
     629    1235.3744
     630    1269.9276
     631    1311.7076
     632    1356.3024
     633    1398.9098
     634    1435.5567
     635    1463.7747
     636    1482.5482
     637    1491.7588
     638    1491.4728
     639    1481.4181
     640    1460.9272
     641    1429.5040
     642    1387.8648
     643    1338.9402
     644    1288.1851
     645    1242.7564
     646    1209.6537
     647    1193.4592
     648    1194.6038
     649    1208.9842
     650    1229.2541
     651    1247.4304
     652    1257.8379
     653    1259.1658
     654    1254.6951
     655    1250.5175
     656    1252.4914
     657    1263.2832
     658    1280.8075
     659    1298.7356
     660    1308.7589
     661    1303.6348
     662    1280.0658
     663    1240.6977
     664    1194.3698
     665    1153.9676
     666    1132.3214
     667    1137.7710
     668    1171.2348
     669    1225.8967
     670    1289.5345
     671    1348.5923
     672    1392.4748
     673    1416.4224
     674    1421.9888
     675    1415.2609
     676    1403.8122
     677    1393.6807
     678    1387.4972
     679    1384.2742
     680    1380.6112
     681    1372.5710
     682    1357.3818
     683    1334.4001
     684    1305.1797
     685    1272.8780
     686    1241.4117
     687    1214.6994
     688    1196.1127
     689    1188.0750
     690    1191.6940
     691    1206.3867
     692    1229.6088
     693    1256.9234
     694    1282.6725
     695    1301.3030
     696    1309.0402
     697    1305.3127
     698    1293.2652
     699    1278.9743
     700    1269.5076
     701    1270.4826
     702    1284.0059
     703    1307.7583
     704    1335.6123
     705    1359.6912
     706    1373.2280
     707    1373.1951
     708    1361.6390
     709    1345.0920
     710    1332.1851
     711    1330.3312
     712    1342.7562
     713    1367.0415
     714    1395.8024
     715    1419.2794
     716    1428.9058
     717    1420.5111
     718    1395.9291
     719    1362.3604
     720    1329.7079
     721    1306.9275
     722    1298.8446
     723    1304.6253
     724    1318.3468
     725    1331.3264
     726    1335.3030
     727    1325.3192
     728    1301.2949
     729    1267.8195
     730    1232.4082
     731    1203.0047
     732    1185.6435
     733    1182.9419
     734    1193.6552
     735    1213.2311
     736    1235.1981
     737    1253.1371
     738    1262.6745
     739    1262.7564
     740    1255.6962
     741    1246.0578
     742    1238.8686
     743    1237.7845
     744    1243.7695
     745    1254.6642
     746    1265.7910
     747    1271.4538
     748    1266.9051
     749    1250.1758
     750    1223.1645
     751    1191.5602
     752    1163.4958
     753    1147.2305
     754    1148.5570
     755    1168.8199
     756    1204.2904
     757    1247.1977
     758    1288.0860
     759    1318.5982
     760    1333.6839
     761    1332.7331
     762    1319.5549
     763    1301.0558
     764    1284.7333
     765    1275.8341
     766    1275.4120
     767    1280.1133
     768    1283.7589
     769    1280.0450
     770    1265.2957
     771    1240.2068
     772    1209.9322
     773    1182.4967
     774    1166.1638
     775    1166.7475
     776    1185.8418
     777    1220.4852
     778    1264.2098
     779    1308.9578
     780    1347.1862
     781    1373.5567
     782    1385.8451
     783    1384.9974
     784    1374.4834
     785    1359.2303
     786    1344.4138
     787    1334.3049
     788    1331.3321
     789    1335.5594
     790    1344.8255
     791    1355.5495
     792    1363.8550
     793    1366.5909
     794    1362.0587
     795    1350.4400
     796    1333.8511
     797    1315.9113
     798    1300.8628
     799    1292.4993
     800    1293.2025
     801    1303.1976
     802    1320.0687
     803    1338.9497
     804    1353.8938
     805    1360.0093
     806    1355.1348
     807    1340.2825
     808    1318.9224
     809    1295.6177
     810    1274.5537
     811    1258.4367
     812    1248.0387
     813    1242.4148
     814    1239.5837
     815    1237.3638
     816    1234.0997
     817    1229.1316
     818    1222.9784
     819    1217.2615
     820    1214.4036
     821    1217.1159
     822    1227.6926
     823    1247.2106
     824    1274.8436
     825    1307.5715
     826    1340.5268
     827    1368.0444
     828    1385.1924
     829    1389.3138
     830    1381.0050
     831    1364.1028
     832    1344.5386
     833    1328.3320
     834    1319.3544
     835    1317.7415
     836    1319.6957
     837    1318.9093
     838    1309.1488
     839    1287.0063
     840    1253.7015
     841    1215.1393
     842    1180.0879
     843    1157.0860
     844    1151.2316
     845    1162.1025
     846    1183.6764
     847    1206.3828
     848    1220.5913
     849    1220.2627
     850    1205.3748
     851    1182.1439
     852    1160.8645
     853    1152.0712
     854    1162.4235
     855    1191.8722
     856    1233.2579
     857    1274.5849
     858    1303.2003
     859    1310.3531
     860    1294.4568
     861    1261.8425
     862    1224.7222
     863    1197.0795
     864    1189.9458
     865    1207.7023
     866    1246.6738
     867    1296.4599
     868    1343.4988
     869    1375.6065
     870    1385.9180
     871    1374.9223
     872    1349.9544
     873    1322.4103
     874    1303.7021
     875    1301.3520
     876    1316.5117
     877    1343.6651
     878    1372.5267
     879    1391.4630
     880    1391.3190
     881    1368.4443
     882    1325.9872
     883    1273.0723
     884    1222.1174
     885    1185.1136
     886    1170.0002
     887    1178.2531
     888    1204.4400
     889    1237.9099
     890    1266.1193
     891    1278.5854
     892    1270.2298
     893    1243.0284
     894    1205.3834
     895    1169.3758
     896    1146.7864
     897    1145.1938
     898    1165.4664
     899    1201.5025
     900    1242.3165
     901    1275.7552
     902    1292.5654
     903    1289.4271
     904    1269.9233
     905    1243.1576
     906    1220.5392
     907    1211.8805
     908    1222.1450
     909    1249.9329
     910    1288.1637
     911    1326.6287
     912    1355.4273
     913    1368.0355
     914    1362.9766
     915    1343.6631
     916    1316.6911
     917    1289.3671
     918    1267.4262
     919    1253.6838
     920    1247.9101
     921    1247.7032
     922    1249.8073
     923    1251.3108
     924    1250.3754
     925    1246.4219
     926    1239.9089
     927    1231.9324
     928    1223.8800
     929    1217.2513
     930    1213.6055
     931    1214.4664
     932    1221.0309
     933    1233.6775
     934    1251.4667
     935    1271.9482
     936    1291.5056
     937    1306.2658
     938    1313.3256
     939    1311.8487
     940    1303.5670
     941    1292.4088
     942    1283.2791
     943    1280.3747
     944    1285.6184
     945    1297.8080
     946    1312.8264
     947    1324.8990
     948    1328.4933
     949    1320.2273
     950    1300.1649
     951    1272.0670
     952    1242.4617
     953    1218.7584
     954    1206.9705
     955    1209.7658
     956    1225.4987
     957    1248.5472
     958    1270.8924
     959    1284.4972
     960    1283.7934
     961    1267.5280
     962    1239.3744
     963    1207.0495
     964    1180.1077
     965    1167.0060
     966    1172.3033
     967    1194.9129
     968    1228.0695
     969    1261.1921
     970    1283.2118
     971    1286.3901
     972    1269.3022
     973    1237.7806
     974    1203.2616
     975    1178.9950
     976    1175.4314
     977    1196.4444
     978    1237.7621
     979    1288.2133
     980    1333.4157
     981    1360.6785
     982    1363.4239
     983    1343.5392
     984    1310.7473
     985    1279.1516
     986    1262.1405
     987    1267.4802
     988    1294.3987
     989    1333.7651
     990    1371.3366
     991    1392.8937
     992    1389.3744
     993    1360.1215
     994    1313.0976
     995    1262.0398
     996    1221.6356
     997    1202.4968
     998    1207.7308
     999    1232.3104
    1000    1265.4153
    1001    1294.4722
    1002    1309.9743
    1003    1308.3719
    1004    1292.7866
    1005    1271.2319
    1006    1253.2778
    1007    1246.4869
    1008    1253.8467
    1009    1272.9529
    1010    1297.0940
    1011    1317.7410
    1012    1327.4367
    1013    1321.9932
    1014    1301.3498
    1015    1269.0742
    1016    1230.9323
    1017    1193.1524
    1018    1160.9532
    1019    1137.7136
    1020    1124.8459
    1021    1122.1654
    1022    1128.4194
    1023    1141.7786
    1024    1160.2939
    1025    1182.3147
    1026    1206.7424
    1027    1232.8829
    1028    1259.8488
    1029    1286.1202
    1030    1310.0280
    1031    1330.7413
    1032    1348.5923
    1033    1364.4187
    1034    1378.4973
    1035    1389.7264
    1036    1395.4263
    1037    1391.8678
    1038    1375.3987
    1039    1343.8601
    1040    1297.8323
    1041    1241.2148
    1042    1180.7748
    1043    1124.6623
    1044    1080.3692
    1045    1052.8330
    1046    1043.2854
    1047    1049.1796
    1048    1065.2598
    1049    1085.4678
    1050    1105.0325
    1051    1121.9817
    1052    1137.5120
    1053    1155.0665
    1054    1178.4607
    1055    1209.7599
    1056    1247.7403
    1057    1287.5862
    1058    1322.0525
    1059    1343.7555
    1060    1347.7746
    1061    1333.5761
    1062    1305.4996
    1063    1271.5932
    1064    1241.1524
    1065    1221.7804
    1066    1216.9853
    1067    1225.1918
    1068    1240.5544
    1069    1255.2917
    1070    1262.7047
    1071    1259.7603
    1072    1248.2600
    1073    1234.0980
    1074    1224.8485
    1075    1226.6064
    1076    1241.3407
    1077    1265.8444
    1078    1292.7544
    1079    1313.2688
    1080    1320.4934
    1081    1312.0731
    1082    1291.0485
    1083    1264.6094
    1084    1241.2447
    1085    1227.4362
    1086    1225.2023
    1087    1231.4702
    1088    1239.5198
    1089    1241.9095
    1090    1233.6800
    1091    1214.5345
    1092    1189.1197
    1093    1165.3055
    1094    1151.1688
    1095    1151.9047
    1096    1167.8954
    1097    1194.6383
    1098    1224.4798
    1099    1249.3850
    1100    1263.6510
    1101    1265.5893
    1102    1257.6641
    1103    1245.1737
    1104    1234.0766
    1105    1228.8219
    1106    1230.9559
    1107    1238.9095
    1108    1248.8733
    1109    1256.2949
    1110    1257.3887
    1111    1250.1816
    1112    1234.8859
    1113    1213.6105
    1114    1189.6079
    1115    1166.3445
    1116    1146.6843
    1117    1132.3934
    1118    1124.0168
    1119    1121.0420
    1120    1122.2228
    1121    1125.9773
    1122    1130.8090
    1123    1135.6974
    1124    1140.4160
    1125    1145.7166
    1126    1153.2775
    1127    1165.2876
    1128    1183.6417
    1129    1208.9831
    1130    1240.0111
    1131    1273.4351
    1132    1304.6488
    1133    1328.8847
    1134    1342.4492
    1135    1343.6635
    1136    1333.2362
    1137    1313.9678
    1138    1289.8844
    1139    1265.0837
    1140    1242.6760
    1141    1224.1797
    1142    1209.5284
    1143    1197.6114
    1144    1187.0729
    1145    1177.0409
    1146    1167.5091
    1147    1159.2667
    1148    1153.4821
    1149    1151.1769
    1150    1152.8505
    1151    1158.3968
    1152    1167.2886
    1153    1178.8528
    1154    1192.4342
    1155    1207.3329
    1156    1222.5962
    1157    1236.8841
    1158    1248.5985
    1159    1256.3040
    1160    1259.2576
    1161    1257.7572
    1162    1253.0659
    1163    1246.8983
    1164    1240.6721
    1165    1234.8581
    1166    1228.7546
    1167    1220.8254
    1168    1209.4892
    1169    1194.0522
    1170    1175.3860
    1171    1156.0189
    1172    1139.4782
    1173    1129.0452
    1174    1126.4641
    1175    1131.2609
    1176    1140.9493
    1177    1151.8964
    1178    1160.4535
    1179    1164.0259
    1180    1161.8349
    1181    1155.1549
    1182    1146.9251
    1183    1140.8343
    1184    1140.1711
    1185    1146.8167
    1186    1160.6840
    1187    1179.7348
    1188    1200.5281
    1189    1219.1528
    1190    1232.3241
    1191    1238.3147
    1192    1237.3972
    1193    1231.6445
    1194    1224.1382
    1195    1217.8077
    1196    1214.3272
    1197    1213.5848
    1198    1213.9586
    1199    1213.1238
    1200    1208.9495
    1201    1200.2218
    1202    1187.0865
    1203    1171.1475
    1204    1155.1411
    1205    1142.1864
    1206    1134.7660
    1207    1133.7453
    1208    1137.8388
    1209    1143.8606
    1210    1147.8563
    1211    1146.8171
    1212    1140.3355
    1213    1131.3903
    1214    1125.6109
    1215    1129.0156
    1216    1145.3043
    1217    1174.2143
    1218    1211.5813
    1219    1250.6570
    1220    1284.0268
    1221    1305.6861
    1222    1312.8025
    1223    1306.6194
    1224    1292.0617
    1225    1276.0458
    1226    1264.9878
    1227    1262.3845
    1228    1267.3993
    1229    1275.0645
    1230    1278.1145
    1231    1269.8000
    1232    1246.6150
    1233    1209.9026
    1234    1165.7618
    1235    1123.2935
    1236    1091.7715
    1237    1077.6840
    1238    1082.6389
    1239    1102.8914
    1240    1130.6947
    1241    1156.9684
    1242    1174.2712
    1243    1179.0313
    1244    1172.3546
    1245    1159.2868
    1246    1146.9023
    1247    1141.9045
    1248    1148.4904
    1249    1167.1160
    1250    1194.5089
    1251    1224.8695
    1252    1251.7690
    1253    1270.0796
    1254    1277.3754
    1255    1274.4412
    1256    1264.7997
    1257    1253.4118
    1258    1244.9556
    1259    1242.2255
    1260    1245.1931
    1261    1251.0653
    1262    1255.3528
    1263    1253.5831
    1264    1243.0390
    1265    1223.8920
    1266    1199.2890
    1267    1174.3272
    1268    1154.2617
    1269    1142.6250
    1270    1140.0059
    1271    1143.9642
    1272    1150.0863
    1273    1153.7713
    1274    1152.0793
    1275    1144.9293
    1276    1135.1414
    1277    1127.2418
    1278    1125.4477
    1279    1131.6493
    1280    1144.2577
    1281    1158.5028
    1282    1168.1930
    1283    1168.3177
    1284    1157.4663
    1285    1139.0060
    1286    1120.3871
    1287    1110.6481
    1288    1116.9406
    1289    1141.4421
    1290    1180.0200
    1291    1223.3066
    1292    1259.8195
    1293    1279.9603
    1294    1279.4124
    1295    1260.6615
    1296    1232.0227
    1297    1204.5095
    1298    1187.7282
    1299    1186.3823
    1300    1198.7634
    1301    1217.7918
    1302    1234.1251
    1303    1240.0073
    1304    1232.3168
    1305    1213.6916
    1306    1191.4248
    1307    1174.6812
    1308    1171.1459
    1309    1184.3627
    1310    1212.6504
    1311    1249.8697
    1312    1287.6069
    1313    1317.8803
    1314    1335.3457
    1315    1338.2934
    1316    1328.2547
    1317    1308.6043
    1318    1282.8957
    1319    1253.6795
    1320    1222.2305
    1321    1189.1317
    1322    1155.2029
    1323    1122.1389
    1324    1092.4646
    1325    1068.8545
    1326    1053.2167
    1327    1046.0518
    1328    1046.4512
    1329    1052.7750
    1330    1063.6824
    1331    1078.9663
    1332    1099.6942
    1333    1127.4496
    1334    1162.9305
    1335    1204.5186
    1336    1247.5316
    1337    1284.6896
    1338    1307.8539
    1339    1310.5611
    1340    1290.4585
    1341    1250.6560
    1342    1199.3285
    1343    1147.5488
    1344    1106.0227
    1345    1081.8516
    1346    1076.4564
    1347    1085.4100
    1348    1100.2450
    1349    1111.6161
    1350    1112.7348
    1351    1101.8900
    1352    1083.1787
    1353    1065.1680
    1354    1057.9051
    1355    1069.2840
    1356    1102.0207
    1357    1152.3070
    1358    1210.6445
    1359    1264.5860
    1360    1302.5089
    1361    1317.1996
    1362    1308.1117
    1363    1281.5582
    1364    1248.7459
    1365    1222.2383
    1366    1211.9325
    1367    1221.8231
    1368    1248.6024
    1369    1282.6026
    1370    1310.8506
    1371    1321.3070
    1372    1306.9486
    1373    1268.3375
    1374    1213.7689
    1375    1156.8417
    1376    1112.1848
    1377    1090.7490
    1378    1096.3045
    1379    1124.3810
    1380    1164.0165
    1381    1201.6485
    1382    1225.7407
    1383    1230.5013
    1384    1217.4250
    1385    1194.1974
    1386    1171.4602
    1387    1158.7054
    1388    1160.8224
    1389    1176.5099
    1390    1199.0460
    1391    1219.0261
    1392    1227.9762
    1393    1221.4657
    1394    1200.5742
    1395    1171.2407
    1396    1141.8721
    1397    1120.2537
    1398    1111.0180
    1399    1114.5793
    1400    1127.7555
    1401    1145.5755
    1402    1163.3552
    1403    1178.1602
    1404    1189.1460
    1405    1196.8313
    1406    1201.8434
    1407    1203.8871
    1408    1201.5569
    1409    1193.1328
    1410    1177.9397
    1411    1157.5140
    1412    1135.8502
    1413    1118.4276
    1414    1110.3200
    1415    1114.1435
    1416    1128.7584
    1417    1149.3658
    1418    1169.0887
    1419    1181.5128
    1420    1183.2139
    1421    1175.2374
    1422    1162.8337
    1423    1153.4217
    1424    1153.4895
    1425    1165.6528
    1426    1187.1261
    1427    1210.3625
    1428    1225.7391
    1429    1225.3127
    1430    1206.1769
    1431    1172.0510
    1432    1132.3842
    1433    1099.2355
    1434    1083.0440
    1435    1088.8515
    1436    1114.3952
    1437    1150.8332
    1438    1185.8859
    1439    1208.2577
    1440    1211.6952
    1441    1197.1439
    1442    1172.1633
    1443    1147.8179
    1444    1134.2612
    1445    1136.7753
    1446    1153.7833
    1447    1177.5772
    1448    1197.4505
    1449    1204.0229
    1450    1193.0767
    1451    1167.4457
    1452    1136.2568
    1453    1111.8024
    1454    1105.1609
    1455    1122.0881
    1456    1160.6576
    1457    1211.5651
    1458    1261.1004
    1459    1295.7502
    1460    1306.7289
    1461    1292.7505
    1462    1260.0561
    1463    1219.7901
    1464    1183.7990
    1465    1160.4535
    1466    1152.0013
    1467    1154.3544
    1468    1159.2815
    1469    1158.0751
    1470    1145.2523
    1471    1120.8982
    1472    1090.8015
    1473    1064.3367
    1474    1050.8977
    1475    1056.2494
    1476    1080.2139
    1477    1116.6115
    1478    1155.5056
    1479    1186.8452
    1480    1204.0064
    1481    1205.8133
    1482    1196.3413
    1483    1182.8065
    1484    1172.5707
    1485    1170.4589
    1486    1177.3344
    1487    1190.2640
    1488    1203.9821
    1489    1213.0115
    1490    1213.7295
    1491    1205.7044
    1492    1191.7799
    1493    1176.8003
    1494    1165.4808
    1495    1160.3699
    1496    1160.8217
    1497    1163.4183
    1498    1163.5971
    1499    1157.7055
    1500    1144.5970
    1501    1126.1689
    1502    1106.7199
    1503    1091.4324
    1504    1084.6226
    1505    1088.4712
    1506    1102.6614
    1507    1124.8815
    1508    1151.8007
    1509    1180.0605
    1510    1206.9300
    1511    1230.5119
    1512    1249.5721
    1513    1263.2136
    1514    1270.6333
    1515    1271.1201
    1516    1264.2656
    1517    1250.2162
    1518    1229.7639
    1519    1204.2125
    1520    1175.1229
    1521    1144.1512
    1522    1113.1292
    1523    1084.3634
    1524    1060.9244
    1525    1046.5714
    1526    1045.0735
    1527    1059.0750
    1528    1088.9512
    1529    1132.1540
    1530    1183.3586
    1531    1235.4612
    1532    1281.1961
    1533    1314.9004
    1534    1333.8642
    1535    1338.7592
    1536    1332.9504
    1537    1320.9345
    1538    1306.5190
    1539    1291.4820
    1540    1275.2384
    1541    1255.6141
    1542    1230.3657
    1543    1198.7730
    1544    1162.5725
    1545    1125.8026
    1546    1093.6250
    1547    1070.6351
    1548    1059.3895
    1549    1059.7263
    1550    1069.0618
    1551    1083.4051
    1552    1098.5756
    1553    1111.1740
    1554    1119.1043
    1555    1121.6627
    1556    1119.3168
    1557    1113.3636
    1558    1105.6514
    1559    1098.4594
    1560    1094.4137
    1561    1096.2331
    1562    1106.1583
    1563    1125.1228
    1564    1151.9653
    1565    1183.1213
    1566    1213.1294
    1567    1235.9875
    1568    1246.9827
    1569    1244.3129
    1570    1229.7955
    1571    1208.2758
    1572    1185.8707
    1573    1167.7104
    1574    1156.0693
    1575    1149.6492
    1576    1144.3278
    1577    1135.1031
    1578    1118.5060
    1579    1094.5312
    1580    1067.3034
    1581    1044.1415
    1582    1033.3001
    1583    1041.1649
    1584    1069.8894
    1585    1116.3351
    1586    1172.6875
    1587    1228.5463
    1588    1273.7688
    1589    1301.1066
    1590    1307.7749
    1591    1295.5226
    1592    1269.3342
    1593    1235.4240
    1594    1199.3783
    1595    1165.0971
    1596    1134.7331
    1597    1109.3357
    1598    1089.6767
    1599    1076.7540
    1600    1071.7315
    1601    1075.4315
    1602    1087.7339
    1603    1107.2641
    1604    1131.5799
    1605    1157.8030
    1606    1183.4279
    1607    1206.9248
    1608    1227.8278
    1609    1246.2215
    1610    1261.8304
    1611    1273.1891
    1612    1277.4485
    1613    1271.1085
    1614    1251.4591
    1615    1218.1092
    1616    1173.9325
    1617    1124.9669
    1618    1079.2039
    1619    1044.5965
    1620    1026.8890
    1621    1027.9470
    1622    1045.2115
    1623    1072.5897
    1624    1102.5528
    1625    1128.6320
    1626    1147.3143
    1627    1158.6982
    1628    1165.8236
    1629    1173.0532
    1630    1184.1374
    1631    1200.6345
    1632    1221.2000
    1633    1241.9392
    1634    1257.6652
    1635    1263.6323
    1636    1257.1921
    1637    1238.8305
    1638    1212.2435
    1639    1183.3762
    1640    1158.6874
    1641    1143.1488
    1642    1138.6277
    1643    1143.2303
    1644    1151.9096
    1645    1158.2050
    1646    1156.5759
    1647    1144.5139
    1648    1123.6361
    1649    1099.2757
    1650    1078.6589
    1651    1068.3249
    1652    1071.7722
    1653    1088.2320
    1654    1112.9818
    1655    1139.0593
    1656    1159.7481
    1657    1170.9615
    1658    1172.6532
    1659    1168.6867
    1660    1165.1136
    1661    1167.4695
    1662    1178.2025
    1663    1195.3935
    1664    1213.3512
    1665    1224.8474
    1666    1224.0769
    1667    1209.1126
    1668    1182.8066
    1669    1151.7389
    1670    1123.6406
    1671    1104.3743
    1672    1095.7390
    1673    1095.0244
    1674    1096.5026
    1675    1094.1765
    1676    1084.5275
    1677    1068.0848
    1678    1049.3159
    1679    1034.9920
    1680    1031.5495
    1681    1042.3262
    1682    1065.8448
    1683    1096.0640
    1684    1124.6347
    1685    1144.2570
    1686    1151.7209
    1687    1149.3095
    1688    1143.9162
    1689    1144.1955
    1690    1156.8851
    1691    1183.7667
    1692    1220.5237
    1693    1258.0439
    1694    1285.6422
    1695    1294.8442
    1696    1282.2016
    1697    1250.2052
    1698    1206.2282
    1699    1160.0456
    1700    1120.7238
    1701    1093.8653
    1702    1080.1619
    1703    1075.7908
    1704    1074.4433
    1705    1070.1707
    1706    1059.9460
    1707    1044.9899
    1708    1030.3888
    1709    1023.1956
    1710    1029.7071
    1711    1052.9046
    1712    1090.9961
    1713    1137.6237
    1714    1183.6761
    1715    1220.0636
    1716    1240.4918
    1717    1243.2832
    1718    1231.6368
    1719    1212.2575
    1720    1192.8451
    1721    1179.3686
    1722    1174.0968
    1723    1175.1050
    1724    1177.4169
    1725    1175.3200
    1726    1164.9264
    1727    1146.0140
    1728    1122.5312
    1729    1101.5894
    1730    1091.1794
    1731    1097.2797
    1732    1121.3851
    1733    1159.5067
    1734    1203.1303
    1735    1241.7803
    1736    1266.2693
    1737    1271.5058
    1738    1257.8615
    1739    1230.6019
    1740    1197.6287
    1741    1166.4697
    1742    1141.7485
    1743    1124.1085
    1744    1110.9160
    1745    1098.2707
    1746    1083.3288
    1747    1065.9156
    1748    1048.7831
    1749    1036.4959
    1750    1033.4923
    1751    1042.1971
    1752    1061.9854
    1753    1089.3784
    1754    1119.3209
    1755    1146.9407
    1756    1169.0192
    1757    1184.5828
    1758    1194.4508
    1759    1200.0648
    1760    1202.2500
    1761    1200.5558
    1762    1193.5178
    1763    1179.7597
    1764    1159.3962
    1765    1134.9556
    1766    1111.2117
    1767    1093.8677
    1768    1087.6136
    1769    1094.3569
    1770    1112.3115
    1771    1136.2829
    1772    1159.1256
    1773    1174.0256
    1774    1176.9136
    1775    1168.0388
    1776    1151.8918
    1777    1135.3788
    1778    1124.9739
    1779    1124.0627
    1780    1131.5953
    1781    1142.5794
    1782    1150.2178
    1783    1148.8387
    1784    1136.4322
    1785    1115.7195
    1786    1093.3369
    1787    1077.5053
    1788    1075.1055
    1789    1089.2130
    1790    1117.9136
    1791    1154.7486
    1792    1190.5952
    1793    1216.3629
    1794    1225.6522
    1795    1216.5332
    1796    1191.8984
    1797    1158.3292
    1798    1123.9547
    1799    1096.0772
    1800    1079.3428
    1801    1074.9517
    1802    1081.0031
    1803    1093.6831
    1804    1108.7753
    1805    1122.9809
    1806    1134.7273
    1807    1144.3359
    1808    1153.6050
    1809    1164.9624
    1810    1180.4090
    1811    1200.5139
    1812    1223.7274
    1813    1246.2698
    1814    1262.7457
    1815    1267.4500
    1816    1256.0764
    1817    1227.3361
    1818    1183.9210
    1819    1132.3728
    1820    1081.7605
    1821    1041.4584
    1822    1018.6645
    1823    1016.4328
    1824    1032.8717
    1825    1061.7943
    1826    1094.6338
    1827    1123.0268
    1828    1141.2460
    1829    1147.7104
    1830    1145.1116
    1831    1139.1492
    1832    1136.3299
    1833    1141.5796
    1834    1156.4916
    1835    1178.7951
    1836    1203.1872
    1837    1223.1997
    1838    1233.4338
    1839    1231.4165
    1840    1218.4855
    1841    1199.4383
    1842    1181.0883
    1843    1170.1885
    1844    1171.3480
    1845    1185.5378
    1846    1209.6119
    1847    1236.9841
    1848    1259.2807
    1849    1268.5410
    1850    1259.3755
    1851    1230.5186
    1852    1185.3604
    1853    1131.2888
    1854    1077.9632
    1855    1034.9155
    1856    1009.1006
    1857    1003.0956
    1858    1014.4927
    1859    1036.6940
    1860    1060.9407
    1861    1079.0547
    1862    1086.0938
    1863    1082.0376
    1864    1071.8466
    1865    1063.7628
    1866    1066.3530
    1867    1085.2699
    1868    1120.8756
    1869    1167.6133
    1870    1215.4260
    1871    1252.8102
    1872    1270.4904
    1873    1264.4571
    1874    1237.3031
    1875    1197.3811
    1876    1156.0728
    1877    1124.1327
    1878    1108.3780
    1879    1109.8237
    1880    1123.8030
    1881    1141.9064
    1882    1154.9656
    1883    1156.0460
    1884    1142.5088
    1885    1116.6109
    1886    1084.5782
    1887    1054.5102
    1888    1033.8259
    1889    1027.1000
    1890    1034.9607
    1891    1054.3023
    1892    1079.6009
    1893    1104.7810
    1894    1124.9744
    1895    1137.6490
    1896    1142.8715
    1897    1142.7923
    1898    1140.6709
    1899    1139.8310
    1900    1142.8793
    1901    1151.3294
    1902    1165.5166
    1903    1184.5180
    1904    1206.0154
    1905    1226.4846
    1906    1242.0158
    1907    1249.4198
    1908    1247.0837
    1909    1235.3655
    1910    1216.5522
    1911    1194.4020
    1912    1173.3456
    1913    1157.5069
    1914    1149.7561
    1915    1150.9900
    1916    1159.8170
    1917    1172.8154
    1918    1185.4000
    1919    1193.1179
    1920    1192.9968
    1921    1184.4982
    1922    1169.7064
    1923    1152.6044
    1924    1137.6295
    1925    1128.0074
    1926    1124.5043
    1927    1125.1228
    1928    1125.9063
    1929    1122.5843
    1930    1112.4399
    1931    1095.6945
    1932    1075.8700
    1933    1058.9519
    1934    1051.5694
    1935    1058.7532
    1936    1082.0032
    1937    1118.3640
    1938    1160.9260
    1939    1200.7072
    1940    1229.3620
    1941    1241.7973
    1942    1237.7250
    1943    1221.5551
    1944    1200.6669
    1945    1182.6975
    1946    1172.8198
    1947    1171.9653
    1948    1176.6783
    1949    1180.7570
    1950    1178.0786
    1951    1165.4025
    1952    1143.9572
    1953    1119.2147
    1954    1099.0053
    1955    1090.6878
    1956    1098.3890
    1957    1121.2803
    1958    1153.5238
    1959    1185.9576
    1960    1208.9700
    1961    1215.6020
    1962    1203.8219
    1963    1177.2133
    1964    1143.8466
    1965    1113.7223
    1966    1095.6353
    1967    1094.4772
    1968    1109.8309
    1969    1136.2652
    1970    1165.1702
    1971    1187.4944
    1972    1196.5084
    1973    1189.7457
    1974    1169.5386
    1975    1142.0152
    1976    1114.8861
    1977    1094.7739
    1978    1085.0317
    1979    1084.8192
    1980    1089.6674
    1981    1093.2157
    1982    1089.4943
    1983    1075.0918
    1984    1050.5716
    1985    1020.6613
    1986     993.0811
    1987     976.3402
    1988     977.1827
    1989     998.4656
    1990    1038.1063
    1991    1089.4439
    1992    1142.9423
    1993    1188.7548
    1994    1219.3371
    1995    1231.2850
    1996    1225.8010
    1997    1207.7044
    1998    1183.4293
    1999    1158.7869
    2000    1137.2825
