#Frame              T
       1    1155.2466
       2    1083.9403
       3    1054.1286
       4    1055.2229
       5    1062.1948
       6    1109.2606
       7    1120.9572
       8    1094.4318
       9    1017.7704
      10    1061.6574
      11    1155.3581
      12    1090.5119
      13    1013.5398
      14    1099.6504
      15    1026.5596
      16    1023.0299
      17    1103.8407
      18     931.6435
      19     977.8305
      20     922.8302
      21     946.9648
      22     929.9318
      23     985.7947
      24     957.5180
      25     899.9721
      26    1015.1775
      27     895.6201
      28     914.3415
      29     899.5935
      30     953.4357
      31     928.7957
      32     921.4399
      33     979.3431
      34     955.7464
      35     852.3645
      36     912.2017
      37     921.3084
      38     894.3975
      39     879.4913
      40     818.8751
      41     790.2389
      42     824.1835
      43     771.7438
      44     915.8052
      45     812.6457
      46     765.4552
      47     842.0682
      48     826.0648
      49     829.1401
      50     834.2247
      51     779.4922
      52     805.8153
      53     806.9595
      54     784.1837
      55     847.6191
      56     797.6850
      57     761.2763
      58     816.0163
      59     789.8757
      60     740.5378
      61     825.4508
      62     742.4921
      63     847.2325
      64     815.6183
      65     792.3674
      66     791.6542
      67     708.2395
      68     711.4181
      69     817.6810
      70     697.6436
      71     704.6617
      72     755.9970
      73     721.5770
      74     696.3328
      75     756.3697
      76     733.2810
      77     694.0340
      78     676.6092
      79     734.0538
      80     743.3095
      81     735.1661
      82     690.4639
      83     753.6149
      84     683.5012
      85     702.9677
      86     707.4453
      87     725.0599
      88     657.6230
      89     690.3836
      90     707.1986
      91     661.2366
      92     621.9660
      93     685.1875
      94     636.1351
      95     651.6374
      96     706.6786
      97     630.4747
      98     705.6014
      99     635.1291
     100     726.1860
     101     598.6102
     102     657.7779
     103     669.4370
     104     666.8587
     105     615.6043
     106     606.0132
     107     663.3793
     108     665.1914
     109     677.1434
     110     662.8322
     111     607.7061
     112     616.4760
     113     581.5798
     114     569.4258
     115     572.5647
     116     590.9240
     117     610.1720
     118     635.4631
     119     624.6967
     120     587.4527
     121     563.5856
     122     612.2976
     123     581.7951
     124     606.4997
     125     574.2020
     126     597.1448
     127     565.7546
     128     564.1099
     129     562.6436
     130     556.1593
     131     557.9141
     132     596.1530
     133     588.6004
     134     561.9269
     135     602.4537
     136     570.5887
     137     596.9193
     138     551.3781
     139     573.4060
     140     581.8832
     141     575.2432
     142     552.5515
     143     584.3648
     144     536.4130
     145     524.6459
     146     557.5046
     147     526.9610
     148     567.8040
     149     540.7815
     150     556.5826
     151     549.0783
     152     486.9842
     153     500.7241
     154     503.4524
     155     481.8075
     156     506.6294
     157     485.0283
     158     525.6037
     159     517.8217
     160     460.9471
     161     513.4774
     162     493.6269
     163     553.3482
     164     520.3633
     165     502.4723
     166     529.2112
     167     487.2084
     168     457.3188
     169     474.2321
     170     516.9127
     171     510.1043
     172     522.8869
     173     484.2242
     174     499.7813
     175     475.2743
     176     497.9696
     177     545.0408
     178     488.6630
     179     470.6775
     180     469.7823
     181     441.1049
     182     500.3870
     183     480.3530
     184     455.0802
     185     466.3617
     186     509.5727
     187     441.3117
     188     450.5269
     189     449.9714
     190     486.0859
     191     518.4003
     192     492.9256
     193     526.0694
     194     479.5847
     195     520.4012
     196     488.7266
     197     457.0740
     198     480.8443
     199     460.2286
     200     482.3324
     201     415.4868
     202     430.4880
     203     425.2664
     204     477.4557
     205     444.4048
     206     455.3928
     207     430.8733
     208     458.5101
     209     443.7196
     210     451.5402
     211     473.1404
     212     458.8853
     213     484.2079
     214     464.0421
     215     460.7150
     216     454.8757
     217     507.1802
     218     484.2075
     219     452.1821
     220     431.7333
     221     429.9459
     222     462.6418
     223     460.4991
     224     501.3410
     225     440.2858
     226     434.4786
     227     421.5977
     228     472.1180
     229     439.0296
     230     454.6285
     231     419.7966
     232     434.0464
     233     376.3920
     234     429.1325
     235     429.6221
     236     444.7457
     237     417.4985
     238     417.7452
     239     443.2752
     240     412.8528
     241     389.1515
     242     438.0500
     243     425.3512
     244     434.5059
     245     436.7697
     246     415.1540
     247     411.3058
     248     423.3570
     249     437.6704
     250     447.7253
     251     476.3294
     252     420.8299
     253     427.5904
     254     419.3381
     255     424.8112
     256     431.3491
     257     437.3305
     258     465.9944
     259     465.5354
     260     459.7356
     261     438.1636
     262     427.6258
     263     395.5340
     264     394.6310
     265     395.5929
     266     409.2212
     267     408.2580
     268     387.4434
     269     405.3989
     270     441.3077
     271     414.6162
     272     451.0010
     273     386.5013
     274     403.9037
     275     362.7602
     276     421.8855
     277     373.8235
     278     421.4410
     279     416.2523
     280     426.4547
     281     424.6455
     282     394.3549
     283     443.9294
     284     433.8291
     285     399.5810
     286     425.1476
     287     410.3666
     288     387.3334
     289     411.9513
     290     399.5871
     291     405.0090
     292     392.4950
     293     387.3692
     294     400.6052
     295     430.8456
     296     411.4586
     297     415.2267
     298     409.6977
     299     388.6461
     300     407.3397
     301     400.2668
     302     406.2638
     303     407.9949
     304     356.9354
     305     436.6566
     306     406.8890
     307     388.3581
     308     391.2567
     309     358.2880
     310     385.9109
     311     376.6545
     312     405.4881
     313     368.2004
     314     335.0114
     315     337.9826
     316     354.2227
     317     371.3718
     318     389.9234
     319     352.5425
     320     322.4587
     321     360.4321
     322     353.7841
     323     392.4767
     324     341.5186
     325     383.5682
     326     376.9118
     327     375.0110
     328     353.3226
     329     404.4035
     330     377.6238
     331     380.4448
     332     386.8927
     333     363.1074
     334     373.1918
     335     330.6148
     336     369.8546
     337     395.0945
     338     369.9829
     339     358.6016
     340     384.6580
     341     356.8457
     342     373.4120
     343     351.5260
     344     356.6803
     345     388.1726
     346     346.4007
     347     367.4660
     348     363.4577
     349     353.9386
     350     326.6644
     351     370.7681
     352     320.9588
     353     321.9086
     354     318.7918
     355     359.2673
     356     360.1641
     357     348.4629
     358     397.3352
     359     332.1531
     360     350.5256
     361     319.4577
     362     372.0891
     363     322.3785
     364     329.5159
     365     335.7196
     366     351.0327
     367     357.3825
     368     346.4893
     369     363.6989
     370     335.5768
     371     348.1809
     372     329.4280
     373     368.6906
     374     346.7597
     375     356.3194
     376     339.8809
     377     360.7772
     378     333.7558
     379     335.7747
     380     320.4387
     381     327.5305
     382     287.6700
     383     302.9923
     384     329.6395
     385     346.7521
     386     364.3355
     387     318.1975
     388     317.4523
     389     351.6590
     390     365.9077
     391     333.6079
     392     344.5869
     393     312.9563
     394     339.8235
     395     347.6545
     396     327.9833
     397     348.0197
     398     350.7717
     399     341.6237
     400     318.1944
