#Frame              T
       1    1167.0277
       2    1118.0414
       3    1020.2802
       4    1019.3123
       5    1038.4499
       6    1065.0863
       7     961.2855
       8    1002.6171
       9    1021.0236
      10    1046.6176
      11    1040.0797
      12     953.8325
      13    1120.5677
      14    1014.1903
      15     988.6037
      16     888.6087
      17     884.1350
      18     925.2193
      19     895.8561
      20     930.9668
      21     943.0596
      22     916.2516
      23     881.3652
      24     835.5048
      25     858.3871
      26     842.2977
      27     841.9417
      28     859.7018
      29     827.8649
      30     789.8566
      31     787.3919
      32     871.2236
      33     786.3801
      34     797.1066
      35     764.9850
      36     820.4782
      37     827.2597
      38     791.2285
      39     747.8214
      40     814.6642
      41     789.8905
      42     813.4701
      43     817.7850
      44     818.5462
      45     829.8052
      46     797.8182
      47     751.0893
      48     709.3627
      49     838.9297
      50     687.7500
      51     785.1245
      52     770.2650
      53     806.4926
      54     813.2128
      55     730.6511
      56     728.7320
      57     746.9354
      58     759.1013
      59     730.9620
      60     667.1142
      61     700.2675
      62     705.4537
      63     732.2316
      64     696.9559
      65     677.0937
      66     680.8569
      67     635.9873
      68     679.4179
      69     662.1235
      70     666.3385
      71     670.9768
      72     643.4415
      73     666.7454
      74     660.0549
      75     590.0928
      76     676.2391
      77     593.0768
      78     576.1157
      79     574.2261
      80     584.0022
      81     580.4475
      82     641.0002
      83     628.2761
      84     666.7535
      85     601.5915
      86     648.6853
      87     598.5512
      88     644.9002
      89     594.7299
      90     587.0492
      91     595.2372
      92     566.6006
      93     611.6655
      94     599.0656
      95     554.6126
      96     563.1670
      97     484.9263
      98     545.7984
      99     587.3241
     100     570.9798
     101     562.3691
     102     524.2526
     103     567.7123
     104     556.5659
     105     602.6276
     106     583.0545
     107     539.1785
     108     563.0915
     109     525.6793
     110     500.0386
     111     521.0062
     112     561.6626
     113     520.6471
     114     500.0453
     115     557.3444
     116     547.1812
     117     539.2771
     118     584.9226
     119     535.9749
     120     572.1881
     121     579.6859
     122     615.1211
     123     536.2112
     124     550.4472
     125     545.6681
     126     484.4789
     127     518.0939
     128     506.5202
     129     509.8214
     130     484.8768
     131     533.6590
     132     520.8003
     133     477.1219
     134     509.9400
     135     502.2010
     136     544.3704
     137     537.6007
     138     535.0749
     139     461.0621
     140     536.7779
     141     489.0692
     142     531.8126
     143     517.5830
     144     526.5806
     145     528.4636
     146     538.2051
     147     494.5452
     148     500.1988
     149     508.6840
     150     447.3271
     151     480.0203
     152     478.5640
     153     481.4943
     154     454.7882
     155     404.0559
     156     436.7387
     157     470.3008
     158     489.2446
     159     523.3794
     160     499.0433
     161     479.1285
     162     442.8902
     163     430.5662
     164     426.0902
     165     445.0248
     166     478.6573
     167     432.6150
     168     452.9836
     169     504.3389
     170     466.4358
     171     427.5500
     172     459.2203
     173     414.0014
     174     470.4347
     175     487.0941
     176     445.8480
     177     466.6910
     178     481.1650
     179     453.5140
     180     437.1982
     181     466.9700
     182     456.6768
     183     450.5400
     184     431.1395
     185     448.3272
     186     454.4337
     187     436.2559
     188     441.7288
     189     414.7279
     190     403.9202
     191     414.3201
     192     411.2365
     193     427.6343
     194     419.1174
     195     446.3733
     196     457.9353
     197     419.7065
     198     398.5244
     199     432.3498
     200     432.8286
     201     429.4308
     202     432.6979
     203     414.0471
     204     416.3303
     205     422.9625
     206     402.8957
     207     415.4949
     208     457.5014
     209     472.7226
     210     458.6280
     211     480.8556
     212     453.4407
     213     476.4761
     214     412.9858
     215     450.3678
     216     449.8372
     217     430.7305
     218     433.2811
     219     410.8756
     220     407.3593
     221     445.7627
     222     428.5777
     223     493.1685
     224     476.1911
     225     436.1695
     226     434.7894
     227     421.9311
     228     482.1401
     229     441.4854
     230     475.5674
     231     440.8462
     232     467.4142
     233     434.4576
     234     442.9129
     235     431.3501
     236     481.2895
     237     438.4975
     238     474.8975
     239     395.7704
     240     420.3470
     241     429.4445
     242     455.5764
     243     398.4084
     244     448.5245
     245     448.0752
     246     461.9969
     247     433.4782
     248     433.8723
     249     432.1773
     250     399.1246
     251     421.2565
     252     414.4302
     253     430.4010
     254     444.1784
     255     416.1156
     256     436.0765
     257     385.9030
     258     409.8612
     259     414.9603
     260     430.9881
     261     427.9301
     262     381.8052
     263     440.8105
     264     422.4969
     265     402.1730
     266     394.6558
     267     408.8969
     268     361.7180
     269     377.9168
     270     426.3937
     271     389.3809
     272     427.9367
     273     387.0758
     274     419.7068
     275     407.6099
     276     414.3814
     277     395.6394
     278     381.5723
     279     345.8365
     280     370.8469
     281     381.8985
     282     383.8693
     283     358.7689
     284     411.9697
     285     401.0858
     286     409.3499
     287     386.9555
     288     353.5844
     289     348.9497
     290     337.9558
     291     395.2761
     292     357.3162
     293     368.9278
     294     367.5745
     295     336.1404
     296     379.6900
     297     312.2077
     298     361.1745
     299     351.5052
     300     334.8837
     301     350.6481
     302     355.2103
     303     357.6451
     304     370.6545
     305     377.6148
     306     373.8778
     307     348.5295
     308     362.9212
     309     375.0014
     310     389.3673
     311     378.5153
     312     361.2443
     313     340.8175
     314     356.0263
     315     336.5640
     316     360.8705
     317     350.6569
     318     356.2170
     319     354.7284
     320     346.9017
     321     359.0254
     322     350.2391
     323     320.0091
     324     328.8184
     325     316.7872
     326     342.6918
     327     322.3798
     328     343.5944
     329     316.4464
     330     322.2549
     331     349.9314
     332     331.0902
     333     353.1895
     334     344.6976
     335     353.1730
     336     365.9826
     337     363.7107
     338     321.4251
     339     321.9765
     340     341.0943
     341     334.9474
     342     340.8972
     343     325.5090
     344     314.2707
     345     351.1947
     346     318.2885
     347     328.8956
     348     335.2040
     349     336.1306
     350     340.4905
     351     368.8642
     352     297.9933
     353     326.2602
     354     330.7583
     355     339.3405
     356     321.2629
     357     344.5343
     358     324.8792
     359     389.2920
     360     331.7273
     361     334.2711
     362     378.6316
     363     342.5559
     364     309.5017
     365     368.2368
     366     359.6818
     367     351.5368
     368     378.0240
     369     364.3066
     370     368.5172
     371     318.3583
     372     333.0652
     373     362.1750
     374     350.1284
     375     351.2189
     376     339.2555
     377     339.9748
     378     327.6072
     379     306.5706
     380     351.3537
     381     332.2014
     382     334.8707
     383     344.6646
     384     326.1552
     385     326.2730
     386     332.1675
     387     318.6105
     388     353.7478
     389     353.1067
     390     337.4784
     391     338.2520
     392     325.1514
     393     335.2655
     394     328.6613
     395     340.7016
     396     303.6372
     397     318.7569
     398     319.9293
     399     297.8647
     400     325.6845
