#Frame              T
       1    3001.1754
       2    2896.1196
       3    2702.5284
       4    2457.3843
       5    2207.1171
       6    1995.0588
       7    1850.0822
       8    1779.8460
       9    1770.6224
      10    1793.6946
      11    1816.2070
      12    1812.7163
      13    1773.4522
      14    1706.6129
      15    1634.2679
      16    1583.5873
      17    1576.5462
      18    1621.5828
      19    1709.9569
      20    1817.9585
      21    1914.1424
      22    1969.0776
      23    1964.3817
      24    1898.2311
      25    1785.8060
      26    1654.7219
      27    1536.9901
      28    1460.0269
      29    1439.4364
      30    1475.6118
      31    1554.8979
      32    1654.5636
      33    1749.7412
      34    1820.0846
      35    1854.3116
      36    1851.7150
      37    1820.7242
      38    1775.3251
      39    1730.5169
      40    1698.0721
      41    1683.6711
      42    1686.0964
      43    1698.5074
      44    1711.1401
      45    1714.4313
      46    1701.7752
      47    1671.5515
      48    1628.2420
      49    1582.1669
      50    1547.3473
      51    1537.6031
      52    1561.8988
      53    1620.4781
      54    1703.2922
      55    1791.6437
      56    1862.9125
      57    1897.0858
      58    1883.0493
      59    1822.5936
      60    1730.6610
      61    1631.4326
      62    1551.2556
      63    1510.5961
      64    1517.6852
      65    1566.0287
      66    1636.6470
      67    1704.3511
      68    1746.0323
      69    1748.2632
      70    1711.6829
      71    1650.5989
      72    1587.8300
      73    1546.5689
      74    1542.2566
      75    1577.3843
      76    1640.7941
      77    1711.3880
      78    1764.8892
      79    1781.5555
      80    1752.5104
      81    1682.7097
      82    1589.5532
      83    1497.5395
      84    1430.6356
      85    1404.7542
      86    1422.7587
      87    1473.7623
      88    1537.1102
      89    1589.6213
      90    1613.3894
      91    1601.3763
      92    1559.0612
      93    1501.8736
      94    1449.5203
      95    1419.2548
      96    1420.3461
      97    1451.4245
      98    1501.3497
      99    1553.1415
     100    1589.5654
     101    1598.5008
     102    1576.4426
     103    1529.2263
     104    1469.8542
     105    1414.1285
     106    1375.5502
     107    1361.2004
     108    1369.9257
     109    1393.3274
     110    1419.1012
     111    1435.5117
     112    1435.4824
     113    1418.9288
     114    1392.6002
     115    1367.5604
     116    1355.3059
     117    1363.9675
     118    1395.8428
     119    1446.8471
     120    1507.8191
     121    1567.1865
     122    1614.1683
     123    1641.5764
     124    1647.4160
     125    1634.8838
     126    1610.8830
     127    1583.6255
     128    1560.1192
     129    1544.3222
     130    1536.4796
     131    1533.7461
     132    1531.7835
     133    1526.7127
     134    1516.7325
     135    1502.8574
     136    1488.5185
     137    1478.1761
     138    1475.5583
     139    1482.3567
     140    1497.9308
     141    1519.9207
     142    1545.2490
     143    1570.9654
     144    1594.6305
     145    1614.2370
     146    1627.9231
     147    1633.8538
     148    1630.5354
     149    1617.5336
     150    1596.2379
     151    1570.2024
     152    1544.7155
     153    1525.5777
     154    1517.3990
     155    1521.9873
     156    1537.4649
     157    1558.6239
     158    1578.5102
     159    1590.6822
     160    1591.3226
     161    1580.4577
     162    1561.8049
     163    1541.1968
     164    1524.1244
     165    1513.3776
     166    1507.8683
     167    1503.2148
     168    1493.8316
     169    1475.5802
     170    1447.8215
     171    1414.0578
     172    1381.0035
     173    1356.5615
     174    1347.4564
     175    1357.2129
     176    1385.0151
     177    1425.7930
     178    1471.5731
     179    1513.7322
     180    1545.4256
     181    1563.3521
     182    1568.2473
     183    1563.9872
     184    1555.7142
     185    1547.7533
     186    1542.1378
     187    1538.2865
     188    1533.8531
     189    1526.3113
     190    1514.5760
     191    1500.0089
     192    1486.4036
     193    1478.9113
     194    1482.2306
     195    1498.7043
     196    1527.1499
     197    1562.9946
     198    1599.6820
     199    1630.8227
     200    1652.2691
     201    1663.2848
     202    1666.2850
     203    1665.2795
     204    1663.7438
     205    1662.9616
     206    1661.6318
     207    1656.8237
     208    1645.7359
     209    1627.4064
     210    1603.6345
     211    1578.7523
     212    1558.3639
     213    1547.5250
     214    1549.0094
     215    1562.2658
     216    1583.4069
     217    1606.2267
     218    1623.9093
     219    1630.8948
     220    1624.3514
     221    1604.8194
     222    1575.8546
     223    1542.8112
     224    1511.1825
     225    1485.0468
     226    1466.0362
     227    1453.0143
     228    1442.6371
     229    1430.9460
     230    1415.5048
     231    1396.9408
     232    1379.0754
     233    1367.6258
     234    1368.0426
     235    1383.2947
     236    1412.4363
     237    1450.4400
     238    1489.3294
     239    1520.2842
     240    1536.0945
     241    1533.1924
     242    1512.5835
     243    1479.3797
     244    1441.1137
     245    1405.4343
     246    1377.9826
     247    1361.1513
     248    1354.0962
     249    1353.8896
     250    1357.2617
     251    1362.1307
     252    1368.2462
     253    1376.8530
     254    1389.8546
     255    1408.9554
     256    1434.8706
     257    1466.6739
     258    1501.5768
     259    1535.3768
     260    1563.4986
     261    1582.2764
     262    1590.0158
     263    1587.4742
     264    1577.6007
     265    1564.6307
     266    1552.8283
     267    1545.2785
     268    1543.1102
     269    1545.4026
     270    1549.7980
     271    1553.5699
     272    1554.7203
     273    1552.6877
     274    1548.4735
     275    1544.2394
     276    1542.4782
     277    1544.8617
     278    1551.2090
     279    1559.4110
     280    1566.2920
     281    1568.5465
     282    1563.4763
     283    1549.7634
     284    1528.0944
     285    1501.2761
     286    1473.7693
     287    1450.7816
     288    1437.0496
     289    1435.5286
     290    1446.3925
     291    1466.7620
     292    1491.2907
     293    1513.3999
     294    1526.7753
     295    1526.7888
     296    1511.5876
     297    1482.6810
     298    1444.9017
     299    1405.6088
     300    1372.9444
     301    1353.2511
     302    1348.8062
     303    1357.4522
     304    1374.1475
     305    1393.0762
     306    1409.4632
     307    1420.9094
     308    1428.0477
     309    1434.1962
     310    1443.9183
     311    1460.9813
     312    1486.5884
     313    1518.5841
     314    1551.7978
     315    1579.3363
     316    1594.5099
     317    1592.8954
     318    1573.9285
     319    1541.4598
     320    1502.9706
     321    1467.5292
     322    1442.9799
     323    1433.3174
     324    1437.3775
     325    1449.5278
     326    1462.0378
     327    1468.0105
     328    1463.7336
     329    1449.8553
     330    1431.2574
     331    1415.5703
     332    1410.4395
     333    1420.3923
     334    1444.8323
     335    1478.1165
     336    1511.3905
     337    1535.2603
     338    1542.5523
     339    1530.5552
     340    1502.1622
     341    1465.4068
     342    1431.1442
     343    1409.3380
     344    1405.4855
     345    1418.9577
     346    1443.7969
     347    1471.2698
     348    1493.0575
     349    1504.0088
     350    1503.6254
     351    1495.8961
     352    1487.6090
     353    1485.7250
     354    1494.6978
     355    1514.6395
     356    1540.9613
     357    1565.6313
     358    1579.6755
     359    1576.1473
     360    1552.6166
     361    1512.3358
     362    1463.6241
     363    1417.5359
     364    1384.4813
     365    1370.9219
     366    1377.3581
     367    1398.3410
     368    1424.4109
     369    1445.2126
     370    1452.7748
     371    1443.9434
     372    1421.1987
     373    1391.5790
     374    1364.1419
     375    1346.9183
     376    1344.4281
     377    1356.4837
     378    1378.5741
     379    1403.6411
     380    1424.6351
     381    1436.8690
     382    1439.2082
     383    1433.7580
     384    1424.6408
     385    1416.6348
     386    1413.8426
     387    1418.4096
     388    1429.7439
     389    1444.7640
     390    1459.1696
     391    1469.0100
     392    1471.6972
     393    1466.3883
     394    1454.2761
     395    1438.6802
     396    1424.3047
     397    1415.6723
     398    1415.4706
     399    1423.5198
     400    1436.7211
     401    1449.9458
     402    1457.5617
     403    1455.1532
     404    1440.9640
     405    1416.6457
     406    1387.0399
     407    1358.9587
     408    1339.2537
     409    1332.7747
     410    1340.9625
     411    1361.6418
     412    1390.0870
     413    1420.8905
     414    1449.8605
     415    1475.2263
     416    1497.7535
     417    1519.7628
     418    1543.4517
     419    1569.1792
     420    1594.4378
     421    1614.0075
     422    1621.3505
     423    1610.8067
     424    1579.8177
     425    1530.3349
     426    1468.7991
     427    1404.5763
     428    1347.3588
     429    1304.4710
     430    1279.0555
     431    1269.7472
     432    1271.8806
     433    1279.6964
     434    1288.6665
     435    1297.0505
     436    1306.1362
     437    1319.1692
     438    1339.4576
     439    1368.4284
     440    1404.3691
     441    1442.3446
     442    1475.3568
     443    1496.3561
     444    1500.3777
     445    1486.0448
     446    1455.9466
     447    1415.8783
     448    1373.3227
     449    1335.7244
     450    1309.0002
     451    1296.5435
     452    1298.8579
     453    1313.8417
     454    1337.5942
     455    1365.4775
     456    1393.1203
     457    1417.1590
     458    1435.6615
     459    1448.2555
     460    1455.9847
     461    1460.8270
     462    1464.8360
     463    1469.0799
     464    1472.9967
     465    1474.7329
     466    1472.1838
     467    1463.9430
     468    1449.7775
     469    1430.7542
     470    1409.1568
     471    1388.1728
     472    1371.3302
     473    1361.7871
     474    1361.6627
     475    1371.5459
     476    1390.2849
     477    1415.1169
     478    1442.1425
     479    1467.0655
     480    1486.0625
     481    1496.5981
     482    1497.9792
     483    1491.4285
     484    1479.5654
     485    1465.4082
     486    1451.2779
     487    1438.0981
     488    1425.4242
     489    1412.1615
     490    1397.5441
     491    1381.8309
     492    1366.4143
     493    1353.4089
     494    1344.9994
     495    1342.8206
     496    1347.4958
     497    1358.3896
     498    1373.6409
     499    1390.5161
     500    1406.0289
     501    1417.6766
     502    1424.0903
     503    1425.4011
     504    1423.2021
     505    1420.0806
     506    1418.8144
     507    1421.4564
     508    1428.6033
     509    1439.1060
     510    1450.3721
     511    1459.2818
     512    1463.4987
     513    1462.6115
     514    1458.4652
     515    1454.4496
     516    1454.0802
     517    1459.4675
     518    1470.3001
     519    1483.7727
     520    1495.5307
     521    1501.3014
     522    1498.5909
     523    1487.7883
     524    1472.1824
     525    1456.8173
     526    1446.5866
     527    1444.3248
     528    1449.7070
     529    1459.3992
     530    1468.3495
     531    1471.6519
     532    1466.2921
     533    1452.2158
     534    1432.3640
     535    1411.6707
     536    1395.3744
     537    1387.2844
     538    1388.5981
     539    1397.6102
     540    1410.3722
     541    1422.1010
     542    1428.9077
     543    1429.2881
     544    1424.8636
     545    1420.0636
     546    1420.7417
     547    1432.0840
     548    1456.4768
     549    1492.1097
     550    1532.8855
     551    1569.7635
     552    1593.1718
     553    1595.7667
     554    1574.6712
     555    1532.4509
     556    1476.4814
     557    1416.8799
     558    1363.6625
     559    1324.0297
     560    1300.6202
     561    1291.2366
     562    1290.0838
     563    1290.0790
     564    1285.4665
     565    1273.9103
     566    1257.4563
     567    1242.1451
     568    1236.3482
     569    1247.9614
     570    1281.0087
     571    1333.2884
     572    1396.6495
     573    1459.5659
     574    1510.4790
     575    1540.8025
     576    1546.9216
     577    1530.7120
     578    1498.4720
     579    1458.6717
     580    1419.3359
     581    1385.9723
     582    1360.6870
     583    1342.6465
     584    1329.5073
     585    1319.1292
     586    1310.8658
     587    1305.9660
     588    1307.0331
     589    1316.8546
     590    1337.1205
     591    1367.5231
     592    1405.5766
     593    1447.2160
     594    1487.9151
     595    1523.8461
     596    1552.6019
     597    1573.2553
     598    1585.8419
     599    1590.6168
     600    1587.4855
     601    1575.9017
     602    1555.3054
     603    1525.9091
     604    1489.4536
     605    1449.5177
     606    1411.1359
     607    1379.7217
     608    1359.6255
     609    1352.8445
     610    1358.4471
     611    1373.0176
     612    1391.9325
     613    1410.8820
     614    1427.0327
     615    1439.4757
     616    1448.8997
     617    1456.6597
     618    1463.6342
     619    1469.3883
     620    1472.0607
     621    1469.0590
     622    1458.2719
     623    1439.2632
     624    1413.9343
     625    1386.3567
     626    1361.7727
     627    1345.0709
     628    1339.2205
     629    1344.1810
     630    1356.7495
     631    1371.5425
     632    1382.8551
     633    1386.6532
     634    1381.9119
     635    1370.8225
     636    1357.8345
     637    1347.8820
     638    1344.4451
     639    1348.1686
     640    1356.5797
     641    1365.0541
     642    1368.7062
     643    1364.5136
     644    1352.8212
     645    1337.5432
     646    1324.8737
     647    1320.9511
     648    1329.3918
     649    1349.7034
     650    1377.2289
     651    1404.6619
     652    1424.5703
     653    1431.9808
     654    1426.0635
     655    1410.2969
     656    1391.0336
     657    1374.9746
     658    1366.5474
     659    1366.2944
     660    1370.9529
     661    1375.1078
     662    1373.6650
     663    1364.1264
     664    1347.7754
     665    1329.3013
     666    1315.0722
     667    1310.7934
     668    1319.4213
     669    1340.0069
     670    1367.7728
     671    1395.3925
     672    1415.2323
     673    1421.9681
     674    1414.4948
     675    1396.1317
     676    1372.9582
     677    1351.0843
     678    1334.2037
     679    1322.5271
     680    1313.3406
     681    1302.6857
     682    1287.4205
     683    1266.9206
     684    1243.7750
     685    1223.1464
     686    1210.9487
     687    1211.5449
     688    1225.9794
     689    1251.5510
     690    1282.8529
     691    1313.7525
     692    1339.4941
     693    1358.1363
     694    1370.7625
     695    1380.3698
     696    1389.9173
     697    1400.5058
     698    1410.5985
     699    1416.5779
     700    1414.3085
     701    1401.0592
     702    1377.0791
     703    1346.1875
     704    1315.0152
     705    1291.0343
     706    1280.0286
     707    1283.9581
     708    1300.0973
     709    1321.8633
     710    1341.0716
     711    1350.8012
     712    1347.8301
     713    1333.7987
     714    1314.6849
     715    1298.7460
     716    1293.6149
     717    1303.5767
     718    1328.0176
     719    1361.6050
     720    1396.1460
     721    1423.4667
     722    1438.2970
     723    1440.1093
     724    1433.1916
     725    1424.8580
     726    1422.4166
     727    1430.0637
     728    1446.9674
     729    1467.3730
     730    1482.6733
     731    1484.6060
     732    1468.3782
     733    1434.6222
     734    1389.4868
     735    1342.7669
     736    1304.6944
     737    1282.5627
     738    1278.4413
     739    1288.8050
     740    1306.1729
     741    1322.1025
     742    1330.4084
     743    1329.4101
     744    1322.3748
     745    1315.9915
     746    1317.4671
     747    1331.3927
     748    1357.6516
     749    1391.1640
     750    1423.4860
     751    1445.6226
     752    1451.0373
     753    1437.7758
     754    1408.9402
     755    1371.4060
     756    1333.3473
     757    1301.5325
     758    1279.3726
     759    1266.3819
     760    1259.1667
     761    1253.4418
     762    1246.1941
     763    1237.1072
     764    1228.7161
     765    1225.3126
     766    1231.1042
     767    1248.4082
     768    1276.6273
     769    1312.3972
     770    1350.7866
     771    1386.9865
     772    1417.7693
     773    1442.1299
     774    1460.9011
     775    1475.5675
     776    1486.8529
     777    1493.7700
     778    1493.6403
     779    1483.1839
     780    1460.2842
     781    1425.6328
     782    1383.4075
     783    1340.5144
     784    1304.5520
     785    1281.2261
     786    1272.2395
     787    1274.6139
     788    1281.8863
     789    1286.8188
     790    1284.5436
     791    1274.8056
     792    1262.3444
     793    1255.2217
     794    1261.6924
     795    1286.7776
     796    1329.8411
     797    1384.1322
     798    1438.5381
     799    1480.9496
     800    1502.0373
     801    1498.1553
     802    1472.4366
     803    1433.7108
     804    1393.5681
     805    1362.5305
     806    1346.6956
     807    1346.0716
     808    1355.1575
     809    1365.4712
     810    1369.0212
     811    1361.4353
     812    1343.6464
     813    1321.5711
     814    1303.9284
     815    1298.9450
     816    1311.1190
     817    1339.2990
     818    1376.8978
     819    1414.1269
     820    1441.2747
     821    1451.7219
     822    1443.6556
     823    1420.0440
     824    1387.0931
     825    1351.9011
     826    1320.1809
     827    1294.8570
     828    1275.9734
     829    1261.7992
     830    1250.4906
     831    1241.4757
     832    1235.9503
     833    1236.3279
     834    1244.9541
     835    1262.6757
     836    1287.9372
     837    1316.8620
     838    1344.3664
     839    1365.8793
     840    1378.9371
     841    1383.9430
     842    1383.7471
     843    1382.2268
     844    1382.4548
     845    1385.2147
     846    1388.4908
     847    1388.1994
     848    1379.9779
     849    1361.3544
     850    1333.3483
     851    1300.6885
     852    1270.4643
     853    1249.7662
     854    1243.2385
     855    1251.3283
     856    1269.8020
     857    1290.8119
     858    1305.3361
     859    1306.2540
     860    1290.9714
     861    1262.6025
     862    1229.1956
     863    1201.2055
     864    1188.0605
     865    1195.0148
     866    1221.2865
     867    1260.0144
     868    1300.1159
     869    1329.8106
     870    1340.9052
     871    1332.1282
     872    1309.8915
     873    1286.0644
     874    1273.6699
     875    1282.1160
     876    1313.6399
     877    1362.1980
     878    1415.1768
     879    1457.3088
     880    1475.4464
     881    1462.6346
     882    1420.2298
     883    1357.4919
     884    1288.8514
     885    1229.7593
     886    1192.3994
     887    1182.5330
     888    1198.3603
     889    1231.6398
     890    1270.6046
     891    1303.7039
     892    1323.0195
     893    1326.3797
     894    1317.6250
     895    1305.0337
     896    1298.4646
     897    1306.0971
     898    1331.7022
     899    1373.2173
     900    1423.0695
     901    1470.2246
     902    1503.3531
     903    1514.0979
     904    1499.4185
     905    1462.3285
     906    1410.9107
     907    1356.0396
     908    1308.5619
     909    1276.6757
     910    1264.0589
     911    1269.1457
     912    1285.7471
     913    1304.9053
     914    1317.5468
     915    1317.2086
     916    1302.0496
     917    1275.5119
     918    1245.3849
     919    1221.4942
     920    1212.6470
     921    1223.7404
     922    1253.9375
     923    1296.5521
     924    1340.7773
     925    1374.8090
     926    1389.4426
     927    1381.0135
     928    1352.7002
     929    1313.6889
     930    1276.3961
     931    1252.5954
     932    1249.6910
     933    1268.3514
     934    1302.2183
     935    1339.6547
     936    1366.9760
     937    1372.4720
     938    1350.2493
     939    1302.5496
     940    1239.4966
     941    1176.2728
     942    1128.6436
     943    1108.2634
     944    1119.2329
     945    1156.9873
     946    1209.8596
     947    1262.8061
     948    1302.1011
     949    1319.4976
     950    1314.5412
     951    1294.3509
     952    1270.9798
     953    1257.2441
     954    1262.3527
     955    1288.7061
     956    1330.8631
     957    1377.0327
     958    1412.6927
     959    1425.2581
     960    1408.3331
     961    1364.1432
     962    1303.2794
     963    1241.7810
     964    1196.4383
     965    1179.7600
     966    1196.1533
     967    1240.5622
     968    1300.0613
     969    1357.9336
     970    1398.8779
     971    1413.6536
     972    1401.6975
     973    1370.9412
     974    1334.9410
     975    1308.2690
     976    1301.6645
     977    1318.5046
     978    1353.7248
     979    1395.5473
     980    1429.4610
     981    1443.1364
     982    1430.6255
     983    1394.4414
     984    1344.8628
     985    1296.7402
     986    1264.8684
     987    1259.3745
     988    1282.5257
     989    1327.9061
     990    1382.2250
     991    1429.2251
     992    1454.5259
     993    1449.9316
     994    1415.8671
     995    1361.1766
     996    1300.3278
     997    1248.9167
     998    1218.9143
     999    1215.1839
    1000    1234.4003
    1001    1266.3506
    1002    1297.8145
    1003    1316.8107
    1004    1316.5336
    1005    1297.4389
    1006    1266.8751
    1007    1236.4260
    1008    1217.8767
    1009    1219.1631
    1010    1241.6525
    1011    1279.6447
    1012    1322.2462
    1013    1356.9634
    1014    1373.8060
    1015    1368.5220
    1016    1343.8791
    1017    1308.5544
    1018    1274.0201
    1019    1250.5530
    1020    1243.8577
    1021    1253.4602
    1022    1273.2936
    1023    1294.1290
    1024    1306.9906
    1025    1306.3814
    1026    1292.1803
    1027    1269.5449
    1028    1246.9185
    1029    1232.9420
    1030    1233.4330
    1031    1249.4628
    1032    1277.0825
    1033    1308.6448
    1034    1335.2193
    1035    1349.3223
    1036    1347.1164
    1037    1329.4133
    1038    1301.2341
    1039    1270.1655
    1040    1244.1113
    1041    1229.1170
    1042    1227.8380
    1043    1239.0291
    1044    1258.1443
    1045    1278.8497
    1046    1294.9990
    1047    1302.5040
    1048    1300.5643
    1049    1291.9024
    1050    1281.9390
    1051    1277.1494
    1052    1283.0605
    1053    1302.4462
    1054    1334.2340
    1055    1373.4472
    1056    1412.2684
    1057    1442.0547
    1058    1455.8838
    1059    1450.9808
    1060    1430.1354
    1061    1401.0228
    1062    1373.0318
    1063    1353.4529
    1064    1345.7694
    1065    1349.8722
    1066    1362.3849
    1067    1377.0498
    1068    1386.0515
    1069    1382.3791
    1070    1362.4171
    1071    1327.6981
    1072    1285.0170
    1073    1244.7086
    1074    1217.5886
    1075    1211.5337
    1076    1228.8110
    1077    1265.0496
    1078    1310.2522
    1079    1351.5967
    1080    1377.1756
    1081    1379.5091
    1082    1357.7263
    1083    1317.7077
    1084    1270.1287
    1085    1227.0216
    1086    1197.9917
    1087    1187.3394
    1088    1193.0210
    1089    1207.7512
    1090    1221.8185
    1091    1226.6402
    1092    1217.8632
    1093    1196.9636
    1094    1170.7802
    1095    1149.1431
    1096    1141.5341
    1097    1154.0169
    1098    1187.3409
    1099    1236.5354
    1100    1291.9381
    1101    1341.4499
    1102    1373.6041
    1103    1380.7391
    1104    1361.3029
    1105    1320.4517
    1106    1268.6684
    1107    1218.8178
    1108    1182.5660
    1109    1167.2359
    1110    1173.9822
    1111    1197.7860
    1112    1229.2428
    1113    1257.6159
    1114    1274.2261
    1115    1275.1048
    1116    1262.0777
    1117    1241.9798
    1118    1224.2751
    1119    1217.7861
    1120    1227.5510
    1121    1252.8702
    1122    1287.2921
    1123    1320.6207
    1124    1342.3204
    1125    1345.1704
    1126    1327.8904
    1127    1295.7610
    1128    1258.9603
    1129    1229.1707
    1130    1215.6609
    1131    1222.2256
    1132    1246.0099
    1133    1278.5355
    1134    1308.4902
    1135    1325.3037
    1136    1322.3779
    1137    1298.9757
    1138    1260.2289
    1139    1215.3438
    1140    1174.6602
    1141    1146.5623
    1142    1135.2256
    1143    1139.8355
    1144    1155.3952
    1145    1174.7174
    1146    1190.8769
    1147    1199.3200
    1148    1199.0162
    1149    1192.4105
    1150    1184.3307
    1151    1180.2858
    1152    1184.6730
    1153    1199.3751
    1154    1223.0836
    1155    1251.5021
    1156    1278.3833
    1157    1297.1035
    1158    1302.3246
    1159    1291.3708
    1160    1265.1270
    1161    1228.2616
    1162    1188.4857
    1163    1154.8076
    1164    1135.2324
    1165    1134.6235
    1166    1153.3953
    1167    1187.4305
    1168    1229.2394
    1169    1270.0211
    1170    1302.0566
    1171    1320.7538
    1172    1325.7379
    1173    1320.6220
    1174    1311.4851
    1175    1304.5561
    1176    1303.9042
    1177    1309.9606
    1178    1319.3834
    1179    1326.3037
    1180    1324.5243
    1181    1309.9134
    1182    1282.1571
    1183    1245.2345
    1184    1206.4422
    1185    1174.3138
    1186    1156.1535
    1187    1155.9658
    1188    1173.3837
    1189    1203.8543
    1190    1239.9950
    1191    1273.7254
    1192    1298.5213
    1193    1311.0453
    1194    1311.6078
    1195    1303.3762
    1196    1290.7510
    1197    1277.6138
    1198    1266.1108
    1199    1256.3519
    1200    1246.9895
    1201    1236.2930
    1202    1223.1971
    1203    1207.8989
    1204    1191.8669
    1205    1177.3828
    1206    1166.8297
    1207    1161.9619
    1208    1163.3673
    1209    1170.2863
    1210    1180.8358
    1211    1192.5419
    1212    1202.9886
    1213    1210.3669
    1214    1213.7902
    1215    1213.3365
    1216    1209.8761
    1217    1204.7840
    1218    1199.6386
    1219    1195.9596
    1220    1195.0038
    1221    1197.6002
    1222    1203.9962
    1223    1213.7130
    1224    1225.4704
    1225    1237.2763
    1226    1246.7598
    1227    1251.7470
    1228    1250.9585
    1229    1244.5674
    1230    1234.3146
    1231    1223.0270
    1232    1213.6882
    1233    1208.4150
    1234    1207.7321
    1235    1210.4261
    1236    1214.0652
    1237    1216.0200
    1238    1214.6106
    1239    1209.9137
    1240    1203.8734
    1241    1199.6448
    1242    1200.4440
    1243    1208.3717
    1244    1223.5738
    1245    1243.9218
    1246    1265.2967
    1247    1282.4566
    1248    1290.3192
    1249    1285.3336
    1250    1266.5436
    1251    1236.0135
    1252    1198.4769
    1253    1160.2889
    1254    1127.9565
    1255    1106.6349
    1256    1098.9910
    1257    1104.7328
    1258    1120.9236
    1259    1142.9663
    1260    1165.9573
    1261    1186.0016
    1262    1201.1100
    1263    1211.4435
    1264    1218.8712
    1265    1226.0243
    1266    1235.1524
    1267    1247.1633
    1268    1261.1556
    1269    1274.6145
    1270    1284.2129
    1271    1286.9578
    1272    1281.2959
    1273    1267.8211
    1274    1249.3550
    1275    1230.3638
    1276    1215.8813
    1277    1210.2307
    1278    1215.9101
    1279    1232.9249
    1280    1258.7299
    1281    1288.7830
    1282    1317.5658
    1283    1339.8194
    1284    1351.6921
    1285    1351.5352
    1286    1340.1429
    1287    1320.3905
    1288    1296.3608
    1289    1272.2055
    1290    1251.0646
    1291    1234.3547
    1292    1221.6073
    1293    1210.8822
    1294    1199.6222
    1295    1185.7051
    1296    1168.4036
    1297    1148.9693
    1298    1130.6139
    1299    1117.7735
    1300    1114.7588
    1301    1124.1402
    1302    1145.4310
    1303    1174.6172
    1304    1204.8404
    1305    1228.1431
    1306    1237.7794
    1307    1230.3464
    1308    1206.9705
    1309    1173.1032
    1310    1136.9513
    1311    1107.0458
    1312    1089.7252
    1313    1087.3329
    1314    1097.6980
    1315    1115.0875
    1316    1132.3780
    1317    1143.7289
    1318    1146.7462
    1319    1143.2593
    1320    1138.4044
    1321    1138.4357
    1322    1148.1789
    1323    1169.1035
    1324    1198.6770
    1325    1231.2137
    1326    1259.8922
    1327    1279.1446
    1328    1286.4674
    1329    1283.0117
    1330    1272.8392
    1331    1261.2472
    1332    1252.8670
    1333    1250.2374
    1334    1253.2950
    1335    1259.8230
    1336    1266.5475
    1337    1270.3618
    1338    1269.2012
    1339    1262.3519
    1340    1250.2897
    1341    1234.3337
    1342    1216.3490
    1343    1198.5753
    1344    1183.4915
    1345    1173.5831
    1346    1170.8832
    1347    1176.3207
    1348    1189.0968
    1349    1206.4321
    1350    1223.9460
    1351    1236.7141
    1352    1240.7477
    1353    1234.4212
    1354    1219.2783
    1355    1199.8277
    1356    1182.2643
    1357    1172.4495
    1358    1173.7631
    1359    1185.5831
    1360    1203.0223
    1361    1218.2261
    1362    1223.0258
    1363    1212.1529
    1364    1185.8172
    1365    1150.5167
    1366    1117.5282
    1367    1099.3738
    1368    1105.4084
    1369    1138.1196
    1370    1191.5700
    1371    1252.7556
    1372    1305.6477
    1373    1336.5638
    1374    1338.8660
    1375    1315.2007
    1376    1276.4241
    1377    1237.5631
    1378    1212.2494
    1379    1207.6319
    1380    1221.6809
    1381    1244.0075
    1382    1260.0371
    1383    1257.0811
    1384    1230.0175
    1385    1184.0186
    1386    1132.4311
    1387    1090.7529
    1388    1070.7963
    1389    1077.5041
    1390    1107.7611
    1391    1151.0987
    1392    1192.8528
    1393    1219.1256
    1394    1221.7106
    1395    1201.0737
    1396    1166.2702
    1397    1131.8211
    1398    1112.5965
    1399    1118.4150
    1400    1150.3048
    1401    1199.9750
    1402    1252.8153
    1403    1293.2473
    1404    1310.4211
    1405    1302.2584
    1406    1276.3931
    1407    1247.3066
    1408    1230.1975
    1409    1234.2900
    1410    1259.2050
    1411    1295.6008
    1412    1328.8322
    1413    1344.2088
    1414    1332.4202
    1415    1293.3263
    1416    1236.5231
    1417    1178.1521
    1418    1134.9980
    1419    1118.3124
    1420    1129.9266
    1421    1161.9816
    1422    1200.0947
    1423    1228.6767
    1424    1236.5278
    1425    1220.7772
    1426    1187.8195
    1427    1150.8986
    1428    1125.1813
    1429    1122.0567
    1430    1144.7320
    1431    1186.7592
    1432    1234.1024
    1433    1270.0635
    1434    1281.3044
    1435    1262.7582
    1436    1219.5882
    1437    1165.4532
    1438    1117.6978
    1439    1091.2332
    1440    1093.3503
    1441    1121.3423
    1442    1163.7715
    1443    1204.8409
    1444    1230.1874
    1445    1231.9150
    1446    1211.0903
    1447    1176.9075
    1448    1142.9457
    1449    1121.9485
    1450    1121.0799
    1451    1139.4235
    1452    1168.6314
    1453    1196.3808
    1454    1211.1839
    1455    1206.6469
    1456    1183.5818
    1457    1149.2980
    1458    1114.4899
    1459    1089.0517
    1460    1078.5198
    1461    1082.5218
    1462    1095.7173
    1463    1110.6613
    1464    1121.2337
    1465    1125.1650
    1466    1124.6722
    1467    1125.0516
    1468    1131.9148
    1469    1148.2888
    1470    1172.8378
    1471    1199.9922
    1472    1221.9841
    1473    1231.9695
    1474    1226.9312
    1475    1209.1177
    1476    1185.3480
    1477    1164.4193
    1478    1153.6699
    1479    1156.0801
    1480    1169.0750
    1481    1185.5372
    1482    1196.6951
    1483    1195.7541
    1484    1180.7955
    1485    1155.7713
    1486    1129.2156
    1487    1111.1723
    1488    1109.4772
    1489    1126.7745
    1490    1159.3883
    1491    1198.5097
    1492    1233.2932
    1493    1254.6998
    1494    1258.6088
    1495    1246.9984
    1496    1226.7580
    1497    1206.6958
    1498    1194.0055
    1499    1191.6423
    1500    1197.5838
    1501    1206.2157
    1502    1211.1975
    1503    1208.4864
    1504    1198.2006
    1505    1184.6035
    1506    1174.3408
    1507    1173.7121
    1508    1186.0805
    1509    1210.4135
    1510    1241.4759
    1511    1271.5561
    1512    1293.0463
    1513    1300.8957
    1514    1294.0298
    1515    1275.2506
    1516    1249.7697
    1517    1223.0648
    1518    1199.0062
    1519    1178.9818
    1520    1162.2906
    1521    1147.4478
    1522    1133.6435
    1523    1121.6227
    1524    1113.6229
    1525    1112.4629
    1526    1120.2227
    1527    1137.1295
    1528    1161.1840
    1529    1188.7206
    1530    1215.6509
    1531    1238.8099
    1532    1256.8043
    1533    1270.0022
    1534    1279.7009
    1535    1286.9038
    1536    1291.3223
    1537    1291.1096
    1538    1283.5258
    1539    1266.3163
    1540    1239.2318
    1541    1204.9899
    1542    1169.1658
    1543    1138.9202
    1544    1120.9115
    1545    1119.1206
    1546    1133.4066
    1547    1159.3890
    1548    1189.7116
    1549    1216.2658
    1550    1232.6157
    1551    1235.8064
    1552    1226.9561
    1553    1210.4831
    1554    1192.3378
    1555    1177.9556
    1556    1170.6445
    1557    1170.8890
    1558    1176.6737
    1559    1184.5735
    1560    1191.1513
    1561    1194.1883
    1562    1193.4030
    1563    1190.5063
    1564    1188.6149
    1565    1191.2483
    1566    1201.2460
    1567    1219.9243
    1568    1246.6381
    1569    1278.7499
    1570    1311.9453
    1571    1340.8563
    1572    1359.9606
    1573    1364.6718
    1574    1352.4651
    1575    1323.7839
    1576    1282.4355
    1577    1235.2123
    1578    1190.6178
    1579    1156.8562
    1580    1139.5779
    1581    1140.0858
    1582    1154.6963
    1583    1175.6355
    1584    1193.3328
    1585    1199.4587
    1586    1189.7286
    1587    1165.5236
    1588    1133.7150
    1589    1104.6387
    1590    1088.7819
    1591    1093.2138
    1592    1118.9745
    1593    1160.3895
    1594    1206.6610
    1595    1245.2928
    1596    1266.2269
    1597    1265.2516
    1598    1245.4480
    1599    1216.1395
    1600    1189.7042
    1601    1177.3290
    1602    1185.1374
    1603    1211.9999
    1604    1249.7714
    1605    1285.8661
    1606    1307.3079
    1607    1304.9408
    1608    1276.4574
    1609    1227.2900
    1610    1169.0639
    1611    1116.0807
    1612    1080.9236
    1613    1070.5919
    1614    1084.4180
    1615    1114.4527
    1616    1148.1842
    1617    1172.6901
    1618    1178.8729
    1619    1164.4011
    1620    1134.4069
    1621    1099.7187
    1622    1073.2126
    1623    1065.4858
    1624    1081.2514
    1625    1117.5825
    1626    1164.5584
    1627    1208.1487
    1628    1234.5123
    1629    1234.4093
    1630    1206.2974
    1631    1157.0420
    1632    1099.9562
    1633    1050.7745
    1634    1022.8275
    1635    1022.9604
    1636    1049.5349
    1637    1093.2277
    1638    1140.3742
    1639    1177.6713
    1640    1196.5789
    1641    1195.9126
    1642    1181.7939
    1643    1165.0345
    1644    1156.9301
    1645    1164.9777
    1646    1190.0349
    1647    1225.8821
    1648    1261.3145
    1649    1284.0348
    1650    1285.0251
    1651    1261.8939
    1652    1220.0233
    1653    1171.0657
    1654    1129.2909
    1655    1107.0375
    1656    1110.8161
    1657    1139.3556
    1658    1184.2082
    1659    1232.6773
    1660    1272.0440
    1661    1293.6235
    1662    1295.2705
    1663    1281.5254
    1664    1261.4511
    1665    1245.0151
    1666    1239.3598
    1667    1246.2893
    1668    1261.8180
    1669    1277.8491
    1670    1285.2743
    1671    1277.3424
    1672    1252.1312
    1673    1213.3226
    1674    1169.0653
    1675    1129.3322
    1676    1102.6962
    1677    1093.6334
    1678    1101.2714
    1679    1119.9697
    1680    1141.4624
    1681    1157.7522
    1682    1163.7256
    1683    1158.6158
    1684    1145.8877
    1685    1131.6958
    1686    1122.5348
    1687    1122.9477
    1688    1134.0792
    1689    1153.5330
    1690    1176.4928
    1691    1197.5960
    1692    1212.8039
    1693    1220.6045
    1694    1222.1977
    1695    1220.6806
    1696    1219.5880
    1697    1221.3493
    1698    1226.2486
    1699    1232.2826
    1700    1235.9594
    1701    1233.6784
    1702    1223.1215
    1703    1204.1285
    1704    1178.7865
    1705    1150.7672
    1706    1124.2055
    1707    1102.5501
    1708    1087.7959
    1709    1080.3345
    1710    1079.3833
    1711    1083.7072
    1712    1092.2476
    1713    1104.3507
    1714    1119.5345
    1715    1136.9945
    1716    1155.1860
    1717    1171.8033
    1718    1184.2798
    1719    1190.6736
    1720    1190.5774
    1721    1185.6218
    1722    1179.2458
    1723    1175.6970
    1724    1178.5520
    1725    1189.2824
    1726    1206.4501
    1727    1225.9362
    1728    1242.2509
    1729    1250.5139
    1730    1248.3717
    1731    1237.0761
    1732    1221.2350
    1733    1207.2178
    1734    1200.7163
    1735    1204.3667
    1736    1216.3934
    1737    1230.9157
    1738    1239.9097
    1739    1236.1727
    1740    1216.1988
    1741    1181.8573
    1742    1140.1934
    1743    1101.3519
    1744    1075.3225
    1745    1068.6644
    1746    1082.3841
    1747    1111.7311
    1748    1147.9692
    1749    1181.4514
    1750    1204.8657
    1751    1215.4797
    1752    1215.5910
    1753    1211.0694
    1754    1208.5899
    1755    1212.6580
    1756    1223.6063
    1757    1237.3622
    1758    1247.0744
    1759    1245.9614
    1760    1230.2279
    1761    1200.8821
    1762    1163.7291
    1763    1127.5433
    1764    1101.1058
    1765    1090.1929
    1766    1095.6407
    1767    1113.2044
    1768    1135.2606
    1769    1153.6780
    1770    1162.7129
    1771    1160.8087
    1772    1150.6303
    1773    1137.4142
    1774    1126.4032
    1775    1120.5042
    1776    1119.1725
    1777    1118.9501
    1778    1115.3657
    1779    1105.3348
    1780    1089.0250
    1781    1070.3826
    1782    1056.0739
    1783    1053.2103
    1784    1066.6955
    1785    1097.1982
    1786    1140.5664
    1787    1188.9704
    1788    1233.3871
    1789    1266.4871
    1790    1284.8296
    1791    1289.5510
    1792    1285.3206
    1793    1278.0015
    1794    1271.9869
    1795    1268.3142
    1796    1264.3221
    1797    1254.9652
    1798    1235.2386
    1799    1202.7454
    1800    1159.3804
    1801    1111.4439
    1802    1068.0777
    1803    1038.5350
    1804    1029.2364
    1805    1041.6571
    1806    1071.7952
    1807    1111.3850
    1808    1150.4179
    1809    1180.2008
    1810    1196.0436
    1811    1198.6243
    1812    1193.3849
    1813    1188.1107
    1814    1189.6383
    1815    1200.9810
    1816    1219.9794
    1817    1240.0203
    1818    1252.5924
    1819    1250.7415
    1820    1232.0971
    1821    1200.2803
    1822    1164.1028
    1823    1134.7938
    1824    1122.2161
    1825    1131.3937
    1826    1160.5808
    1827    1201.5844
    1828    1242.2401
    1829    1270.1982
    1830    1276.7827
    1831    1259.6939
    1832    1223.6851
    1833    1178.9450
    1834    1137.6864
    1835    1110.0857
    1836    1100.9665
    1837    1108.3834
    1838    1124.6211
    1839    1139.2807
    1840    1143.3497
    1841    1132.7441
    1842    1109.9730
    1843    1083.3023
    1844    1063.7424
    1845    1060.9286
    1846    1079.3750
    1847    1116.5442
    1848    1163.5434
    1849    1208.1337
    1850    1238.8128
    1851    1248.4709
    1852    1236.4612
    1853    1208.4940
    1854    1174.4425
    1855    1144.8235
    1856    1127.2518
    1857    1124.2112
    1858    1132.8755
    1859    1146.8115
    1860    1158.7422
    1861    1163.3206
    1862    1158.9824
    1863    1148.2875
    1864    1136.6437
    1865    1129.8903
    1866    1131.7535
    1867    1142.3395
    1868    1158.2620
    1869    1174.1075
    1870    1184.4622
    1871    1185.7616
    1872    1177.4142
    1873    1161.8966
    1874    1143.8346
    1875    1128.4178
    1876    1119.7406
    1877    1119.6744
    1878    1127.6354
    1879    1141.2349
    1880    1157.4587
    1881    1173.8788
    1882    1189.4422
    1883    1204.5725
    1884    1220.5766
    1885    1238.5923
    1886    1258.5107
    1887    1278.3825
    1888    1294.6762
    1889    1303.3369
    1890    1301.1860
    1891    1287.0809
    1892    1262.4492
    1893    1231.0510
    1894    1198.0786
    1895    1168.8800
    1896    1147.6967
    1897    1136.7732
    1898    1136.0746
    1899    1143.6515
    1900    1156.4926
    1901    1171.5530
    1902    1186.5735
    1903    1200.4082
    1904    1212.8131
    1905    1223.9071
    1906    1233.6145
    1907    1241.3535
    1908    1246.0895
    1909    1246.6978
    1910    1242.4593
    1911    1233.4581
    1912    1220.7008
    1913    1205.8957
    1914    1190.9830
    1915    1177.6224
    1916    1166.8316
    1917    1158.9079
    1918    1153.6380
    1919    1150.6730
    1920    1149.8569
    1921    1151.3205
    1922    1155.2693
    1923    1161.5609
    1924    1169.3091
    1925    1176.7610
    1926    1181.5760
    1927    1181.4523
    1928    1174.9045
    1929    1161.9195
    1930    1144.2367
    1931    1125.0791
    1932    1108.3442
    1933    1097.4772
    1934    1094.4413
    1935    1099.1902
    1936    1109.8510
    1937    1123.5210
    1938    1137.3442
    1939    1149.4628
    1940    1159.5337
    1941    1168.6527
    1942    1178.7066
    1943    1191.3552
    1944    1207.0128
    1945    1224.2525
    1946    1239.9141
    1947    1249.9543
    1948    1250.7644
    1949    1240.5012
    1950    1219.9346
    1951    1192.4706
    1952    1163.2895
    1953    1137.8653
    1954    1120.4012
    1955    1112.8333
    1956    1114.8771
    1957    1124.9196
    1958    1140.6501
    1959    1158.7560
    1960    1175.2111
    1961    1187.1938
    1962    1194.5392
    1963    1199.1599
    1964    1203.3162
    1965    1208.0796
    1966    1212.6987
    1967    1214.9921
    1968    1212.4884
    1969    1203.7679
    1970    1189.4043
    1971    1172.0970
    1972    1155.9042
    1973    1144.8731
    1974    1141.6071
    1975    1146.3275
    1976    1156.8026
    1977    1169.1752
    1978    1179.3365
    1979    1184.2682
    1980    1182.8650
    1981    1176.1255
    1982    1166.8398
    1983    1158.8148
    1984    1155.6596
    1985    1159.4130
    1986    1169.5758
    1987    1183.0431
    1988    1195.0795
    1989    1201.0428
    1990    1198.2316
    1991    1187.1268
    1992    1171.5078
    1993    1157.3142
    1994    1150.6249
    1995    1155.4612
    1996    1172.2030
    1997    1197.1768
    1998    1223.5800
    1999    1243.4752
    2000    1250.2732
