#Frame              T
       1    1248.5602
       2    1217.9717
       3    1111.7438
       4    1080.9878
       5    1122.4395
       6    1098.1617
       7    1048.5221
       8    1060.3484
       9    1114.5099
      10    1093.5538
      11    1037.0400
      12     970.9982
      13     958.4120
      14    1043.5625
      15     983.0070
      16     952.1905
      17     957.3488
      18    1008.6302
      19    1063.0985
      20     869.5671
      21     922.7006
      22     823.6429
      23     885.0877
      24     860.2135
      25     827.5683
      26     757.5205
      27     868.8206
      28     887.9707
      29     919.1552
      30     839.3015
      31     874.0561
      32     756.8300
      33     811.8988
      34     776.6219
      35     715.9700
      36     784.4206
      37     721.2904
      38     782.1004
      39     797.6049
      40     795.3475
      41     815.4315
      42     776.2487
      43     792.9874
      44     835.3524
      45     751.6866
      46     775.3840
      47     742.4667
      48     691.3634
      49     715.5315
      50     766.7867
      51     685.9377
      52     730.7418
      53     644.2202
      54     688.2685
      55     656.9846
      56     724.1856
      57     721.1735
      58     686.0743
      59     667.8597
      60     744.7602
      61     700.3392
      62     658.7472
      63     688.7654
      64     721.8137
      65     688.4188
      66     665.8603
      67     614.7655
      68     645.2207
      69     590.9570
      70     615.9276
      71     663.8897
      72     652.3206
      73     620.1007
      74     660.3255
      75     604.4428
      76     675.4850
      77     668.6405
      78     590.3155
      79     598.9938
      80     592.8460
      81     617.4746
      82     626.0644
      83     625.5854
      84     614.5086
      85     645.1582
      86     657.1473
      87     559.3896
      88     603.0048
      89     547.4739
      90     566.2690
      91     554.8106
      92     633.5709
      93     593.7937
      94     565.9442
      95     545.2475
      96     620.4194
      97     604.9181
      98     603.1114
      99     534.2270
     100     556.8315
     101     525.3271
     102     547.8818
     103     552.9190
     104     580.8110
     105     573.7523
     106     552.7519
     107     542.0092
     108     514.9346
     109     505.8654
     110     552.4715
     111     533.8943
     112     619.8795
     113     505.1268
     114     505.5953
     115     488.6692
     116     490.2382
     117     557.0237
     118     514.3738
     119     605.3981
     120     529.9049
     121     495.5791
     122     550.6176
     123     524.0456
     124     505.3240
     125     523.1401
     126     556.2981
     127     540.1271
     128     516.4388
     129     518.0322
     130     526.2594
     131     549.3014
     132     472.0146
     133     464.7233
     134     504.0859
     135     438.3017
     136     497.3122
     137     451.2943
     138     460.7272
     139     497.6517
     140     484.5303
     141     475.7902
     142     479.9073
     143     447.6572
     144     493.0752
     145     419.3035
     146     430.3627
     147     476.3570
     148     445.0799
     149     445.0093
     150     490.9326
     151     479.2031
     152     462.2210
     153     452.2028
     154     469.3760
     155     467.8152
     156     493.2211
     157     444.8510
     158     487.2562
     159     460.2809
     160     484.8061
     161     474.6237
     162     457.8524
     163     455.3674
     164     441.0656
     165     493.5268
     166     457.8754
     167     505.1986
     168     429.6440
     169     455.1104
     170     435.0516
     171     475.3102
     172     460.0113
     173     459.2219
     174     467.0061
     175     479.6002
     176     440.0579
     177     451.8196
     178     496.3644
     179     448.3968
     180     475.4417
     181     466.2551
     182     477.7867
     183     408.1861
     184     449.5092
     185     464.8059
     186     455.9665
     187     452.8891
     188     500.8697
     189     466.0209
     190     513.4677
     191     476.2668
     192     466.5846
     193     460.2733
     194     479.2892
     195     435.0051
     196     460.8875
     197     465.8953
     198     451.6421
     199     363.7712
     200     431.4583
     201     450.6515
     202     415.2151
     203     458.3244
     204     443.1631
     205     477.2803
     206     444.2904
     207     484.0038
     208     443.0901
     209     430.6298
     210     447.2169
     211     434.3024
     212     436.5665
     213     434.6256
     214     453.1371
     215     427.6985
     216     425.3332
     217     423.2859
     218     397.7050
     219     440.6318
     220     448.5726
     221     436.6810
     222     419.5332
     223     396.8739
     224     451.6190
     225     437.7811
     226     385.3068
     227     391.1184
     228     371.8399
     229     385.1184
     230     420.2207
     231     428.8903
     232     400.9114
     233     413.1895
     234     441.6429
     235     433.0474
     236     412.3432
     237     425.7327
     238     406.7928
     239     392.9018
     240     430.4607
     241     447.2240
     242     417.0660
     243     403.2580
     244     414.9410
     245     448.0473
     246     412.3791
     247     398.2552
     248     431.4424
     249     402.1717
     250     413.0087
     251     480.5501
     252     463.1793
     253     413.4136
     254     416.6612
     255     393.5675
     256     418.8003
     257     388.3248
     258     394.2199
     259     388.6555
     260     435.8778
     261     427.2207
     262     429.6889
     263     448.5174
     264     415.2122
     265     435.8450
     266     447.7402
     267     450.3775
     268     417.0953
     269     406.1487
     270     403.2524
     271     387.4138
     272     417.7526
     273     415.4766
     274     350.4849
     275     388.7164
     276     395.7014
     277     433.2589
     278     383.4679
     279     413.3909
     280     440.0199
     281     436.9180
     282     426.1943
     283     458.3876
     284     407.2746
     285     426.2486
     286     461.5533
     287     416.4835
     288     433.9712
     289     411.3733
     290     388.2520
     291     434.7951
     292     426.2306
     293     413.7796
     294     427.4223
     295     411.1636
     296     442.3687
     297     449.5952
     298     390.0968
     299     398.7139
     300     435.5303
     301     424.1884
     302     411.4808
     303     426.1374
     304     391.6328
     305     416.1685
     306     405.2561
     307     408.6959
     308     430.7420
     309     425.0710
     310     419.6042
     311     375.9688
     312     401.0801
     313     370.3977
     314     406.5709
     315     373.9172
     316     408.7265
     317     408.9111
     318     390.1393
     319     375.2892
     320     398.4489
     321     397.3586
     322     414.6778
     323     404.0821
     324     387.1697
     325     385.2302
     326     389.2779
     327     403.7602
     328     416.5657
     329     381.4802
     330     407.3868
     331     375.0129
     332     417.9364
     333     371.2312
     334     390.5999
     335     390.5269
     336     411.3061
     337     407.6334
     338     396.6398
     339     411.5947
     340     394.9108
     341     384.2814
     342     412.6354
     343     406.0647
     344     407.0583
     345     357.1895
     346     361.9692
     347     399.0600
     348     417.2010
     349     405.1211
     350     396.9553
     351     424.8503
     352     364.7503
     353     398.7957
     354     416.2259
     355     395.6885
     356     386.8583
     357     378.5304
     358     398.2078
     359     415.2759
     360     428.8975
     361     384.9780
     362     387.7870
     363     383.9468
     364     401.2588
     365     395.5892
     366     403.9785
     367     383.1696
     368     367.2596
     369     396.1971
     370     402.8155
     371     385.8034
     372     385.6645
     373     373.0334
     374     399.9770
     375     434.0423
     376     367.1799
     377     412.8446
     378     401.1561
     379     380.2369
     380     385.4982
     381     347.7175
     382     368.1315
     383     413.6465
     384     387.7525
     385     359.8127
     386     348.0774
     387     333.2832
     388     389.0580
     389     348.5786
     390     388.2769
     391     352.8352
     392     343.5458
     393     377.8414
     394     375.0284
     395     355.0939
     396     353.4807
     397     347.5415
     398     346.6135
     399     349.4226
     400     366.1337
