#Frame              T
       1    1213.7273
       2    1190.7113
       3    1206.0296
       4    1154.6338
       5    1130.8714
       6    1251.9517
       7    1183.1600
       8    1253.6238
       9    1096.4632
      10    1131.9513
      11    1093.0155
      12    1049.0223
      13    1130.8606
      14     988.1656
      15    1200.5982
      16     970.2127
      17     998.3152
      18    1018.6843
      19    1008.2865
      20    1008.3681
      21    1008.0382
      22     948.8411
      23    1006.3817
      24     961.1352
      25     939.9410
      26     977.5923
      27     962.9000
      28     989.2552
      29     979.0359
      30     942.9647
      31    1013.5983
      32     898.6207
      33     958.1946
      34     843.2098
      35     909.1126
      36     858.6060
      37     860.3889
      38     878.3975
      39     865.9250
      40     934.2482
      41     977.9343
      42     909.7021
      43     917.9732
      44     847.7927
      45     809.7763
      46     854.0237
      47     844.8987
      48     868.4185
      49     844.5941
      50     877.8110
      51     916.7137
      52     827.5510
      53     828.0819
      54     879.4166
      55     793.5011
      56     795.0970
      57     812.6348
      58     815.7464
      59     842.1775
      60     770.8866
      61     873.9596
      62     736.7435
      63     685.4525
      64     720.5481
      65     760.8100
      66     795.3638
      67     691.7979
      68     710.3796
      69     708.0249
      70     652.7651
      71     676.6541
      72     607.4251
      73     615.5276
      74     726.1816
      75     752.3787
      76     700.3323
      77     670.5316
      78     685.4568
      79     735.7412
      80     715.9988
      81     715.4511
      82     651.4799
      83     688.6882
      84     642.6270
      85     680.6318
      86     650.7672
      87     639.9008
      88     658.2528
      89     629.0528
      90     630.0728
      91     665.9538
      92     680.5098
      93     677.2964
      94     672.7895
      95     594.6767
      96     650.0641
      97     624.1615
      98     622.6594
      99     697.1096
     100     637.3465
     101     673.6696
     102     655.4887
     103     637.2858
     104     679.5100
     105     670.2212
     106     639.9214
     107     580.7287
     108     682.1801
     109     632.7397
     110     629.7118
     111     634.1877
     112     665.1599
     113     584.8581
     114     561.7814
     115     612.3827
     116     581.0414
     117     643.2094
     118     607.2265
     119     600.8834
     120     587.8726
     121     587.5244
     122     554.2098
     123     574.3711
     124     637.2335
     125     597.2880
     126     627.4708
     127     610.1823
     128     582.0133
     129     605.7954
     130     632.1933
     131     590.7612
     132     545.8433
     133     568.2519
     134     551.8517
     135     593.7377
     136     549.6808
     137     526.5005
     138     567.1810
     139     519.0000
     140     570.9689
     141     573.6378
     142     540.0311
     143     525.8391
     144     529.8876
     145     557.0917
     146     567.6553
     147     537.5683
     148     486.9146
     149     586.7995
     150     476.7837
     151     519.4968
     152     538.0977
     153     541.9613
     154     493.9501
     155     524.9389
     156     489.4143
     157     496.4386
     158     500.9580
     159     488.7076
     160     465.4578
     161     499.8258
     162     516.6175
     163     497.4294
     164     497.3680
     165     480.6121
     166     493.8320
     167     489.0012
     168     458.7188
     169     548.7457
     170     463.0659
     171     473.1384
     172     471.5748
     173     498.8327
     174     488.8658
     175     484.2924
     176     494.5408
     177     520.7953
     178     517.0118
     179     465.2361
     180     473.7746
     181     463.3800
     182     489.5447
     183     476.4823
     184     469.5433
     185     451.0021
     186     455.2103
     187     452.7073
     188     459.0320
     189     463.3988
     190     461.1515
     191     445.4514
     192     448.8029
     193     449.6266
     194     402.5829
     195     427.7054
     196     450.6136
     197     431.8506
     198     440.3608
     199     439.0294
     200     469.5231
     201     455.1539
     202     470.3386
     203     458.9719
     204     428.3271
     205     474.5755
     206     446.5753
     207     442.4150
     208     485.3873
     209     403.0659
     210     438.2838
     211     414.8365
     212     441.6505
     213     455.5065
     214     424.1777
     215     449.4667
     216     418.6960
     217     485.5292
     218     439.0355
     219     471.1552
     220     407.7080
     221     451.8958
     222     412.0572
     223     475.0234
     224     401.5899
     225     402.9124
     226     401.9466
     227     422.5866
     228     420.1065
     229     409.1693
     230     388.9641
     231     433.9236
     232     405.1753
     233     397.2425
     234     470.5982
     235     411.1009
     236     414.1761
     237     403.8422
     238     438.0667
     239     410.9569
     240     400.4628
     241     442.9803
     242     432.0121
     243     453.7833
     244     406.0190
     245     429.5636
     246     392.4226
     247     423.8024
     248     397.8177
     249     408.2203
     250     406.1272
     251     400.1109
     252     433.3260
     253     429.4175
     254     415.4090
     255     429.8805
     256     415.1751
     257     387.9449
     258     386.8678
     259     396.3784
     260     388.9251
     261     422.9808
     262     402.3864
     263     404.2803
     264     393.0547
     265     347.1288
     266     385.9417
     267     412.1917
     268     393.8031
     269     400.0112
     270     365.5132
     271     365.1188
     272     390.5093
     273     379.3644
     274     379.5299
     275     343.0164
     276     364.0164
     277     354.1006
     278     376.5528
     279     347.1703
     280     385.7895
     281     388.9899
     282     377.6097
     283     369.9948
     284     392.3924
     285     361.5154
     286     415.5410
     287     367.9135
     288     403.6060
     289     416.8433
     290     399.7694
     291     396.7742
     292     395.2729
     293     392.8742
     294     394.4552
     295     371.1082
     296     376.8428
     297     362.2039
     298     349.6536
     299     399.8015
     300     375.2540
     301     378.3538
     302     382.9432
     303     401.1622
     304     385.9023
     305     364.8322
     306     400.1999
     307     360.5553
     308     399.0309
     309     406.3950
     310     376.3241
     311     373.0909
     312     362.6370
     313     395.2420
     314     395.9875
     315     411.4808
     316     380.4281
     317     380.3458
     318     337.8435
     319     366.8927
     320     352.9442
     321     368.2860
     322     368.1635
     323     365.7752
     324     351.3186
     325     396.8212
     326     330.7880
     327     393.1379
     328     357.1793
     329     367.0984
     330     379.8831
     331     362.9640
     332     374.1925
     333     323.9865
     334     390.1534
     335     362.9513
     336     356.0019
     337     355.2980
     338     358.4496
     339     394.3151
     340     396.4334
     341     361.8282
     342     393.6308
     343     386.4976
     344     361.9625
     345     400.2151
     346     383.5286
     347     385.3153
     348     370.9064
     349     396.6963
     350     380.8202
     351     397.1541
     352     367.5786
     353     410.5063
     354     397.5815
     355     397.4171
     356     408.0315
     357     435.2330
     358     414.3910
     359     444.8284
     360     415.4556
     361     378.8443
     362     382.6145
     363     370.2431
     364     403.1415
     365     411.9088
     366     380.8098
     367     357.0561
     368     425.6433
     369     414.7111
     370     405.5485
     371     413.5914
     372     377.0271
     373     388.6087
     374     352.3266
     375     396.8709
     376     353.6291
     377     386.8331
     378     353.9761
     379     383.2001
     380     375.4538
     381     370.0613
     382     372.0579
     383     414.8687
     384     344.7194
     385     364.5250
     386     357.5355
     387     423.7447
     388     419.3855
     389     405.4148
     390     394.5283
     391     362.6549
     392     384.1190
     393     416.0714
     394     364.5689
     395     369.5736
     396     390.9862
     397     362.5729
     398     413.0841
     399     363.7839
     400     367.4664
