#Frame              T
       1    1234.8631
       2    1119.6500
       3    1109.8931
       4    1042.8900
       5    1158.5762
       6    1172.8525
       7    1078.8321
       8    1143.6737
       9    1026.9920
      10    1037.1385
      11    1095.4659
      12    1026.9507
      13     986.7371
      14     919.8369
      15     870.1147
      16     984.8337
      17     972.6986
      18    1002.2842
      19     958.1619
      20    1010.8392
      21     992.9732
      22     953.6472
      23     884.1010
      24     859.8962
      25     866.6276
      26     921.7492
      27     869.2922
      28     920.9925
      29     960.5693
      30     876.0537
      31     919.9140
      32     813.3620
      33     839.8696
      34     829.2458
      35     785.5934
      36     854.3040
      37     811.8592
      38     706.0567
      39     745.2108
      40     847.5286
      41     789.2691
      42     760.4781
      43     783.2879
      44     712.5096
      45     778.8678
      46     749.8700
      47     762.9515
      48     777.7187
      49     800.5805
      50     788.7709
      51     795.3846
      52     779.9540
      53     629.8418
      54     656.1006
      55     690.3869
      56     641.6849
      57     655.4988
      58     692.2556
      59     753.6336
      60     715.6213
      61     676.5368
      62     707.4703
      63     757.5593
      64     702.9165
      65     682.3482
      66     702.9464
      67     663.3182
      68     699.3288
      69     710.2041
      70     642.7933
      71     643.9128
      72     705.0770
      73     700.4947
      74     690.2960
      75     637.8072
      76     612.0989
      77     634.9913
      78     680.5489
      79     650.9114
      80     670.0798
      81     619.6155
      82     665.8844
      83     621.5248
      84     648.9182
      85     624.6266
      86     667.4962
      87     650.1518
      88     598.9051
      89     645.6355
      90     589.8912
      91     609.6927
      92     631.1207
      93     602.0714
      94     575.8310
      95     565.0189
      96     588.1727
      97     552.0544
      98     615.0232
      99     607.1901
     100     566.2261
     101     528.4373
     102     509.6159
     103     546.8931
     104     544.6394
     105     505.7221
     106     508.0747
     107     537.2844
     108     541.5714
     109     519.2343
     110     531.6322
     111     562.8151
     112     556.2947
     113     499.2577
     114     497.0314
     115     489.8125
     116     518.7193
     117     492.3302
     118     461.7822
     119     476.3714
     120     460.6637
     121     495.5373
     122     497.7111
     123     459.5035
     124     485.4885
     125     472.9556
     126     494.5561
     127     473.5133
     128     452.7634
     129     503.9688
     130     423.7833
     131     476.5505
     132     445.8099
     133     476.0158
     134     435.1117
     135     468.5984
     136     436.6203
     137     434.8718
     138     451.6720
     139     487.9389
     140     480.8963
     141     522.2267
     142     473.9286
     143     445.0198
     144     466.8448
     145     450.8387
     146     452.9487
     147     458.6682
     148     444.3867
     149     464.3598
     150     426.7203
     151     398.0161
     152     444.6130
     153     458.8327
     154     420.0536
     155     451.3884
     156     465.0470
     157     481.5368
     158     502.4739
     159     485.5732
     160     448.2774
     161     463.4504
     162     439.0874
     163     456.2416
     164     441.6186
     165     494.3747
     166     496.6833
     167     457.5259
     168     472.1403
     169     441.3888
     170     451.7052
     171     461.7255
     172     455.2093
     173     412.3941
     174     465.6926
     175     459.7238
     176     416.1350
     177     436.2056
     178     413.3764
     179     414.3121
     180     407.9758
     181     423.1827
     182     425.9847
     183     445.4002
     184     439.6753
     185     450.4144
     186     445.8807
     187     444.7861
     188     446.9353
     189     442.1929
     190     423.9217
     191     430.0564
     192     451.3950
     193     442.7502
     194     407.1400
     195     418.7860
     196     408.2755
     197     421.7746
     198     429.6104
     199     383.4550
     200     384.6933
     201     412.7159
     202     391.8823
     203     412.6776
     204     415.2611
     205     431.8736
     206     397.9463
     207     401.5473
     208     415.5162
     209     393.7998
     210     414.2947
     211     406.9911
     212     431.3748
     213     427.3975
     214     447.8622
     215     455.4125
     216     428.7441
     217     442.0528
     218     416.4429
     219     458.6175
     220     422.8679
     221     459.2210
     222     420.6257
     223     411.3244
     224     419.1481
     225     436.4001
     226     444.8549
     227     382.7191
     228     416.0557
     229     398.4870
     230     413.0439
     231     424.8379
     232     465.1491
     233     411.4846
     234     387.8468
     235     426.5252
     236     434.0880
     237     394.1551
     238     388.3425
     239     386.2163
     240     374.1773
     241     370.9190
     242     388.4858
     243     368.5895
     244     361.0358
     245     357.8265
     246     385.5744
     247     366.2660
     248     376.7313
     249     398.7004
     250     362.5354
     251     393.4679
     252     372.9067
     253     384.5574
     254     393.9642
     255     409.3767
     256     357.7817
     257     417.7822
     258     381.4055
     259     381.0761
     260     387.7684
     261     354.0821
     262     363.6855
     263     397.3326
     264     395.2756
     265     404.1759
     266     389.1038
     267     370.5077
     268     390.6743
     269     409.4910
     270     381.1241
     271     377.6803
     272     362.1068
     273     387.4390
     274     376.7699
     275     371.0697
     276     349.0410
     277     360.5065
     278     365.7599
     279     355.4708
     280     351.8127
     281     390.1213
     282     367.2073
     283     361.1247
     284     337.4503
     285     348.3109
     286     349.5115
     287     359.9000
     288     344.9447
     289     367.8428
     290     368.5678
     291     358.0420
     292     380.9661
     293     349.0290
     294     340.7047
     295     331.5961
     296     381.9605
     297     358.0057
     298     369.5609
     299     338.2216
     300     327.4568
     301     348.6522
     302     320.7266
     303     338.0306
     304     362.4405
     305     319.4601
     306     325.7152
     307     372.5364
     308     348.8731
     309     378.2408
     310     335.4076
     311     348.9762
     312     328.7603
     313     340.8620
     314     348.4851
     315     335.0716
     316     339.2042
     317     334.8594
     318     347.1459
     319     379.1676
     320     348.9111
     321     369.1593
     322     379.3451
     323     353.1154
     324     366.9594
     325     337.4903
     326     332.1215
     327     383.9365
     328     370.1335
     329     406.6951
     330     380.6827
     331     372.6013
     332     365.8204
     333     356.5315
     334     378.8012
     335     373.7451
     336     360.8729
     337     325.6643
     338     377.5267
     339     370.8502
     340     334.5359
     341     358.7627
     342     377.8528
     343     347.3709
     344     359.5133
     345     368.4291
     346     368.1783
     347     343.4662
     348     358.7769
     349     387.5279
     350     397.6693
     351     372.2096
     352     402.0593
     353     351.6241
     354     339.2387
     355     370.6526
     356     364.0117
     357     324.4797
     358     369.1238
     359     323.9460
     360     355.5746
     361     353.7603
     362     328.6569
     363     341.5069
     364     337.9634
     365     328.3424
     366     347.2068
     367     360.9530
     368     354.1830
     369     325.6762
     370     345.5811
     371     344.4600
     372     356.5435
     373     331.2734
     374     344.2631
     375     337.0609
     376     336.8183
     377     336.6787
     378     355.2131
     379     346.5682
     380     360.5316
     381     356.3316
     382     376.1469
     383     373.9347
     384     345.7781
     385     338.6583
     386     333.6356
     387     331.6433
     388     336.7294
     389     307.0775
     390     327.8777
     391     329.0565
     392     332.4625
     393     307.6410
     394     371.5951
     395     343.7703
     396     350.4498
     397     354.5171
     398     331.2333
     399     352.8219
     400     321.2878
