#Frame              T
       1    1165.1780
       2    1131.1003
       3    1128.7567
       4    1101.1390
       5     985.5012
       6    1113.1109
       7    1103.4855
       8    1117.3421
       9    1033.0894
      10    1087.8775
      11     995.0332
      12    1079.4169
      13    1061.7433
      14    1065.2535
      15    1034.6238
      16    1028.6910
      17    1019.4993
      18    1009.5078
      19     991.4165
      20     935.0062
      21     936.5620
      22     911.6104
      23     923.2641
      24     901.2612
      25     896.7968
      26     810.1375
      27     871.3180
      28     905.4856
      29     843.1091
      30     910.1440
      31     921.5689
      32     948.8792
      33     922.7379
      34     901.6771
      35     943.1712
      36     912.4696
      37     897.3397
      38     874.3058
      39     874.0661
      40     871.5803
      41     819.5484
      42     878.3119
      43     893.1391
      44     810.8022
      45     862.0803
      46     907.4291
      47     845.7001
      48     789.2439
      49     843.6320
      50     843.8423
      51     849.7277
      52     764.4737
      53     743.2759
      54     753.4590
      55     783.7700
      56     730.6529
      57     727.8727
      58     787.9327
      59     730.7491
      60     743.7434
      61     766.4284
      62     737.8281
      63     745.7414
      64     703.6955
      65     749.5495
      66     677.1886
      67     658.1662
      68     684.4299
      69     703.7481
      70     697.1118
      71     689.3075
      72     671.9299
      73     687.6105
      74     723.7558
      75     719.6639
      76     652.1373
      77     727.3751
      78     661.5189
      79     654.6476
      80     681.2525
      81     678.1156
      82     688.1268
      83     726.7091
      84     647.0564
      85     664.9697
      86     661.9037
      87     714.1887
      88     595.1399
      89     599.1037
      90     582.5848
      91     596.4443
      92     653.1256
      93     636.9814
      94     626.4380
      95     669.0365
      96     635.6109
      97     670.6772
      98     631.8157
      99     623.3860
     100     593.9367
     101     675.4989
     102     591.8751
     103     655.3344
     104     673.2891
     105     644.7917
     106     637.5955
     107     587.8067
     108     632.7333
     109     618.0905
     110     668.9539
     111     585.7074
     112     619.8428
     113     531.3334
     114     587.4056
     115     569.7161
     116     611.8784
     117     577.2986
     118     542.5472
     119     601.6992
     120     574.4535
     121     622.7290
     122     578.0791
     123     587.6339
     124     575.6828
     125     589.1599
     126     542.0580
     127     530.5557
     128     538.1566
     129     534.5536
     130     502.8741
     131     587.8115
     132     613.9446
     133     547.4631
     134     588.1609
     135     557.1368
     136     583.9757
     137     540.2957
     138     502.5466
     139     494.7040
     140     470.8858
     141     510.3926
     142     530.1569
     143     498.8089
     144     552.1827
     145     461.2231
     146     513.8494
     147     540.8626
     148     523.4445
     149     494.8583
     150     515.6406
     151     497.4390
     152     505.7656
     153     501.3771
     154     507.0378
     155     493.2351
     156     465.2769
     157     484.0259
     158     496.8513
     159     563.1168
     160     539.6165
     161     551.4859
     162     516.6867
     163     566.8972
     164     553.6934
     165     558.1827
     166     513.4208
     167     497.4705
     168     502.2830
     169     501.2585
     170     543.8443
     171     482.6332
     172     510.5356
     173     508.3922
     174     492.3771
     175     500.3429
     176     521.4771
     177     489.2104
     178     526.4161
     179     483.4468
     180     456.2075
     181     498.1359
     182     429.6863
     183     466.4377
     184     502.3796
     185     474.1031
     186     513.1763
     187     485.5278
     188     461.0564
     189     424.4412
     190     471.8160
     191     462.4451
     192     501.5523
     193     475.4696
     194     515.4738
     195     473.9836
     196     527.0515
     197     489.6160
     198     491.9532
     199     488.9907
     200     518.1958
     201     521.2763
     202     457.0757
     203     467.2323
     204     463.0635
     205     456.3753
     206     464.3084
     207     434.9701
     208     461.4426
     209     432.6743
     210     448.0616
     211     484.2295
     212     486.9008
     213     436.8129
     214     491.6927
     215     458.0204
     216     483.4707
     217     441.6099
     218     464.8419
     219     420.1923
     220     430.0580
     221     460.7474
     222     409.5485
     223     466.0286
     224     481.8471
     225     428.8393
     226     415.5742
     227     418.6997
     228     422.7375
     229     431.9357
     230     420.2325
     231     486.8398
     232     404.2039
     233     451.4533
     234     448.8951
     235     381.1352
     236     454.4695
     237     418.7168
     238     402.7091
     239     453.8481
     240     460.6227
     241     407.9232
     242     426.8503
     243     408.0238
     244     411.7645
     245     420.5821
     246     428.2090
     247     429.9993
     248     430.9211
     249     437.2832
     250     440.0458
     251     448.4345
     252     414.0780
     253     413.7981
     254     431.1553
     255     432.0579
     256     424.0558
     257     424.6794
     258     408.3227
     259     454.0228
     260     375.1811
     261     415.2020
     262     417.7934
     263     433.4880
     264     403.8382
     265     427.5216
     266     448.7079
     267     453.6490
     268     408.8728
     269     384.8953
     270     398.0578
     271     377.0788
     272     392.6859
     273     380.9176
     274     382.4051
     275     362.0768
     276     385.2407
     277     398.0641
     278     362.1774
     279     413.2490
     280     375.8118
     281     381.1483
     282     400.5613
     283     379.1353
     284     372.0357
     285     381.7044
     286     400.0510
     287     418.8306
     288     366.5734
     289     394.9302
     290     401.7195
     291     358.8882
     292     400.8573
     293     380.0331
     294     401.2436
     295     382.0870
     296     384.2773
     297     412.1907
     298     432.7880
     299     379.9169
     300     401.4137
     301     374.2125
     302     346.4002
     303     378.1839
     304     409.1227
     305     367.6731
     306     393.1701
     307     428.9159
     308     367.3760
     309     341.0805
     310     401.8426
     311     385.1121
     312     381.3447
     313     407.4909
     314     405.2616
     315     404.1867
     316     429.4269
     317     431.1482
     318     388.3469
     319     436.1441
     320     395.9661
     321     391.9206
     322     378.5576
     323     382.8183
     324     360.4389
     325     342.9774
     326     358.2726
     327     352.0820
     328     375.9813
     329     355.4610
     330     401.8853
     331     408.5021
     332     383.2700
     333     410.4683
     334     357.7034
     335     394.9955
     336     371.1588
     337     377.6404
     338     379.1954
     339     366.3429
     340     349.9650
     341     370.8649
     342     372.9578
     343     396.5930
     344     380.1392
     345     351.8096
     346     354.9592
     347     329.0017
     348     369.1975
     349     367.2192
     350     363.6950
     351     398.7811
     352     386.4984
     353     389.8729
     354     380.2192
     355     382.5648
     356     361.4524
     357     354.9551
     358     331.8461
     359     371.2470
     360     353.1051
     361     357.2364
     362     373.4621
     363     369.9515
     364     369.6555
     365     350.9589
     366     351.6029
     367     339.5601
     368     341.3299
     369     356.2548
     370     379.6513
     371     364.8286
     372     413.1310
     373     333.9320
     374     371.3434
     375     317.8866
     376     355.9139
     377     346.9415
     378     326.8371
     379     367.4265
     380     319.4787
     381     341.0756
     382     358.6289
     383     371.4591
     384     386.4689
     385     355.9822
     386     363.3565
     387     377.8133
     388     321.2700
     389     342.7194
     390     383.2469
     391     337.4005
     392     356.8524
     393     342.0826
     394     339.9985
     395     334.1815
     396     315.4546
     397     362.1652
     398     359.3534
     399     346.4014
     400     357.7622
