#Frame              T
       1    1074.9152
       2    1068.4340
       3    1101.7455
       4    1143.8370
       5    1077.8801
       6    1083.0550
       7     984.9060
       8    1048.2177
       9     981.3106
      10    1073.7153
      11     955.6050
      12    1017.8170
      13     977.5175
      14    1045.9341
      15    1038.3524
      16     989.2030
      17     919.8156
      18     905.4912
      19     980.8436
      20     945.5769
      21     839.8391
      22     852.0954
      23     850.7662
      24     829.6171
      25     793.9255
      26     836.5256
      27     907.1810
      28     875.0892
      29     884.3521
      30     957.8089
      31     912.8250
      32     942.3596
      33     924.5533
      34     864.4597
      35     836.6006
      36     840.7413
      37     834.6832
      38     838.3926
      39     744.0509
      40     746.6383
      41     827.4120
      42     921.0974
      43     829.0392
      44     832.8853
      45     849.5090
      46     843.7233
      47     873.9321
      48     760.4600
      49     762.3865
      50     753.5342
      51     822.0880
      52     683.5284
      53     700.4074
      54     872.9494
      55     768.2609
      56     724.9163
      57     719.6326
      58     781.4242
      59     708.2720
      60     777.6570
      61     743.6998
      62     756.4356
      63     714.0907
      64     743.4625
      65     741.4357
      66     719.8740
      67     772.4648
      68     693.3703
      69     674.8535
      70     677.8421
      71     734.0978
      72     726.8257
      73     702.3799
      74     767.4074
      75     664.9276
      76     671.6196
      77     725.4148
      78     710.9071
      79     679.9123
      80     668.1498
      81     670.5938
      82     673.2705
      83     627.6268
      84     690.3710
      85     699.9822
      86     639.6983
      87     615.1067
      88     645.0754
      89     696.8026
      90     651.1556
      91     648.6532
      92     689.3533
      93     638.3517
      94     713.7739
      95     634.7865
      96     619.1093
      97     506.5080
      98     629.3973
      99     598.4972
     100     614.8842
     101     665.4873
     102     630.9868
     103     598.9360
     104     623.4550
     105     633.8744
     106     618.4890
     107     613.3229
     108     540.6351
     109     590.8360
     110     612.4257
     111     632.6464
     112     576.5883
     113     604.8224
     114     694.3136
     115     548.5101
     116     606.9544
     117     564.3642
     118     580.2689
     119     556.5423
     120     562.3556
     121     528.6251
     122     581.5165
     123     565.1331
     124     578.2066
     125     558.4496
     126     599.7992
     127     567.0413
     128     578.1108
     129     600.1868
     130     574.7748
     131     574.2068
     132     526.4996
     133     581.6269
     134     626.7558
     135     582.5284
     136     599.8363
     137     544.5565
     138     560.2275
     139     558.3682
     140     572.3488
     141     546.3279
     142     581.3511
     143     546.0147
     144     540.5343
     145     551.2631
     146     524.0998
     147     591.3978
     148     529.2658
     149     605.6953
     150     518.6288
     151     569.8986
     152     519.8574
     153     558.6374
     154     560.6420
     155     515.0579
     156     533.1662
     157     532.0017
     158     549.5916
     159     568.6665
     160     560.9536
     161     541.8827
     162     525.1938
     163     516.4124
     164     513.6031
     165     529.9967
     166     473.7070
     167     526.8044
     168     487.4823
     169     514.9721
     170     508.5874
     171     500.3197
     172     504.9874
     173     543.0971
     174     521.8571
     175     536.6233
     176     458.1321
     177     505.7929
     178     514.8318
     179     504.5158
     180     525.5128
     181     476.3651
     182     495.1624
     183     455.1290
     184     462.6467
     185     463.2315
     186     466.6811
     187     510.9083
     188     493.0564
     189     538.6962
     190     511.5488
     191     457.2818
     192     497.3416
     193     471.1102
     194     507.3083
     195     455.1411
     196     474.7691
     197     470.4899
     198     481.1433
     199     472.9931
     200     534.5184
     201     510.6856
     202     532.4647
     203     493.6559
     204     498.4484
     205     490.1305
     206     478.1733
     207     516.2240
     208     519.5356
     209     464.0427
     210     495.7669
     211     465.3270
     212     501.1950
     213     486.5188
     214     497.9827
     215     476.3191
     216     480.8991
     217     494.0737
     218     455.4104
     219     476.3662
     220     431.3875
     221     488.8945
     222     454.1542
     223     410.5491
     224     427.1115
     225     425.0422
     226     481.0058
     227     460.6108
     228     447.1519
     229     507.7698
     230     489.6816
     231     475.3971
     232     490.0077
     233     459.9449
     234     422.7774
     235     454.2650
     236     461.7125
     237     478.4910
     238     482.1175
     239     476.9978
     240     454.4989
     241     414.7828
     242     451.9562
     243     448.7956
     244     437.9538
     245     450.5899
     246     432.6219
     247     464.5379
     248     468.8081
     249     415.0466
     250     441.0142
     251     394.2750
     252     430.6164
     253     427.6860
     254     416.3207
     255     390.7393
     256     414.3704
     257     394.1373
     258     402.0550
     259     444.1284
     260     427.4850
     261     462.7526
     262     395.7156
     263     413.2927
     264     445.0186
     265     393.9727
     266     407.5045
     267     389.1231
     268     413.2902
     269     397.3108
     270     424.1889
     271     384.7384
     272     430.8215
     273     384.7789
     274     450.4261
     275     428.6797
     276     444.1593
     277     451.1947
     278     420.9703
     279     448.8831
     280     412.6368
     281     434.2806
     282     400.5252
     283     389.6221
     284     403.1458
     285     376.6767
     286     417.8375
     287     343.3446
     288     448.9267
     289     370.0226
     290     405.3117
     291     394.0868
     292     368.2825
     293     379.0415
     294     335.8372
     295     377.7695
     296     397.2440
     297     364.3138
     298     380.0216
     299     371.3369
     300     399.6481
     301     386.7488
     302     415.0914
     303     396.2728
     304     383.4445
     305     391.7298
     306     386.4048
     307     378.6201
     308     387.8165
     309     366.3027
     310     342.3709
     311     349.0483
     312     339.3273
     313     366.2760
     314     379.9091
     315     359.2021
     316     389.5087
     317     364.5381
     318     396.8759
     319     384.3711
     320     336.5308
     321     402.4210
     322     356.3954
     323     397.5862
     324     348.3983
     325     358.4403
     326     367.8269
     327     367.3646
     328     373.8264
     329     357.7394
     330     371.5779
     331     383.9415
     332     355.7300
     333     364.7639
     334     361.6146
     335     333.2088
     336     365.1407
     337     382.4772
     338     385.1337
     339     365.7125
     340     371.3182
     341     416.0922
     342     389.2500
     343     391.4319
     344     357.7274
     345     413.6997
     346     380.3459
     347     352.1904
     348     387.2304
     349     373.0152
     350     347.0989
     351     351.0124
     352     353.7077
     353     352.8275
     354     349.2957
     355     369.8194
     356     341.1025
     357     376.0574
     358     385.6855
     359     356.3355
     360     336.5137
     361     360.3665
     362     339.0154
     363     369.6156
     364     380.0379
     365     355.0399
     366     382.0832
     367     317.6102
     368     332.8380
     369     386.9040
     370     389.8025
     371     386.0231
     372     342.8903
     373     324.5666
     374     318.1936
     375     334.3239
     376     344.6021
     377     346.6253
     378     373.6480
     379     359.8276
     380     346.6999
     381     343.7170
     382     347.5257
     383     347.9786
     384     336.1622
     385     366.0889
     386     369.6877
     387     322.6169
     388     373.4115
     389     354.2667
     390     332.8530
     391     327.8197
     392     351.4938
     393     343.8846
     394     370.9433
     395     368.2520
     396     388.4074
     397     370.7250
     398     362.9765
     399     371.7877
     400     335.5871
