#Frame              T
       1    2981.6457
       2    2861.4719
       3    2665.0390
       4    2433.6418
       5    2212.2105
       6    2036.4031
       7    1923.0847
       8    1867.2188
       9    1845.9840
      10    1828.4518
      11    1787.3652
      12    1709.0393
      13    1598.2372
      14    1476.5788
      15    1375.1004
      16    1323.4502
      17    1339.3436
      18    1421.8696
      19    1550.9372
      20    1693.0294
      21    1811.2815
      22    1876.4966
      23    1875.5300
      24    1814.4545
      25    1715.7113
      26    1610.4267
      27    1528.5527
      28    1490.0357
      29    1499.6638
      30    1546.9296
      31    1610.6272
      32    1666.5110
      33    1695.4583
      34    1689.4909
      35    1653.8054
      36    1604.3857
      37    1562.2496
      38    1546.3885
      39    1567.7095
      40    1625.7525
      41    1708.9689
      42    1798.2267
      43    1872.3377
      44    1913.9213
      45    1913.9274
      46    1873.6715
      47    1804.0420
      48    1722.2884
      49    1647.3261
      50    1594.7778
      51    1573.0167
      52    1581.2336
      53    1610.0175
      54    1644.2766
      55    1667.7064
      56    1667.5744
      57    1638.5128
      58    1584.2563
      59    1516.8170
      60    1453.2893
      61    1411.1017
      62    1402.9961
      63    1433.1259
      64    1495.4214
      65    1574.8674
      66    1651.5566
      67    1706.4122
      68    1726.7808
      69    1710.1267
      70    1664.6976
      71    1606.9221
      72    1556.2514
      73    1528.9958
      74    1533.1044
      75    1565.5895
      76    1613.4636
      77    1657.9715
      78    1680.7920
      79    1670.2334
      80    1625.3993
      81    1556.8761
      82    1483.6242
      83    1427.0250
      84    1404.0525
      85    1421.8485
      86    1475.4812
      87    1549.5867
      88    1623.3007
      89    1676.8405
      90    1697.6094
      91    1683.8919
      92    1645.0179
      93    1598.0258
      94    1561.9831
      95    1551.8419
      96    1573.7810
      97    1623.4522
      98    1687.5972
      99    1748.3955
     100    1789.0570
     101    1798.8247
     102    1775.8487
     103    1727.1747
     104    1666.0401
     105    1607.4730
     106    1563.6336
     107    1540.3566
     108    1535.9554
     109    1542.5859
     110    1549.5537
     111    1547.2923
     112    1530.6540
     113    1500.5418
     114    1463.5109
     115    1429.5690
     116    1408.9342
     117    1408.7791
     118    1430.9597
     119    1471.4094
     120    1521.3573
     121    1569.9219
     122    1607.1450
     123    1626.4464
     124    1625.8268
     125    1607.6540
     126    1577.3299
     127    1541.3859
     128    1505.6278
     129    1473.8507
     130    1447.4163
     131    1425.6985
     132    1407.1483
     133    1390.5486
     134    1376.0135
     135    1365.3795
     136    1361.8684
     137    1369.1303
     138    1389.9855
     139    1425.2947
     140    1473.3434
     141    1529.9232
     142    1589.0524
     143    1644.1563
     144    1689.4271
     145    1721.0376
     146    1737.8520
     147    1741.3875
     148    1735.0350
     149    1722.7911
     150    1707.9039
     151    1691.8227
     152    1673.8024
     153    1651.3825
     154    1621.6917
     155    1583.1517
     156    1536.8819
     157    1487.1726
     158    1440.7706
     159    1405.1892
     160    1386.5544
     161    1387.6102
     162    1406.5261
     163    1436.9998
     164    1469.8318
     165    1495.6354
     166    1507.8433
     167    1504.9424
     168    1491.0287
     169    1474.3393
     170    1464.1914
     171    1467.4331
     172    1485.7666
     173    1514.9318
     174    1546.0128
     175    1568.3753
     176    1573.2396
     177    1556.7478
     178    1521.5720
     179    1476.5765
     180    1434.6530
     181    1409.2178
     182    1409.8940
     183    1438.3744
     184    1486.9028
     185    1541.2172
     186    1586.0839
     187    1610.2509
     188    1609.4154
     189    1586.9347
     190    1552.2924
     191    1517.7872
     192    1494.4745
     193    1488.6768
     194    1500.2121
     195    1522.8825
     196    1546.9407
     197    1562.5721
     198    1563.1273
     199    1547.0549
     200    1518.0546
     201    1483.6087
     202    1452.5265
     203    1432.3391
     204    1427.3343
     205    1437.7441
     206    1460.2099
     207    1489.2202
     208    1518.8911
     209    1544.4406
     210    1562.9246
     211    1573.1915
     212    1575.3316
     213    1570.0314
     214    1558.1315
     215    1540.4440
     216    1517.7545
     217    1491.0258
     218    1461.8399
     219    1432.8021
     220    1407.4054
     221    1389.1236
     222    1380.0847
     223    1380.1705
     224    1387.2596
     225    1398.4923
     226    1411.6631
     227    1425.9385
     228    1441.6933
     229    1459.7098
     230    1480.1555
     231    1501.8029
     232    1521.9063
     233    1536.8763
     234    1543.5110
     235    1540.2483
     236    1527.9042
     237    1509.6061
     238    1489.9292
     239    1473.5302
     240    1463.7435
     241    1461.6837
     242    1466.2168
     243    1474.7996
     244    1484.7998
     245    1494.7102
     246    1504.7503
     247    1516.6273
     248    1532.5724
     249    1554.0452
     250    1580.6202
     251    1609.5214
     252    1636.0524
     253    1654.8572
     254    1661.6282
     255    1654.7190
     256    1636.0616
     257    1610.8379
     258    1585.5224
     259    1564.7692
     260    1549.1077
     261    1535.2747
     262    1518.6724
     263    1496.0339
     264    1467.0219
     265    1434.4534
     266    1403.3483
     267    1379.2460
     268    1366.3692
     269    1366.2157
     270    1377.0460
     271    1394.4792
     272    1413.0064
     273    1427.8522
     274    1436.4395
     275    1438.9001
     276    1437.5186
     277    1435.4659
     278    1435.3648
     279    1438.1775
     280    1442.7555
     281    1446.2438
     282    1445.2574
     283    1437.4415
     284    1422.8105
     285    1404.2986
     286    1387.2232
     287    1377.7730
     288    1381.0188
     289    1399.1272
     290    1430.4245
     291    1469.6927
     292    1509.6519
     293    1543.1321
     294    1565.1703
     295    1574.2938
     296    1572.5699
     297    1564.4684
     298    1555.0240
     299    1547.9944
     300    1544.6785
     301    1543.7967
     302    1542.4079
     303    1537.4348
     304    1527.1324
     305    1511.9277
     306    1494.3623
     307    1478.2560
     308    1467.4547
     309    1464.5915
     310    1470.2416
     311    1482.7150
     312    1498.5332
     313    1513.4007
     314    1523.3074
     315    1525.4255
     316    1518.5837
     317    1503.2820
     318    1481.3304
     319    1455.2908
     320    1427.9163
     321    1401.7066
     322    1378.6254
     323    1359.9613
     324    1346.3090
     325    1337.6719
     326    1333.6755
     327    1333.8291
     328    1337.7041
     329    1344.9542
     330    1355.3041
     331    1368.7155
     332    1385.6162
     333    1406.8048
     334    1432.8368
     335    1463.1059
     336    1495.1016
     337    1524.2947
     338    1544.8788
     339    1551.2609
     340    1539.8693
     341    1510.6580
     342    1467.7068
     343    1418.6018
     344    1372.7234
     345    1338.9793
     346    1323.7101
     347    1329.3301
     348    1353.8747
     349    1391.4395
     350    1433.7453
     351    1472.8326
     352    1503.8000
     353    1526.1418
     354    1543.1892
     355    1560.1037
     356    1581.2931
     357    1608.1722
     358    1638.0481
     359    1664.5379
     360    1679.3845
     361    1675.0688
     362    1647.3194
     363    1596.7223
     364    1528.9627
     365    1453.6821
     366    1382.2831
     367    1325.2798
     368    1289.8831
     369    1278.4836
     370    1288.4830
     371    1313.4778
     372    1345.3464
     373    1376.5764
     374    1402.2249
     375    1421.0263
     376    1435.2942
     377    1449.6116
     378    1468.7291
     379    1495.4167
     380    1529.0100
     381    1565.1487
     382    1596.8074
     383    1616.2795
     384    1617.4941
     385    1597.9894
     386    1559.9814
     387    1510.2109
     388    1458.5540
     389    1415.6899
     390    1390.4308
     391    1387.4497
     392    1406.0769
     393    1440.5299
     394    1481.5306
     395    1518.8728
     396    1544.2035
     397    1553.1924
     398    1546.4408
     399    1528.9023
     400    1508.0445
     401    1491.3466
     402    1483.8666
     403    1486.5903
     404    1496.0637
     405    1505.4798
     406    1506.9535
     407    1494.3523
     408    1465.7953
     409    1424.9455
     410    1380.5243
     411    1344.0162
     412    1326.1893
     413    1333.5051
     414    1365.6541
     415    1415.1865
     416    1469.5810
     417    1515.2063
     418    1541.6116
     419    1544.1648
     420    1524.3596
     421    1488.9944
     422    1448.7860
     423    1415.6055
     424    1398.6428
     425    1401.2034
     426    1419.5890
     427    1444.4774
     428    1464.2262
     429    1468.8924
     430    1453.5946
     431    1420.1455
     432    1376.4868
     433    1334.1913
     434    1304.8842
     435    1296.7498
     436    1312.2188
     437    1347.5130
     438    1394.1136
     439    1441.5798
     440    1480.7214
     441    1506.0530
     442    1516.7871
     443    1516.1802
     444    1509.6388
     445    1502.3954
     446    1497.6320
     447    1495.6867
     448    1494.4807
     449    1490.8093
     450    1481.8544
     451    1466.2951
     452    1444.7033
     453    1419.2542
     454    1393.0673
     455    1369.5346
     456    1351.8453
     457    1342.7133
     458    1344.1740
     459    1357.3000
     460    1381.7911
     461    1415.5350
     462    1454.3474
     463    1492.1785
     464    1521.9807
     465    1537.2127
     466    1533.6364
     467    1510.8110
     468    1472.6617
     469    1426.7823
     470    1382.5593
     471    1348.6232
     472    1330.4095
     473    1328.6156
     474    1339.1036
     475    1354.3506
     476    1366.0462
     477    1368.0239
     478    1358.5314
     479    1340.9986
     480    1322.9475
     481    1313.3568
     482    1319.3757
     483    1343.5205
     484    1382.3449
     485    1427.1078
     486    1466.3082
     487    1489.2655
     488    1489.5196
     489    1466.8914
     490    1427.5212
     491    1381.9126
     492    1341.6712
     493    1316.0497
     494    1309.4189
     495    1320.4410
     496    1343.0956
     497    1369.1076
     498    1390.8875
     499    1403.9813
     500    1408.2607
     501    1407.5487
     502    1407.9178
     503    1415.3224
     504    1433.4079
     505    1462.2184
     506    1498.1518
     507    1535.0441
     508    1565.9427
     509    1585.0163
     510    1589.0811
     511    1578.3439
     512    1556.1543
     513    1527.8246
     514    1498.8538
     515    1473.1826
     516    1452.1891
     517    1434.8748
     518    1419.0568
     519    1402.8720
     520    1385.8520
     521    1369.1872
     522    1355.2058
     523    1346.4224
     524    1344.6156
     525    1350.3018
     526    1362.7084
     527    1380.1460
     528    1400.5893
     529    1422.2746
     530    1444.0720
     531    1465.4714
     532    1486.2082
     533    1505.7536
     534    1522.9604
     535    1536.0550
     536    1542.9974
     537    1542.0743
     538    1532.5104
     539    1514.8864
     540    1491.2211
     541    1464.6763
     542    1438.9522
     543    1417.5285
     544    1402.9549
     545    1396.3804
     546    1397.4449
     547    1404.5527
     548    1415.4332
     549    1427.7979
     550    1439.8820
     551    1450.7120
     552    1460.0518
     553    1468.1242
     554    1475.2768
     555    1481.7569
     556    1487.6317
     557    1492.7692
     558    1496.7899
     559    1499.0132
     560    1498.5120
     561    1494.3711
     562    1486.1313
     563    1474.2665
     564    1460.4872
     565    1447.6746
     566    1439.3735
     567    1438.8995
     568    1448.2607
     569    1467.1964
     570    1492.6868
     571    1519.2124
     572    1539.8353
     573    1547.8686
     574    1538.6888
     575    1511.1585
     576    1468.2166
     577    1416.3830
     578    1364.2326
     579    1320.2148
     580    1290.4446
     581    1277.1641
     582    1278.3638
     583    1288.6760
     584    1301.2550
     585    1310.0845
     586    1312.0340
     587    1307.9931
     588    1302.6593
     589    1302.9535
     590    1315.4918
     591    1343.9316
     592    1387.1798
     593    1439.2343
     594    1490.7810
     595    1531.9391
     596    1555.1677
     597    1557.4158
     598    1540.9283
     599    1512.5252
     600    1481.5639
     601    1457.1821
     602    1445.6620
     603    1448.7265
     604    1463.2761
     605    1482.5794
     606    1498.4804
     607    1503.9237
     608    1495.0586
     609    1472.3317
     610    1440.2673
     611    1406.0006
     612    1377.0080
     613    1358.7420
     614    1352.9252
     615    1357.0608
     616    1365.3374
     617    1370.6566
     618    1367.1455
     619    1352.3831
     620    1328.5877
     621    1302.2283
     622    1281.9598
     623    1275.5571
     624    1287.2121
     625    1316.2761
     626    1357.5312
     627    1402.5674
     628    1441.9405
     629    1467.6946
     630    1475.5826
     631    1466.2535
     632    1444.9666
     633    1419.8640
     634    1399.3623
     635    1389.5352
     636    1392.3548
     637    1405.3442
     638    1422.6988
     639    1437.4407
     640    1443.8649
     641    1439.4865
     642    1425.8676
     643    1408.0343
     644    1392.6434
     645    1385.5116
     646    1389.4355
     647    1403.1373
     648    1421.7294
     649    1438.5010
     650    1447.3712
     651    1445.0876
     652    1432.3425
     653    1413.4088
     654    1394.5099
     655    1381.6077
     656    1378.4270
     657    1385.3631
     658    1399.5633
     659    1416.0463
     660    1429.3975
     661    1435.4536
     662    1432.4468
     663    1421.3050
     664    1405.0955
     665    1387.8826
     666    1373.3798
     667    1363.7977
     668    1359.2154
     669    1357.6767
     670    1355.9860
     671    1350.9162
     672    1340.4045
     673    1324.3311
     674    1304.6393
     675    1284.8068
     676    1268.8842
     677    1260.4232
     678    1261.6127
     679    1272.8342
     680    1292.6849
     681    1318.3843
     682    1346.4014
     683    1373.1553
     684    1395.6871
     685    1412.2530
     686    1422.7455
     687    1428.7572
     688    1433.0718
     689    1438.6228
     690    1447.3430
     691    1459.4222
     692    1473.1611
     693    1485.3556
     694    1492.1000
     695    1489.8203
     696    1476.3580
     697    1451.9963
     698    1420.1243
     699    1386.9553
     700    1360.0202
     701    1345.8602
     702    1347.7838
     703    1364.5675
     704    1390.6448
     705    1417.8233
     706    1438.0099
     707    1446.0356
     708    1441.5311
     709    1429.0721
     710    1416.4385
     711    1411.6479
     712    1419.9124
     713    1441.6245
     714    1471.9950
     715    1502.4214
     716    1523.1464
     717    1526.3895
     718    1508.9752
     719    1473.6146
     720    1428.3942
     721    1384.5714
     722    1353.2975
     723    1342.2442
     724    1353.1767
     725    1381.2928
     726    1416.6609
     727    1447.3936
     728    1463.5384
     729    1460.3236
     730    1439.6092
     731    1409.0500
     732    1379.3168
     733    1360.3778
     734    1358.1347
     735    1372.5139
     736    1397.5978
     737    1423.6656
     738    1440.4069
     739    1440.2462
     740    1420.7388
     741    1385.3383
     742    1342.3524
     743    1302.4343
     744    1275.3932
     745    1267.3115
     746    1278.8489
     747    1305.2392
     748    1337.9472
     749    1367.4568
     750    1386.3151
     751    1391.4670
     752    1385.1277
     753    1373.8921
     754    1366.3626
     755    1370.0648
     756    1388.6649
     757    1420.4162
     758    1458.3599
     759    1492.2406
     760    1511.5652
     761    1508.8835
     762    1482.3185
     763    1436.5390
     764    1381.7914
     765    1331.1488
     766    1296.7162
     767    1285.9536
     768    1299.3644
     769    1330.3917
     770    1367.5959
     771    1398.3900
     772    1413.0970
     773    1408.0143
     774    1386.4811
     775    1357.5769
     776    1332.8668
     777    1322.3203
     778    1330.7995
     779    1356.3109
     780    1390.6197
     781    1422.0174
     782    1439.3339
     783    1435.8899
     784    1412.0662
     785    1375.5725
     786    1339.1801
     787    1316.5632
     788    1317.6538
     789    1345.1396
     790    1393.3042
     791    1449.5600
     792    1498.1575
     793    1524.9030
     794    1521.3945
     795    1487.4622
     796    1431.1113
     797    1366.0966
     798    1307.9081
     799    1269.3268
     800    1256.8397
     801    1269.0146
     802    1297.3537
     803    1329.3686
     804    1352.8948
     805    1360.2509
     806    1350.8678
     807    1331.4580
     808    1313.5743
     809    1309.3425
     810    1326.9186
     811    1367.3567
     812    1423.9765
     813    1484.3381
     814    1534.0799
     815    1561.3062
     816    1560.0715
     817    1531.9167
     818    1485.1965
     819    1432.5959
     820    1387.5369
     821    1360.3996
     822    1355.6408
     823    1370.7014
     824    1397.0143
     825    1422.7672
     826    1436.5894
     827    1431.0745
     828    1405.0833
     829    1364.1127
     830    1318.5946
     831    1280.6408
     832    1260.2333
     833    1262.0382
     834    1283.8587
     835    1317.2356
     836    1350.0132
     837    1370.0692
     838    1369.0614
     839    1345.0852
     840    1303.4702
     841    1255.4680
     842    1215.1582
     843    1195.3886
     844    1203.8985
     845    1240.8031
     846    1298.3107
     847    1362.9193
     848    1419.4908
     849    1455.9219
     850    1466.8513
     851    1455.1308
     852    1430.5478
     853    1406.2399
     854    1394.0437
     855    1400.3605
     856    1423.9165
     857    1456.1263
     858    1483.9250
     859    1494.1513
     860    1478.0969
     861    1434.7391
     862    1371.5785
     863    1302.6946
     864    1244.5143
     865    1210.6165
     866    1207.3763
     867    1232.0503
     868    1273.9737
     869    1318.2979
     870    1350.8525
     871    1362.5150
     872    1351.7864
     873    1324.8782
     874    1293.3872
     875    1270.3232
     876    1265.7335
     877    1283.2850
     878    1318.9355
     879    1362.2289
     880    1399.8766
     881    1420.4047
     882    1418.2042
     883    1395.5240
     884    1361.7024
     885    1329.9180
     886    1312.6247
     887    1317.2468
     888    1343.5507
     889    1383.5540
     890    1424.0503
     891    1450.9907
     892    1454.2812
     893    1431.3576
     894    1388.2754
     895    1337.9035
     896    1295.8082
     897    1275.1897
     898    1282.5686
     899    1315.6823
     900    1364.3533
     901    1414.0767
     902    1451.0952
     903    1467.1267
     904    1462.0198
     905    1443.3954
     906    1423.5231
     907    1414.7460
     908    1425.1651
     909    1456.0193
     910    1501.4446
     911    1550.4607
     912    1590.3756
     913    1610.4998
     914    1605.0737
     915    1574.6512
     916    1525.6875
     917    1468.5602
     918    1414.6515
     919    1373.3317
     920    1349.6578
     921    1343.3648
     922    1349.3330
     923    1359.3427
     924    1364.6266
     925    1358.5558
     926    1338.7253
     927    1307.8373
     928    1273.0912
     929    1244.2229
     930    1230.7103
     931    1238.9393
     932    1270.1366
     933    1319.6746
     934    1377.9690
     935    1432.7746
     936    1472.3072
     937    1488.3940
     938    1478.8252
     939    1448.2143
     940    1407.0082
     941    1368.7381
     942    1346.1701
     943    1347.4569
     944    1373.5203
     945    1417.5840
     946    1467.0979
     947    1507.4744
     948    1526.4653
     949    1517.8251
     950    1483.1899
     951    1431.6138
     952    1376.8239
     953    1332.9771
     954    1310.2423
     955    1311.6632
     956    1332.3123
     957    1360.9963
     958    1383.9571
     959    1389.3962
     960    1371.3778
     961    1331.8588
     962    1280.1837
     963    1230.2257
     964    1196.1315
     965    1188.0601
     966    1209.2485
     967    1255.2372
     968    1315.3795
     969    1376.0503
     970    1424.5099
     971    1452.2404
     972    1456.8431
     973    1442.0711
     974    1416.1790
     975    1389.1888
     976    1369.9144
     977    1363.5454
     978    1370.3956
     979    1386.0881
     980    1403.0307
     981    1412.7043
     982    1408.0744
     983    1385.4910
     984    1345.6633
     985    1293.5741
     986    1237.4161
     987    1186.8053
     988    1150.6583
     989    1135.1569
     990    1142.2252
     991    1168.9751
     992    1208.5111
     993    1252.0534
     994    1291.6885
     995    1322.7282
     996    1344.8673
     997    1361.8289
     998    1379.6529
     999    1404.1677
    1000    1438.4174
    1001    1481.0207
    1002    1525.7829
    1003    1563.1782
    1004    1583.0162
    1005    1577.6140
    1006    1544.4590
    1007    1487.5017
    1008    1416.6143
    1009    1345.2814
    1010    1287.1316
    1011    1252.2712
    1012    1244.4501
    1013    1259.9402
    1014    1288.6459
    1015    1317.3369
    1016    1334.0520
    1017    1332.1138
    1018    1312.2801
    1019    1282.2822
    1020    1253.9376
    1021    1238.8695
    1022    1244.3389
    1023    1270.6861
    1024    1311.3416
    1025    1355.4666
    1026    1392.1432
    1027    1414.1003
    1028    1419.2859
    1029    1410.6232
    1030    1395.1400
    1031    1382.1281
    1032    1379.9083
    1033    1392.4765
    1034    1417.7514
    1035    1448.1885
    1036    1473.4434
    1037    1484.0248
    1038    1474.6027
    1039    1445.8310
    1040    1404.0959
    1041    1359.3528
    1042    1321.8547
    1043    1298.9072
    1044    1292.6955
    1045    1299.8414
    1046    1312.7990
    1047    1322.6214
    1048    1322.1709
    1049    1308.6775
    1050    1284.7455
    1051    1257.4546
    1052    1235.8610
    1053    1227.7885
    1054    1237.0657
    1055    1262.2079
    1056    1296.9826
    1057    1332.6160
    1058    1360.8217
    1059    1376.5537
    1060    1379.5165
    1061    1373.9152
    1062    1366.6150
    1063    1364.4442
    1064    1371.6763
    1065    1388.6009
    1066    1411.5557
    1067    1434.1332
    1068    1449.0504
    1069    1450.3326
    1070    1435.4217
    1071    1406.3675
    1072    1369.3160
    1073    1332.4256
    1074    1303.1462
    1075    1285.9389
    1076    1281.1725
    1077    1285.4341
    1078    1293.0254
    1079    1298.0645
    1080    1296.4645
    1081    1287.1534
    1082    1272.1895
    1083    1255.8439
    1084    1243.0639
    1085    1237.8708
    1086    1242.1730
    1087    1255.2985
    1088    1274.3318
    1089    1295.1254
    1090    1313.6392
    1091    1327.1368
    1092    1334.8691
    1093    1338.1000
    1094    1339.5720
    1095    1342.6466
    1096    1350.3944
    1097    1364.8466
    1098    1386.5310
    1099    1414.3311
    1100    1445.6563
    1101    1476.8778
    1102    1503.9579
    1103    1523.1952
    1104    1532.0136
    1105    1529.6838
    1106    1517.6697
    1107    1499.0829
    1108    1477.0561
    1109    1452.9749
    1110    1426.1037
    1111    1394.8236
    1112    1358.1754
    1113    1316.6797
    1114    1272.4207
    1115    1228.7109
    1116    1189.5364
    1117    1158.8831
    1118    1140.0847
    1119    1135.3177
    1120    1145.3044
    1121    1169.1991
    1122    1204.6009
    1123    1247.6849
    1124    1293.5602
    1125    1336.9749
    1126    1373.3005
    1127    1399.4911
    1128    1414.6837
    1129    1420.2296
    1130    1419.1616
    1131    1415.2195
    1132    1411.7025
    1133    1410.4668
    1134    1411.3867
    1135    1412.4919
    1136    1410.7371
    1137    1403.1213
    1138    1387.7404
    1139    1364.4321
    1140    1334.8824
    1141    1302.3912
    1142    1271.8531
    1143    1250.1104
    1144    1244.4038
    1145    1256.5016
    1146    1279.4501
    1147    1303.2324
    1148    1320.7120
    1149    1328.7266
    1150    1327.4119
    1151    1319.4965
    1152    1309.3432
    1153    1301.5018
    1154    1299.0848
    1155    1302.6278
    1156    1309.9977
    1157    1317.4350
    1158    1321.3146
    1159    1319.9159
    1160    1314.4930
    1161    1309.1326
    1162    1309.2738
    1163    1319.3066
    1164    1340.2510
    1165    1368.7011
    1166    1397.5895
    1167    1418.4207
    1168    1424.1519
    1169    1411.7690
    1170    1383.6508
    1171    1347.1354
    1172    1312.3080
    1173    1288.6894
    1174    1281.9925
    1175    1292.1917
    1176    1313.6899
    1177    1337.5554
    1178    1354.9635
    1179    1360.5339
    1180    1354.3181
    1181    1341.7071
    1182    1331.3006
    1183    1331.5255
    1184    1347.2656
    1185    1377.7336
    1186    1416.3513
    1187    1452.6755
    1188    1475.7145
    1189    1477.5177
    1190    1455.8391
    1191    1414.9606
    1192    1364.3736
    1193    1315.7544
    1194    1279.2707
    1195    1260.5239
    1196    1259.1914
    1197    1269.7695
    1198    1284.0248
    1199    1294.1852
    1200    1295.7324
    1201    1288.8295
    1202    1277.9273
    1203    1269.7663
    1204    1270.5506
    1205    1283.3450
    1206    1306.6189
    1207    1334.4326
    1208    1358.1902
    1209    1369.4014
    1210    1362.6079
    1211    1337.5297
    1212    1299.5790
    1213    1258.3043
    1214    1224.1384
    1215    1204.8520
    1216    1203.3691
    1217    1217.5709
    1218    1241.5912
    1219    1267.8913
    1220    1289.5720
    1221    1302.3427
    1222    1305.5866
    1223    1302.1902
    1224    1297.2332
    1225    1296.0162
    1226    1302.1193
    1227    1316.1321
    1228    1335.4603
    1229    1355.2526
    1230    1370.1122
    1231    1375.9764
    1232    1371.4679
    1233    1358.2364
    1234    1340.2304
    1235    1322.3293
    1236    1308.9534
    1237    1303.0429
    1238    1305.5112
    1239    1315.1939
    1240    1329.2798
    1241    1344.1170
    1242    1356.1701
    1243    1362.8929
    1244    1363.3156
    1245    1358.2119
    1246    1349.8182
    1247    1341.1704
    1248    1335.2248
    1249    1333.9907
    1250    1337.9295
    1251    1345.8015
    1252    1355.0228
    1253    1362.4097
    1254    1365.0803
    1255    1361.3100
    1256    1351.2530
    1257    1337.4080
    1258    1324.4721
    1259    1318.2363
    1260    1323.6425
    1261    1342.7520
    1262    1373.6003
    1263    1410.4270
    1264    1445.0378
    1265    1468.7850
    1266    1474.7310
    1267    1459.5457
    1268    1424.6218
    1269    1375.9820
    1270    1322.8693
    1271    1275.3334
    1272    1241.4455
    1273    1224.9457
    1274    1224.1360
    1275    1232.6031
    1276    1241.6964
    1277    1243.8194
    1278    1235.2371
    1279    1217.4462
    1280    1196.7462
    1281    1182.1841
    1282    1182.5062
    1283    1203.0597
    1284    1243.6516
    1285    1298.1057
    1286    1355.7362
    1287    1404.3166
    1288    1433.6278
    1289    1438.4681
    1290    1420.1840
    1291    1386.2094
    1292    1347.6923
    1293    1315.8941
    1294    1298.5489
    1295    1297.4792
    1296    1308.3413
    1297    1322.4893
    1298    1330.1588
    1299    1323.8470
    1300    1300.8636
    1301    1264.3348
    1302    1222.3949
    1303    1185.8024
    1304    1164.7110
    1305    1165.5805
    1306    1189.1805
    1307    1230.2896
    1308    1279.1882
    1309    1324.4991
    1310    1356.5202
    1311    1370.0260
    1312    1365.6565
    1313    1349.4438
    1314    1330.6330
    1315    1318.5219
    1316    1319.3652
    1317    1334.3279
    1318    1359.1010
    1319    1385.2480
    1320    1402.8451
    1321    1403.5878
    1322    1383.4147
    1323    1343.8630
    1324    1291.7776
    1325    1237.4958
    1326    1192.0603
    1327    1164.2763
    1328    1158.4355
    1329    1173.3237
    1330    1202.7625
    1331    1237.5340
    1332    1268.1314
    1333    1287.4895
    1334    1292.8379
    1335    1286.1517
    1336    1273.1428
    1337    1261.1267
    1338    1256.4316
    1339    1262.2426
    1340    1277.6326
    1341    1298.0419
    1342    1316.8787
    1343    1327.6130
    1344    1325.7162
    1345    1309.9646
    1346    1282.8340
    1347    1249.9379
    1348    1218.6900
    1349    1196.5288
    1350    1189.1237
    1351    1198.9533
    1352    1224.5680
    1353    1260.7345
    1354    1299.5237
    1355    1332.1744
    1356    1351.3333
    1357    1353.0867
    1358    1338.1802
    1359    1311.9866
    1360    1283.1117
    1361    1260.9218
    1362    1252.6844
    1363    1261.2176
    1364    1283.8709
    1365    1313.3032
    1366    1339.9205
    1367    1355.2255
    1368    1354.9209
    1369    1340.6197
    1370    1319.4720
    1371    1301.7431
    1372    1297.1232
    1373    1311.0285
    1374    1342.2204
    1375    1382.6671
    1376    1419.8339
    1377    1440.7223
    1378    1436.3282
    1379    1404.9658
    1380    1353.2297
    1381    1294.1492
    1382    1243.0859
    1383    1212.7581
    1384    1209.1344
    1385    1229.6519
    1386    1264.3767
    1387    1299.6823
    1388    1323.1265
    1389    1327.7669
    1390    1314.3478
    1391    1290.5849
    1392    1267.8583
    1393    1256.5987
    1394    1262.1555
    1395    1282.7334
    1396    1310.1623
    1397    1333.1399
    1398    1341.6585
    1399    1330.9132
    1400    1303.2338
    1401    1267.3225
    1402    1235.0772
    1403    1217.1894
    1404    1219.1645
    1405    1239.2594
    1406    1269.1253
    1407    1296.9414
    1408    1311.8754
    1409    1308.1844
    1410    1287.3845
    1411    1257.6783
    1412    1230.8884
    1413    1218.0819
    1414    1225.5030
    1415    1252.2719
    1416    1290.6461
    1417    1328.7199
    1418    1354.5792
    1419    1360.4226
    1420    1345.1824
    1421    1314.7321
    1422    1279.6617
    1423    1251.4832
    1424    1238.6753
    1425    1243.9717
    1426    1263.7842
    1427    1289.8587
    1428    1312.4778
    1429    1324.0165
    1430    1321.5745
    1431    1307.7593
    1432    1289.3894
    1433    1274.6649
    1434    1269.9693
    1435    1277.6258
    1436    1295.4745
    1437    1318.2908
    1438    1340.2624
    1439    1357.3456
    1440    1368.5108
    1441    1375.4490
    1442    1381.0342
    1443    1387.3507
    1444    1394.2482
    1445    1399.0822
    1446    1397.7742
    1447    1386.7345
    1448    1364.8066
    1449    1334.3348
    1450    1300.8004
    1451    1271.0357
    1452    1250.6529
    1453    1241.7351
    1454    1241.8513
    1455    1244.9543
    1456    1243.8981
    1457    1233.5851
    1458    1213.4681
    1459    1188.3631
    1460    1167.1587
    1461    1159.8137
    1462    1173.6523
    1463    1210.2592
    1464    1264.1372
    1465    1323.7462
    1466    1374.7003
    1467    1404.1038
    1468    1404.6181
    1469    1376.9804
    1470    1330.1127
    1471    1278.5956
    1472    1238.1470
    1473    1220.5847
    1474    1230.0655
    1475    1261.9672
    1476    1304.7617
    1477    1344.1394
    1478    1367.8829
    1479    1369.7887
    1480    1351.3307
    1481    1320.5899
    1482    1288.9688
    1483    1267.0002
    1484    1260.8638
    1485    1270.8635
    1486    1292.1450
    1487    1316.7406
    1488    1335.8322
    1489    1342.1761
    1490    1332.6629
    1491    1309.5916
    1492    1279.5623
    1493    1250.6825
    1494    1229.5893
    1495    1219.5133
    1496    1219.9481
    1497    1227.7602
    1498    1238.9746
    1499    1250.3334
    1500    1260.0366
    1501    1267.5971
    1502    1273.1629
    1503    1276.8254
    1504    1278.3095
    1505    1277.1415
    1506    1273.1112
    1507    1266.7661
    1508    1259.7336
    1509    1254.6762
    1510    1254.6776
    1511    1262.0686
    1512    1277.1034
    1513    1297.1947
    1514    1317.3569
    1515    1331.9287
    1516    1336.8762
    1517    1331.6347
    1518    1319.6708
    1519    1307.4762
    1520    1302.2501
    1521    1309.0418
    1522    1328.4046
    1523    1355.5319
    1524    1381.3857
    1525    1395.5579
    1526    1389.9170
    1527    1361.7204
    1528    1315.0416
    1529    1259.9222
    1530    1209.4674
    1531    1175.8157
    1532    1166.3147
    1533    1181.2011
    1534    1213.5765
    1535    1251.7032
    1536    1282.8480
    1537    1297.3778
    1538    1291.7377
    1539    1269.3469
    1540    1239.1675
    1541    1212.5107
    1542    1199.2212
    1543    1204.5429
    1544    1227.6514
    1545    1262.2404
    1546    1298.8390
    1547    1328.0047
    1548    1343.3067
    1549    1343.1407
    1550    1330.8664
    1551    1313.3203
    1552    1298.2957
    1553    1291.8759
    1554    1296.5088
    1555    1310.3841
    1556    1328.2273
    1557    1343.1681
    1558    1349.0584
    1559    1342.4845
    1560    1323.8643
    1561    1297.3336
    1562    1269.5093
    1563    1247.5384
    1564    1236.9950
    1565    1240.2186
    1566    1255.5790
    1567    1277.9102
    1568    1300.0374
    1569    1314.9718
    1570    1318.0602
    1571    1308.3102
    1572    1288.3711
    1573    1263.3354
    1574    1239.0274
    1575    1220.3555
    1576    1209.9577
    1577    1207.4243
    1578    1209.4538
    1579    1211.0507
    1580    1207.4677
    1581    1196.2434
    1582    1178.5430
    1583    1159.1617
    1584    1145.0376
    1585    1142.7904
    1586    1156.2616
    1587    1185.0075
    1588    1224.2579
    1589    1266.3418
    1590    1303.1046
    1591    1328.4930
    1592    1340.3997
    1593    1341.1108
    1594    1336.1951
    1595    1332.2448
    1596    1334.2858
    1597    1343.8057
    1598    1358.1246
    1599    1371.3242
    1600    1376.4053
    1601    1367.8869
    1602    1343.9279
    1603    1307.2246
    1604    1264.3904
    1605    1224.0659
    1606    1194.4123
    1607    1180.7929
    1608    1184.3301
    1609    1201.7220
    1610    1226.3354
    1611    1250.2528
    1612    1266.7117
    1613    1272.2028
    1614    1267.4861
    1615    1257.1209
    1616    1247.6869
    1617    1245.3925
    1618    1253.9522
    1619    1273.4255
    1620    1300.3073
    1621    1328.7357
    1622    1352.3501
    1623    1366.1639
    1624    1367.8682
    1625    1358.2300
    1626    1340.6008
    1627    1319.8006
    1628    1300.7368
    1629    1287.0865
    1630    1280.3610
    1631    1279.6288
    1632    1281.9853
    1633    1283.5760
    1634    1280.7591
    1635    1271.0581
    1636    1253.8030
    1637    1230.5438
    1638    1205.1699
    1639    1183.4039
    1640    1171.4534
    1641    1174.0966
    1642    1192.9041
    1643    1225.3226
    1644    1265.0218
    1645    1303.4470
    1646    1332.1148
    1647    1344.9581
    1648    1339.9931
    1649    1319.7937
    1650    1290.6220
    1651    1260.4992
    1652    1236.8188
    1653    1224.2434
    1654    1223.5347
    1655    1231.6919
    1656    1243.3226
    1657    1252.7523
    1658    1256.1413
    1659    1252.8894
    1660    1245.8307
    1661    1240.1380
    1662    1241.3329
    1663    1253.1389
    1664    1275.9506
    1665    1306.4303
    1666    1338.3116
    1667    1364.0666
    1668    1376.8794
    1669    1372.4088
    1670    1349.9884
    1671    1313.0242
    1672    1268.4089
    1673    1224.9853
    1674    1191.3932
    1675    1173.9187
    1676    1175.0049
    1677    1192.8749
    1678    1222.3288
    1679    1256.4236
    1680    1288.4844
    1681    1313.8296
    1682    1330.7269
    1683    1340.3429
    1684    1345.7987
    1685    1350.7418
    1686    1357.9788
    1687    1368.5789
    1688    1381.5863
    1689    1394.2877
    1690    1402.9382
    1691    1403.8061
    1692    1394.2730
    1693    1373.6720
    1694    1343.6166
    1695    1307.7524
    1696    1271.0033
    1697    1238.4927
    1698    1214.3919
    1699    1200.9796
    1700    1198.1664
    1701    1203.6226
    1702    1213.4626
    1703    1223.2970
    1704    1229.3788
    1705    1229.5853
    1706    1223.9871
    1707    1214.8113
    1708    1205.7363
    1709    1200.7067
    1710    1202.7074
    1711    1212.9535
    1712    1230.7533
    1713    1254.0003
    1714    1280.0148
    1715    1306.3693
    1716    1331.3689
    1717    1354.0482
    1718    1373.7782
    1719    1389.7650
    1720    1400.7643
    1721    1405.2143
    1722    1401.7823
    1723    1390.0777
    1724    1371.1797
    1725    1347.6796
    1726    1323.1205
    1727    1300.9630
    1728    1283.4213
    1729    1270.6267
    1730    1260.5461
    1731    1249.8518
    1732    1235.5267
    1733    1216.5831
    1734    1195.1154
    1735    1176.1123
    1736    1165.9513
    1737    1170.0182
    1738    1190.2893
    1739    1223.8304
    1740    1262.9501
    1741    1297.2085
    1742    1316.6793
    1743    1315.2990
    1744    1293.0953
    1745    1256.5156
    1746    1216.6712
    1747    1185.9761
    1748    1174.2176
    1749    1185.3712
    1750    1216.2778
    1751    1257.6892
    1752    1297.3688
    1753    1324.1944
    1754    1331.8431
    1755    1320.7761
    1756    1297.8229
    1757    1273.5193
    1758    1258.1687
    1759    1258.0838
    1760    1273.3616
    1761    1297.9317
    1762    1321.7641
    1763    1334.3968
    1764    1328.5720
    1765    1302.7789
    1766    1261.9093
    1767    1215.8784
    1768    1176.6964
    1769    1154.9400
    1770    1156.6738
    1771    1181.6927
    1772    1223.5966
    1773    1271.7167
    1774    1314.3337
    1775    1342.1612
    1776    1350.9108
    1777    1342.1075
    1778    1322.0060
    1779    1299.1237
    1780    1281.2941
    1781    1273.1681
    1782    1274.8997
    1783    1282.3762
    1784    1288.8772
    1785    1287.5946
    1786    1274.1747
    1787    1248.4346
    1788    1214.6581
    1789    1180.3359
    1790    1153.7612
    1791    1141.3462
    1792    1145.6364
    1793    1164.6962
    1794    1192.9508
    1795    1223.0299
    1796    1247.9078
    1797    1262.7125
    1798    1265.8375
    1799    1259.1373
    1800    1247.1270
    1801    1235.3968
    1802    1228.7542
    1803    1229.7544
    1804    1238.0774
    1805    1250.8891
    1806    1263.9965
    1807    1273.3826
    1808    1276.6172
    1809    1273.6732
    1810    1266.8504
    1811    1259.7808
    1812    1255.9000
    1813    1257.0533
    1814    1262.8244
    1815    1270.7835
    1816    1277.4658
    1817    1279.6706
    1818    1275.5946
    1819    1265.3812
    1820    1250.9237
    1821    1235.0623
    1822    1220.5420
    1823    1209.1547
    1824    1201.3778
    1825    1196.5983
    1826    1193.7774
    1827    1192.2159
    1828    1192.0578
    1829    1194.2912
    1830    1200.2264
    1831    1210.6637
    1832    1225.1549
    1833    1241.8027
    1834    1257.7937
    1835    1270.4048
    1836    1277.9747
    1837    1280.4410
    1838    1279.2888
    1839    1276.9830
    1840    1276.0978
    1841    1278.4320
    1842    1284.3949
    1843    1292.8624
    1844    1301.5644
    1845    1307.8795
    1846    1309.7589
    1847    1306.4416
    1848    1298.7180
    1849    1288.6499
    1850    1278.8310
    1851    1271.4471
    1852    1267.4998
    1853    1266.5109
    1854    1266.7985
    1855    1266.1440
    1856    1262.5431
    1857    1254.7744
    1858    1242.6469
    1859    1226.9311
    1860    1209.0714
    1861    1190.8269
    1862    1173.9573
    1863    1160.0182
    1864    1150.2504
    1865    1145.5117
    1866    1146.2021
    1867    1152.1996
    1868    1162.8482
    1869    1177.0249
    1870    1193.2705
    1871    1209.9638
    1872    1225.5545
    1873    1238.8643
    1874    1249.3656
    1875    1257.2945
    1876    1263.5111
    1877    1269.1863
    1878    1275.4488
    1879    1283.0967
    1880    1292.4151
    1881    1303.1110
    1882    1314.3256
    1883    1324.6563
    1884    1332.1971
    1885    1334.7327
    1886    1330.2082
    1887    1317.4088
    1888    1296.5822
    1889    1269.7582
    1890    1240.6536
    1891    1214.1491
    1892    1195.2367
    1893    1187.3331
    1894    1190.6058
    1895    1201.7614
    1896    1215.6824
    1897    1227.5573
    1898    1234.3366
    1899    1235.3831
    1900    1232.4779
    1901    1229.2253
    1902    1229.9179
    1903    1238.0796
    1904    1255.0766
    1905    1279.2756
    1906    1306.1190
    1907    1329.2170
    1908    1342.1899
    1909    1340.7073
    1910    1324.0453
    1911    1295.5906
    1912    1262.0416
    1913    1231.5032
    1914    1211.0878
    1915    1204.8456
    1916    1212.7267
    1917    1230.9058
    1918    1253.3120
    1919    1273.8179
    1920    1288.3173
    1921    1295.9713
    1922    1299.1848
    1923    1302.3278
    1924    1309.6790
    1925    1323.3809
    1926    1342.2144
    1927    1361.6899
    1928    1375.4618
    1929    1377.5532
    1930    1364.5552
    1931    1336.9583
    1932    1299.1063
    1933    1257.8124
    1934    1220.1960
    1935    1191.5603
    1936    1174.0766
    1937    1166.6819
    1938    1166.0960
    1939    1168.4471
    1940    1170.8141
    1941    1172.1065
    1942    1173.0342
    1943    1175.3031
    1944    1180.4797
    1945    1189.0631
    1946    1200.1653
    1947    1211.9034
    1948    1222.2725
    1949    1230.0513
    1950    1235.3014
    1951    1239.2062
    1952    1243.3379
    1953    1248.7021
    1954    1255.0297
    1955    1260.6432
    1956    1262.9672
    1957    1259.5013
    1958    1248.9272
    1959    1231.9478
    1960    1211.4738
    1961    1191.9504
    1962    1177.9354
    1963    1172.4029
    1964    1175.4661
    1965    1184.1246
    1966    1193.2624
    1967    1197.5947
    1968    1193.8381
    1969    1182.2450
    1970    1166.8690
    1971    1154.3836
    1972    1151.8240
    1973    1164.0212
    1974    1191.6522
    1975    1230.6596
    1976    1273.3582
    1977    1310.8997
    1978    1336.1667
    1979    1345.9639
    1980    1341.7057
    1981    1328.4540
    1982    1312.7907
    1983    1300.3611
    1984    1293.9506
    1985    1292.7129
    1986    1292.7552
    1987    1288.8463
    1988    1276.6182
    1989    1254.4779
    1990    1224.5472
    1991    1192.2954
    1992    1164.9917
    1993    1149.4925
    1994    1150.0938
    1995    1167.1044
    1996    1196.6067
    1997    1231.5544
    1998    1263.9191
    1999    1287.1087
    2000    1297.7409
