#Frame              T
       1    2968.6306
       2    2829.7251
       3    2617.1931
       4    2379.9471
       5    2167.0612
       6    2013.5025
       7    1931.0662
       8    1907.3012
       9    1912.4350
      10    1911.6011
      11    1877.9988
      12    1802.4728
      13    1696.4353
      14    1587.4076
      15    1508.9940
      16    1488.8953
      17    1539.0668
      18    1651.2311
      19    1799.0215
      20    1945.8071
      21    2055.4852
      22    2102.7101
      23    2079.4097
      24    1995.8169
      25    1876.1368
      26    1750.6891
      27    1647.2445
      28    1584.1169
      29    1566.6868
      30    1587.8525
      31    1631.8059
      32    1679.6799
      33    1715.2484
      34    1729.0058
      35    1719.6557
      36    1693.1125
      37    1659.9684
      38    1632.3822
      39    1620.8679
      40    1631.4317
      41    1663.6919
      42    1710.5611
      43    1759.6951
      44    1796.4523
      45    1807.6959
      46    1785.5591
      47    1730.2132
      48    1650.7735
      49    1563.7269
      50    1488.8753
      51    1443.7505
      52    1438.2859
      53    1471.5924
      54    1531.9162
      55    1599.8329
      56    1653.8538
      57    1676.9245
      58    1661.9093
      59    1614.2716
      60    1550.8759
      61    1495.0169
      62    1469.0530
      63    1486.9424
      64    1549.1510
      65    1641.7507
      66    1740.2224
      67    1816.9303
      68    1849.9404
      69    1830.2792
      70    1765.1294
      71    1675.7165
      72    1590.3743
      73    1535.0524
      74    1524.6277
      75    1558.1551
      76    1619.6203
      77    1683.6689
      78    1724.2038
      79    1723.0125
      80    1675.6837
      81    1592.9507
      82    1497.0711
      83    1414.4869
      84    1367.2670
      85    1366.2083
      86    1407.8530
      87    1476.2814
      88    1548.8951
      89    1604.0746
      90    1628.0525
      91    1618.7532
      92    1585.5005
      93    1544.9549
      94    1514.8789
      95    1507.9381
      96    1527.5908
      97    1567.3062
      98    1613.2061
      99    1649.1070
     100    1662.1780
     101    1647.2569
     102    1608.3735
     103    1557.0512
     104    1508.1669
     105    1474.9625
     106    1464.9240
     107    1477.6507
     108    1505.1235
     109    1534.3814
     110    1552.1446
     111    1549.7576
     112    1526.2112
     113    1488.0134
     114    1446.3635
     115    1413.1117
     116    1397.0532
     117    1401.6184
     118    1424.4258
     119    1458.6444
     120    1495.5847
     121    1527.5740
     122    1550.1262
     123    1562.7413
     124    1568.2246
     125    1570.9405
     126    1574.7127
     127    1581.1276
     128    1588.7998
     129    1593.8607
     130    1591.4965
     131    1577.9127
     132    1551.9163
     133    1515.5041
     134    1473.3260
     135    1431.3350
     136    1395.1895
     137    1369.0437
     138    1355.1244
     139    1353.9737
     140    1364.9120
     141    1386.4221
     142    1416.3969
     143    1452.3037
     144    1491.3658
     145    1530.8283
     146    1568.2826
     147    1601.9111
     148    1630.5329
     149    1653.4533
     150    1670.2294
     151    1680.4870
     152    1683.8431
     153    1679.9322
     154    1668.5016
     155    1649.5678
     156    1623.6223
     157    1591.8511
     158    1556.2877
     159    1519.7861
     160    1485.7374
     161    1457.5315
     162    1437.8716
     163    1428.1339
     164    1427.9986
     165    1435.5341
     166    1447.7339
     167    1461.3413
     168    1473.7021
     169    1483.3896
     170    1490.4313
     171    1496.1063
     172    1502.3792
     173    1511.1216
     174    1523.3175
     175    1538.4940
     176    1554.6172
     177    1568.5603
     178    1577.0391
     179    1577.7046
     180    1569.9772
     181    1555.2890
     182    1536.6570
     183    1517.7766
     184    1501.9734
     185    1491.3153
     186    1486.1163
     187    1484.9695
     188    1485.3460
     189    1484.6197
     190    1481.1838
     191    1475.2410
     192    1468.9239
     193    1465.6548
     194    1468.9543
     195    1481.1310
     196    1502.3291
     197    1530.2930
     198    1560.9374
     199    1589.5186
     200    1611.9838
     201    1626.0259
     202    1631.4883
     203    1630.0346
     204    1624.2287
     205    1616.3976
     206    1607.7293
     207    1597.9718
     208    1585.8368
     209    1569.9316
     210    1549.7753
     211    1526.4691
     212    1502.7188
     213    1482.2119
     214    1468.6305
     215    1464.6230
     216    1471.0183
     217    1486.4748
     218    1507.6688
     219    1530.0350
     220    1548.8918
     221    1560.6158
     222    1563.4965
     223    1557.9712
     224    1546.1916
     225    1531.0701
     226    1515.1319
     227    1499.5814
     228    1483.9801
     229    1466.7212
     230    1446.1333
     231    1421.7410
     232    1395.0955
     233    1369.7458
     234    1350.2895
     235    1340.8711
     236    1343.6998
     237    1358.1017
     238    1380.4132
     239    1404.8260
     240    1425.0208
     241    1436.0815
     242    1436.0210
     243    1426.3547
     244    1411.5116
     245    1397.2425
     246    1388.5399
     247    1387.7759
     248    1393.7567
     249    1402.1313
     250    1407.0897
     251    1403.7737
     252    1390.4898
     253    1369.8372
     254    1348.2773
     255    1334.2395
     256    1335.3421
     257    1355.5979
     258    1393.6108
     259    1442.5561
     260    1492.0616
     261    1531.3411
     262    1552.4793
     263    1552.7900
     264    1535.5066
     265    1508.6017
     266    1482.1154
     267    1464.8518
     268    1461.5526
     269    1471.4958
     270    1488.9612
     271    1505.3806
     272    1512.4483
     273    1505.0814
     274    1483.1657
     275    1451.5156
     276    1418.1531
     277    1391.5895
     278    1378.0800
     279    1379.7564
     280    1394.1830
     281    1415.3756
     282    1435.8492
     283    1448.9992
     284    1451.0790
     285    1442.2150
     286    1426.1915
     287    1409.0758
     288    1397.1306
     289    1394.6898
     290    1402.7198
     291    1418.5769
     292    1437.0511
     293    1452.2577
     294    1459.6364
     295    1457.4187
     296    1447.2037
     297    1433.4656
     298    1422.0327
     299    1418.0276
     300    1424.0586
     301    1439.3064
     302    1459.7830
     303    1479.6153
     304    1492.8855
     305    1495.4250
     306    1486.0171
     307    1466.6808
     308    1441.9655
     309    1417.4687
     310    1398.0524
     311    1386.3340
     312    1381.9620
     313    1381.9418
     314    1381.9272
     315    1378.0303
     316    1368.4751
     317    1354.4623
     318    1339.9040
     319    1330.1314
     320    1330.0664
     321    1342.5220
     322    1367.2149
     323    1400.8000
     324    1437.8758
     325    1472.5850
     326    1500.2379
     327    1518.4255
     328    1527.2946
     329    1528.9804
     330    1526.4686
     331    1522.3398
     332    1517.8328
     333    1512.5237
     334    1504.6541
     335    1491.9270
     336    1472.4345
     337    1445.3723
     338    1411.3756
     339    1372.6069
     340    1332.6959
     341    1296.3877
     342    1268.7646
     343    1254.1878
     344    1255.3066
     345    1272.4030
     346    1303.2122
     347    1343.2382
     348    1386.5242
     349    1426.7443
     350    1458.3985
     351    1477.8516
     352    1483.9814
     353    1478.2790
     354    1464.3563
     355    1446.9276
     356    1430.4633
     357    1417.8599
     358    1409.5808
     359    1403.6633
     360    1396.6816
     361    1385.3653
     362    1368.2602
     363    1346.7575
     364    1325.0477
     365    1308.9614
     366    1304.0830
     367    1313.7920
     368    1337.9096
     369    1372.4111
     370    1410.3487
     371    1443.7448
     372    1465.8979
     373    1473.3611
     374    1466.9097
     375    1451.1052
     376    1432.5501
     377    1417.4243
     378    1409.2242
     379    1407.5575
     380    1408.4667
     381    1406.1677
     382    1395.5507
     383    1374.4956
     384    1345.0959
     385    1313.2950
     386    1287.0243
     387    1273.4868
     388    1276.5544
     389    1295.2135
     390    1323.6479
     391    1352.9561
     392    1373.9348
     393    1379.9980
     394    1369.2658
     395    1345.1389
     396    1315.1612
     397    1288.5355
     398    1273.1073
     399    1272.8372
     400    1286.6417
     401    1308.9970
     402    1332.0827
     403    1348.6809
     404    1354.7895
     405    1350.9925
     406    1342.0871
     407    1335.1028
     408    1336.4576
     409    1349.3235
     410    1372.2100
     411    1399.3020
     412    1422.4604
     413    1434.1869
     414    1430.4932
     415    1412.6378
     416    1387.0657
     417    1363.4708
     418    1351.5164
     419    1357.2922
     420    1380.9027
     421    1416.3387
     422    1453.7949
     423    1483.3269
     424    1498.2094
     425    1496.7585
     426    1482.1887
     427    1460.8041
     428    1439.3197
     429    1422.3316
     430    1410.8394
     431    1402.3280
     432    1392.3344
     433    1376.8560
     434    1354.5905
     435    1328.0501
     436    1303.0471
     437    1286.7196
     438    1284.8898
     439    1299.8070
     440    1329.1424
     441    1366.5865
     442    1403.7805
     443    1432.8620
     444    1448.7319
     445    1450.3229
     446    1440.5397
     447    1425.0014
     448    1410.0944
     449    1400.9894
     450    1400.2316
     451    1407.3107
     452    1419.2744
     453    1432.1067
     454    1442.3280
     455    1448.2230
     456    1450.2604
     457    1450.6211
     458    1452.0766
     459    1456.7142
     460    1465.0191
     461    1475.6475
     462    1485.9194
     463    1492.7721
     464    1493.7622
     465    1487.7001
     466    1474.6812
     467    1455.5750
     468    1431.3321
     469    1402.5738
     470    1369.7585
     471    1333.8301
     472    1296.8842
     473    1262.3611
     474    1234.5776
     475    1217.7628
     476    1214.9390
     477    1226.9594
     478    1251.9529
     479    1285.4492
     480    1321.3768
     481    1353.7931
     482    1378.7398
     483    1395.4496
     484    1406.3887
     485    1416.0821
     486    1429.1240
     487    1448.0785
     488    1472.0608
     489    1496.5965
     490    1514.9022
     491    1520.1959
     492    1508.2357
     493    1479.1713
     494    1437.9954
     495    1393.3579
     496    1355.0424
     497    1330.9274
     498    1324.5058
     499    1333.9211
     500    1352.9128
     501    1373.3222
     502    1388.1958
     503    1394.2602
     504    1392.7578
     505    1388.3581
     506    1386.8694
     507    1392.9019
     508    1408.2199
     509    1431.0563
     510    1456.5570
     511    1478.3543
     512    1490.8231
     513    1491.1742
     514    1480.5261
     515    1463.4888
     516    1446.4076
     517    1434.9731
     518    1432.1503
     519    1437.2243
     520    1446.2623
     521    1453.7503
     522    1454.7386
     523    1446.7043
     524    1430.4565
     525    1409.7656
     526    1389.8645
     527    1375.4015
     528    1368.7003
     529    1369.0368
     530    1373.1810
     531    1376.8974
     532    1376.7545
     533    1371.5325
     534    1362.6899
     535    1353.7041
     536    1348.5590
     537    1350.0332
     538    1358.5112
     539    1371.7952
     540    1385.9160
     541    1396.5798
     542    1400.7176
     543    1397.5945
     544    1389.0267
     545    1378.5688
     546    1369.9561
     547    1365.4525
     548    1364.8931
     549    1365.9465
     550    1365.4534
     551    1361.1339
     552    1352.8633
     553    1342.9995
     554    1335.6415
     555    1335.1056
     556    1344.2042
     557    1363.0098
     558    1388.5858
     559    1415.8071
     560    1438.9750
     561    1453.6569
     562    1458.0960
     563    1453.6632
     564    1444.1373
     565    1434.0239
     566    1426.5617
     567    1422.2578
     568    1418.5996
     569    1411.1081
     570    1395.3316
     571    1368.9925
     572    1333.4587
     573    1293.9801
     574    1258.5366
     575    1235.6060
     576    1231.5257
     577    1248.3225
     578    1282.7739
     579    1327.0609
     580    1370.8109
     581    1403.8854
     582    1419.0917
     583    1414.0580
     584    1391.6865
     585    1358.9856
     586    1324.6569
     587    1296.3029
     588    1278.2639
     589    1270.7894
     590    1270.6834
     591    1273.0130
     592    1273.1320
     593    1268.2645
     594    1258.1795
     595    1244.8775
     596    1231.5920
     597    1221.6153
     598    1217.3936
     599    1220.1341
     600    1229.8609
     601    1245.6684
     602    1265.9225
     603    1288.3153
     604    1309.8852
     605    1327.2292
     606    1337.0688
     607    1337.1040
     608    1326.8594
     609    1308.2014
     610    1285.3583
     611    1264.3506
     612    1251.7509
     613    1252.8566
     614    1269.7593
     615    1300.1076
     616    1337.2444
     617    1371.8641
     618    1394.6892
     619    1399.2939
     620    1384.1709
     621    1353.3500
     622    1315.3076
     623    1280.4333
     624    1257.8267
     625    1252.4805
     626    1263.8049
     627    1286.0123
     628    1310.2323
     629    1327.6463
     630    1332.5994
     631    1324.6353
     632    1308.7295
     633    1293.5890
     634    1288.5943
     635    1300.4583
     636    1330.7665
     637    1375.2449
     638    1424.9957
     639    1469.2644
     640    1498.7833
     641    1508.5610
     642    1499.2054
     643    1476.3944
     644    1448.7631
     645    1424.9751
     646    1410.9770
     647    1408.3063
     648    1413.9397
     649    1421.6437
     650    1424.3201
     651    1416.5159
     652    1396.2693
     653    1365.7179
     654    1330.3639
     655    1297.3335
     656    1273.2639
     657    1262.5046
     658    1266.1231
     659    1281.9316
     660    1305.4314
     661    1331.3204
     662    1355.0720
     663    1374.0994
     664    1388.1718
     665    1398.9980
     666    1409.1671
     667    1420.8409
     668    1434.6588
     669    1449.2389
     670    1461.4338
     671    1467.2441
     672    1463.0533
     673    1446.7695
     674    1418.5296
     675    1380.7935
     676    1337.8647
     677    1295.0240
     678    1257.5222
     679    1229.6805
     680    1214.2624
     681    1212.1801
     682    1222.5016
     683    1242.6713
     684    1268.9065
     685    1296.7620
     686    1321.8544
     687    1340.6570
     688    1351.2098
     689    1353.5382
     690    1349.5963
     691    1342.6512
     692    1336.2004
     693    1332.7384
     694    1332.8474
     695    1334.9918
     696    1336.1030
     697    1332.7493
     698    1322.4995
     699    1305.0469
     700    1282.7101
     701    1260.0914
     702    1242.9227
     703    1236.4010
     704    1243.5037
     705    1263.8430
     706    1293.5474
     707    1326.3465
     708    1355.5091
     709    1375.8907
     710    1385.3831
     711    1385.3677
     712    1380.0856
     713    1375.0912
     714    1375.2273
     715    1382.8030
     716    1396.6760
     717    1412.6470
     718    1425.0317
     719    1428.7536
     720    1421.1290
     721    1402.8016
     722    1377.6602
     723    1351.7537
     724    1331.4025
     725    1321.0828
     726    1321.9075
     727    1331.3422
     728    1344.2812
     729    1355.0452
     730    1359.5055
     731    1356.5014
     732    1348.0569
     733    1338.3988
     734    1332.2136
     735    1332.8072
     736    1340.7972
     737    1353.7577
     738    1366.9497
     739    1374.9349
     740    1373.5490
     741    1361.5326
     742    1341.1703
     743    1317.6522
     744    1297.3663
     745    1285.7360
     746    1285.4006
     747    1295.3878
     748    1311.5639
     749    1328.1524
     750    1339.7352
     751    1342.9955
     752    1337.6305
     753    1326.1789
     754    1312.9240
     755    1302.3228
     756    1297.5194
     757    1299.3904
     758    1306.3739
     759    1315.0925
     760    1321.6022
     761    1322.8744
     762    1318.0008
     763    1308.6295
     764    1298.4357
     765    1291.8118
     766    1292.2758
     767    1301.1896
     768    1317.2593
     769    1336.9904
     770    1355.9194
     771    1370.1508
     772    1377.6293
     773    1378.6718
     774    1375.6059
     775    1371.6817
     776    1369.6904
     777    1370.7971
     778    1374.0242
     779    1376.5930
     780    1375.0079
     781    1366.4646
     782    1350.0424
     783    1327.2380
     784    1301.6450
     785    1277.9073
     786    1260.3385
     787    1251.7215
     788    1252.7030
     789    1261.9354
     790    1276.8019
     791    1294.3744
     792    1312.2799
     793    1329.2454
     794    1345.1752
     795    1360.7357
     796    1376.6034
     797    1392.6776
     798    1407.6131
     799    1418.9481
     800    1423.8224
     801    1420.0134
     802    1406.8646
     803    1385.7531
     804    1359.9188
     805    1333.6880
     806    1311.3296
     807    1295.9323
     808    1288.6875
     809    1288.8064
     810    1294.0705
     811    1301.8186
     812    1310.0084
     813    1317.9299
     814    1326.2494
     815    1336.3612
     816    1349.3516
     817    1365.0534
     818    1381.6349
     819    1395.9210
     820    1404.3255
     821    1404.0102
     822    1393.8173
     823    1374.6278
     824    1349.0304
     825    1320.4509
     826    1292.0806
     827    1266.0137
     828    1242.9186
     829    1222.3614
     830    1203.6455
     831    1186.7939
     832    1173.2137
     833    1165.6823
     834    1167.5704
     835    1181.5560
     836    1208.3192
     837    1245.7725
     838    1289.2070
     839    1332.3847
     840    1369.2553
     841    1395.7113
     842    1410.7646
     843    1416.7091
     844    1418.1651
     845    1420.2868
     846    1426.7278
     847    1438.0914
     848    1451.4678
     849    1461.3187
     850    1461.4738
     851    1447.5673
     852    1418.9900
     853    1379.5501
     854    1336.5129
     855    1298.3407
     856    1271.9591
     857    1260.5223
     858    1262.4460
     859    1272.0259
     860    1281.4189
     861    1283.3330
     862    1273.5380
     863    1252.3664
     864    1224.6893
     865    1198.3364
     866    1181.4730
     867    1179.8194
     868    1194.6616
     869    1222.3445
     870    1255.4376
     871    1285.1786
     872    1304.3626
     873    1309.7128
     874    1302.9591
     875    1290.2734
     876    1280.1928
     877    1280.6569
     878    1296.1386
     879    1325.8982
     880    1364.0267
     881    1401.2753
     882    1428.0077
     883    1437.2637
     884    1426.9683
     885    1400.6124
     886    1366.2049
     887    1333.7943
     888    1312.3091
     889    1306.6757
     890    1316.1320
     891    1334.3691
     892    1351.6531
     893    1358.3542
     894    1348.5810
     895    1322.4585
     896    1286.1345
     897    1249.5417
     898    1222.8150
     899    1212.7492
     900    1220.6036
     901    1241.9064
     902    1268.1518
     903    1289.6916
     904    1298.8671
     905    1292.4162
     906    1272.4252
     907    1245.5207
     908    1220.5519
     909    1205.5253
     910    1204.8745
     911    1218.0902
     912    1240.2105
     913    1263.8901
     914    1282.1448
     915    1290.7027
     916    1289.1702
     917    1280.7067
     918    1270.4666
     919    1263.4823
     920    1262.8161
     921    1268.6408
     922    1278.5146
     923    1288.6356
     924    1295.5055
     925    1297.2974
     926    1294.3923
     927    1288.9428
     928    1283.7458
     929    1281.0010
     930    1281.4995
     931    1284.5334
     932    1288.3932
     933    1291.0805
     934    1291.0344
     935    1287.8663
     936    1282.8238
     937    1278.4820
     938    1277.6570
     939    1282.1461
     940    1291.9758
     941    1305.4763
     942    1320.0803
     943    1333.4430
     944    1344.3846
     945    1353.2369
     946    1361.4367
     947    1370.5328
     948    1381.0955
     949    1392.0730
     950    1400.8984
     951    1404.2708
     952    1399.2847
     953    1384.4717
     954    1360.3523
     955    1329.2774
     956    1294.6131
     957    1259.6150
     958    1226.5147
     959    1196.2433
     960    1168.9236
     961    1144.8492
     962    1125.3932
     963    1113.2844
     964    1111.9915
     965    1124.4027
     966    1151.3458
     967    1190.5893
     968    1236.8148
     969    1282.6970
     970    1320.8217
     971    1345.8121
     972    1355.8908
     973    1353.2654
     974    1343.1512
     975    1331.7448
     976    1323.8550
     977    1321.0454
     978    1321.0000
     979    1318.4349
     980    1307.3048
     981    1283.5273
     982    1247.1876
     983    1203.3328
     984    1160.9674
     985    1130.5201
     986    1120.5966
     987    1135.1183
     988    1171.8374
     989    1222.7784
     990    1276.5080
     991    1321.5037
     992    1349.5307
     993    1357.9278
     994    1350.0791
     995    1333.9319
     996    1319.0603
     997    1313.2363
     998    1319.6674
     999    1335.8587
    1000    1354.4989
    1001    1366.1988
    1002    1362.7848
    1003    1340.4429
    1004    1301.3192
    1005    1253.1653
    1006    1207.0925
    1007    1174.1324
    1008    1161.7153
    1009    1171.2638
    1010    1197.7655
    1011    1231.5081
    1012    1261.3613
    1013    1278.4422
    1014    1278.8951
    1015    1264.8769
    1016    1243.4892
    1017    1224.0943
    1018    1215.0038
    1019    1220.6965
    1020    1240.5025
    1021    1269.1051
    1022    1298.5648
    1023    1321.0679
    1024    1331.4185
    1025    1328.4607
    1026    1315.0249
    1027    1296.5165
    1028    1278.7276
    1029    1265.7146
    1030    1258.5183
    1031    1255.1399
    1032    1251.6750
    1033    1244.0867
    1034    1229.9293
    1035    1209.4121
    1036    1185.4656
    1037    1162.8273
    1038    1146.5095
    1039    1140.2320
    1040    1145.3835
    1041    1160.8477
    1042    1183.6439
    1043    1209.9991
    1044    1236.3390
    1045    1259.8467
    1046    1278.5562
    1047    1291.2019
    1048    1297.0877
    1049    1296.1407
    1050    1289.1150
    1051    1277.7611
    1052    1264.7434
    1053    1253.2109
    1054    1246.0973
    1055    1245.3747
    1056    1251.4961
    1057    1263.2141
    1058    1277.9049
    1059    1292.3836
    1060    1303.9889
    1061    1311.5155
    1062    1315.5797
    1063    1318.2094
    1064    1321.7935
    1065    1327.8139
    1066    1335.9175
    1067    1343.7368
    1068    1347.5470
    1069    1343.5324
    1070    1329.2652
    1071    1304.9378
    1072    1273.8537
    1073    1241.7994
    1074    1215.3663
    1075    1199.8163
    1076    1197.3398
    1077    1206.3937
    1078    1222.3717
    1079    1239.3440
    1080    1252.1883
    1081    1258.3236
    1082    1258.4307
    1083    1255.9402
    1084    1255.5265
    1085    1261.1822
    1086    1274.5740
    1087    1294.2741
    1088    1316.1424
    1089    1334.7113
    1090    1345.0613
    1091    1344.5244
    1092    1333.6387
    1093    1316.0396
    1094    1297.3155
    1095    1283.1869
    1096    1277.6161
    1097    1281.5050
    1098    1292.4376
    1099    1305.5462
    1100    1315.1720
    1101    1316.7294
    1102    1308.1530
    1103    1290.4716
    1104    1267.3484
    1105    1243.7753
    1106    1224.3982
    1107    1212.0540
    1108    1206.9886
    1109    1207.0003
    1110    1208.4221
    1111    1207.5977
    1112    1202.3210
    1113    1192.7167
    1114    1181.2577
    1115    1171.9394
    1116    1168.9371
    1117    1175.2065
    1118    1191.4876
    1119    1216.0100
    1120    1244.9582
    1121    1273.4970
    1122    1296.9811
    1123    1311.9639
    1124    1316.7570
    1125    1311.5074
    1126    1297.9261
    1127    1278.8279
    1128    1257.5980
    1129    1237.6305
    1130    1221.7641
    1131    1211.7619
    1132    1207.9479
    1133    1209.1379
    1134    1212.9534
    1135    1216.4862
    1136    1217.1834
    1137    1213.7548
    1138    1206.8423
    1139    1199.1655
    1140    1194.9424
    1141    1198.6051
    1142    1213.1406
    1143    1238.6482
    1144    1271.7048
    1145    1305.9212
    1146    1333.6399
    1147    1348.2776
    1148    1346.5251
    1149    1329.6028
    1150    1303.0774
    1151    1275.2351
    1152    1254.5104
    1153    1246.8096
    1154    1253.6169
    1155    1271.5246
    1156    1293.3450
    1157    1310.4181
    1158    1315.3483
    1159    1304.2806
    1160    1278.0262
    1161    1241.7407
    1162    1203.3244
    1163    1171.1073
    1164    1151.5629
    1165    1147.7470
    1166    1158.8542
    1167    1180.8879
    1168    1208.0919
    1169    1234.6603
    1170    1256.2514
    1171    1270.9272
    1172    1279.3045
    1173    1283.9237
    1174    1288.0932
    1175    1294.6121
    1176    1304.7886
    1177    1318.0294
    1178    1332.0665
    1179    1343.7106
    1180    1349.8486
    1181    1348.3826
    1182    1338.8450
    1183    1322.5615
    1184    1302.3521
    1185    1281.8663
    1186    1264.7328
    1187    1253.7357
    1188    1250.2342
    1189    1253.9676
    1190    1263.2516
    1191    1275.4272
    1192    1287.4247
    1193    1296.4247
    1194    1300.6046
    1195    1299.7185
    1196    1295.1424
    1197    1289.2417
    1198    1284.3149
    1199    1281.5761
    1200    1280.6017
    1201    1279.4566
    1202    1275.4689
    1203    1266.3690
    1204    1251.3783
    1205    1231.8142
    1206    1210.9569
    1207    1193.2060
    1208    1182.8155
    1209    1182.6412
    1210    1193.2859
    1211    1212.8830
    1212    1237.5676
    1213    1262.4771
    1214    1282.9745
    1215    1295.7357
    1216    1299.3839
    1217    1294.5313
    1218    1283.3011
    1219    1268.5609
    1220    1253.1616
    1221    1239.3906
    1222    1228.6994
    1223    1221.6521
    1224    1218.0232
    1225    1217.0034
    1226    1217.5215
    1227    1218.6412
    1228    1219.9372
    1229    1221.7080
    1230    1224.8775
    1231    1230.5483
    1232    1239.3580
    1233    1250.9880
    1234    1264.0665
    1235    1276.3988
    1236    1285.3324
    1237    1288.1873
    1238    1282.8010
    1239    1268.1597
    1240    1244.9298
    1241    1215.6578
    1242    1184.4703
    1243    1156.2724
    1244    1135.6248
    1245    1125.6235
    1246    1127.1239
    1247    1138.5613
    1248    1156.4693
    1249    1176.5515
    1250    1194.9100
    1251    1209.0174
    1252    1218.1922
    1253    1223.5213
    1254    1227.2831
    1255    1232.0172
    1256    1239.5106
    1257    1250.0215
    1258    1262.0209
    1259    1272.5762
    1260    1278.2805
    1261    1276.4336
    1262    1266.0773
    1263    1248.5264
    1264    1227.1766
    1265    1206.5806
    1266    1191.0553
    1267    1183.3235
    1268    1183.7255
    1269    1190.2859
    1270    1199.5165
    1271    1207.6014
    1272    1211.5877
    1273    1210.2913
    1274    1204.6677
    1275    1197.5185
    1276    1192.6065
    1277    1193.4506
    1278    1202.1348
    1279    1218.4453
    1280    1239.6367
    1281    1261.0656
    1282    1277.6135
    1283    1285.4011
    1284    1283.1099
    1285    1272.4152
    1286    1257.4125
    1287    1243.2680
    1288    1234.5571
    1289    1233.8075
    1290    1240.7106
    1291    1252.2727
    1292    1263.8830
    1293    1270.8722
    1294    1269.9805
    1295    1260.2707
    1296    1243.3045
    1297    1222.6115
    1298    1202.6293
    1299    1187.4217
    1300    1179.5352
    1301    1179.3270
    1302    1184.9426
    1303    1192.9389
    1304    1199.3284
    1305    1200.6757
    1306    1194.9008
    1307    1181.6578
    1308    1162.3828
    1309    1140.0696
    1310    1118.7242
    1311    1102.4581
    1312    1094.4138
    1313    1095.8365
    1314    1105.6262
    1315    1120.5677
    1316    1136.2262
    1317    1148.2446
    1318    1153.6419
    1319    1151.7365
    1320    1144.4484
    1321    1135.8824
    1322    1131.2543
    1323    1135.4000
    1324    1151.2243
    1325    1178.5203
    1326    1213.6083
    1327    1250.0948
    1328    1280.6524
    1329    1299.2345
    1330    1302.9195
    1331    1292.7181
    1332    1273.0966
    1333    1250.4326
    1334    1230.9376
    1335    1218.7165
    1336    1214.5481
    1337    1215.7475
    1338    1217.1435
    1339    1212.9030
    1340    1198.6823
    1341    1173.4533
    1342    1140.3868
    1343    1106.3994
    1344    1080.3576
    1345    1070.4073
    1346    1081.2999
    1347    1112.6519
    1348    1158.7652
    1349    1210.0919
    1350    1255.8797
    1351    1287.1711
    1352    1299.2366
    1353    1292.6787
    1354    1272.9007
    1355    1248.1473
    1356    1226.7720
    1357    1214.6055
    1358    1213.2407
    1359    1219.7418
    1360    1227.8489
    1361    1230.2692
    1362    1221.3055
    1363    1198.9471
    1364    1165.7408
    1365    1128.1665
    1366    1094.7414
    1367    1073.4837
    1368    1069.5378
    1369    1083.6962
    1370    1112.2526
    1371    1148.2112
    1372    1183.4565
    1373    1211.1893
    1374    1227.8513
    1375    1233.9369
    1376    1233.4618
    1377    1232.3039
    1378    1236.0051
    1379    1247.7705
    1380    1267.3207
    1381    1290.9388
    1382    1312.6685
    1383    1326.2354
    1384    1327.0504
    1385    1313.6517
    1386    1288.1517
    1387    1255.5856
    1388    1222.4125
    1389    1194.6479
    1390    1176.1964
    1391    1167.8822
    1392    1167.4472
    1393    1170.4719
    1394    1171.8990
    1395    1167.6711
    1396    1155.9998
    1397    1137.9051
    1398    1116.9011
    1399    1097.9462
    1400    1085.9805
    1401    1084.4516
    1402    1094.2219
    1403    1113.1518
    1404    1136.5174
    1405    1158.2266
    1406    1172.5661
    1407    1175.9864
    1408    1168.3448
    1409    1153.1461
    1410    1136.6506
    1411    1126.0825
    1412    1127.4759
    1413    1143.7958
    1414    1173.8880
    1415    1212.5556
    1416    1251.7809
    1417    1282.8417
    1418    1298.7961
    1419    1296.5857
    1420    1278.0197
    1421    1249.2714
    1422    1219.0325
    1423    1195.9095
    1424    1185.8566
    1425    1190.4059
    1426    1206.2078
    1427    1226.0279
    1428    1240.9295
    1429    1243.0440
    1430    1228.1544
    1431    1197.3213
    1432    1156.9758
    1433    1117.2946
    1434    1089.2148
    1435    1080.9746
    1436    1095.3335
    1437    1128.4784
    1438    1171.0830
    1439    1211.2215
    1440    1238.1872
    1441    1245.9306
    1442    1234.9378
    1443    1211.8923
    1444    1187.2192
    1445    1171.3610
    1446    1171.0785
    1447    1187.0518
    1448    1213.5683
    1449    1240.3552
    1450    1255.9242
    1451    1251.3556
    1452    1223.3308
    1453    1175.4560
    1454    1117.4211
    1455    1062.2020
    1456    1022.1819
    1457    1005.4888
    1458    1013.7733
    1459    1042.0937
    1460    1080.8270
    1461    1118.9146
    1462    1147.3616
    1463    1161.8737
    1464    1163.8220
    1465    1159.3244
    1466    1156.8354
    1467    1164.0836
    1468    1185.3344
    1469    1219.8311
    1470    1261.8926
    1471    1302.6181
    1472    1332.6216
    1473    1344.8862
    1474    1336.8237
    1475    1310.9243
    1476    1273.8684
    1477    1234.4449
    1478    1200.9664
    1479    1178.9880
    1480    1170.0355
    1481    1171.6865
    1482    1178.8502
    1483    1185.6764
    1484    1187.3816
    1485    1181.4785
    1486    1168.1974
    1487    1150.1503
    1488    1131.4362
    1489    1116.4457
    1490    1108.6472
    1491    1109.6310
    1492    1118.6448
    1493    1132.7633
    1494    1147.6828
    1495    1158.9565
    1496    1163.3460
    1497    1159.8704
    1498    1150.1840
    1499    1138.1317
    1500    1128.6219
    1501    1126.2121
    1502    1133.8486
    1503    1152.0998
    1504    1179.0360
    1505    1210.7381
    1506    1242.2611
    1507    1268.7803
    1508    1286.6457
    1509    1294.0969
    1510    1291.4977
    1511    1281.0659
    1512    1266.1895
    1513    1250.5070
    1514    1236.9851
    1515    1227.2245
    1516    1221.1781
    1517    1217.3483
    1518    1213.3631
    1519    1206.7796
    1520    1195.9919
    1521    1181.0281
    1522    1163.8290
    1523    1147.7448
    1524    1136.4157
    1525    1132.5398
    1526    1136.9676
    1527    1148.3885
    1528    1163.6914
    1529    1178.9104
    1530    1190.4365
    1531    1196.0770
    1532    1195.6103
    1533    1190.6573
    1534    1183.9550
    1535    1178.4015
    1536    1176.3323
    1537    1179.2050
    1538    1187.5480
    1539    1200.9768
    1540    1218.2586
    1541    1237.4738
    1542    1256.2992
    1543    1272.3779
    1544    1283.7456
    1545    1289.2584
    1546    1288.9280
    1547    1283.9707
    1548    1276.4454
    1549    1268.5441
    1550    1261.8009
    1551    1256.5318
    1552    1251.7196
    1553    1245.3873
    1554    1235.3423
    1555    1220.0621
    1556    1199.4440
    1557    1175.1635
    1558    1150.4852
    1559    1129.5117
    1560    1116.0459
    1561    1112.4350
    1562    1118.8258
    1563    1133.1200
    1564    1151.6239
    1565    1170.1165
    1566    1184.9761
    1567    1194.0559
    1568    1197.0838
    1569    1195.5249
    1570    1191.9476
    1571    1189.0950
    1572    1188.9556
    1573    1192.1487
    1574    1197.8327
    1575    1204.1330
    1576    1208.8952
    1577    1210.4525
    1578    1208.1401
    1579    1202.4187
    1580    1194.6107
    1581    1186.3925
    1582    1179.2565
    1583    1174.1324
    1584    1171.2574
    1585    1170.2689
    1586    1170.4252
    1587    1170.8631
    1588    1170.8516
    1589    1170.0274
    1590    1168.5570
    1591    1167.1566
    1592    1166.8792
    1593    1168.6631
    1594    1172.7670
    1595    1178.3386
    1596    1183.3913
    1597    1185.3340
    1598    1181.9029
    1599    1172.1299
    1600    1156.9266
    1601    1139.0152
    1602    1122.1240
    1603    1109.6520
    1604    1103.4128
    1605    1103.1661
    1606    1107.1062
    1607    1112.8526
    1608    1118.4095
    1609    1122.8009
    1610    1126.2835
    1611    1130.1313
    1612    1136.0880
    1613    1145.6513
    1614    1159.4044
    1615    1176.6280
    1616    1195.3325
    1617    1212.7224
    1618    1225.9485
    1619    1232.9071
    1620    1232.8465
    1621    1226.5853
    1622    1216.2735
    1623    1204.7453
    1624    1194.6437
    1625    1187.5805
    1626    1183.6077
    1627    1181.1876
    1628    1177.7388
    1629    1170.6609
    1630    1158.5156
    1631    1141.8445
    1632    1123.2238
    1633    1106.4997
    1634    1095.5415
    1635    1093.0378
    1636    1099.7604
    1637    1114.4905
    1638    1134.5679
    1639    1156.8325
    1640    1178.6070
    1641    1198.3758
    1642    1215.9513
    1643    1232.0769
    1644    1247.5754
    1645    1262.3837
    1646    1275.0385
    1647    1283.0809
    1648    1284.2443
    1649    1277.7115
    1650    1264.7575
    1651    1248.5287
    1652    1233.0919
    1653    1222.1057
    1654    1217.5772
    1655    1219.1334
    1656    1224.0822
    1657    1228.2842
    1658    1227.5895
    1659    1219.3795
    1660    1203.6645
    1661    1183.3366
    1662    1163.4361
    1663    1149.6178
    1664    1146.2832
    1665    1155.0001
    1666    1173.7791
    1667    1197.4958
    1668    1219.3544
    1669    1232.9888
    1670    1234.5636
    1671    1224.1757
    1672    1206.0086
    1673    1187.0890
    1674    1174.9788
    1675    1175.1534
    1676    1188.9796
    1677    1213.0433
    1678    1240.1136
    1679    1261.4367
    1680    1269.5694
    1681    1260.8031
    1682    1236.3547
    1683    1201.9429
    1684    1165.9051
    1685    1136.5015
    1686    1119.3257
    1687    1115.6771
    1688    1122.4209
    1689    1133.3560
    1690    1141.5959
    1691    1142.1070
    1692    1133.5027
    1693    1118.4853
    1694    1102.8304
    1695    1093.3047
    1696    1095.2617
    1697    1110.7470
    1698    1137.7377
    1699    1170.7483
    1700    1202.5359
    1701    1226.2992
    1702    1237.6310
    1703    1235.6261
    1704    1222.8794
    1705    1204.4627
    1706    1186.2729
    1707    1173.2675
    1708    1168.1014
    1709    1170.5538
    1710    1177.8773
    1711    1185.8827
    1712    1190.3172
    1713    1188.0693
    1714    1177.8820
    1715    1160.4943
    1716    1138.3052
    1717    1114.7315
    1718    1093.4358
    1719    1077.5677
    1720    1069.1447
    1721    1068.6644
    1722    1075.0001
    1723    1085.6238
    1724    1097.1596
    1725    1106.2177
    1726    1110.3201
    1727    1108.6999
    1728    1102.8184
    1729    1096.4371
    1730    1094.9575
    1731    1103.9056
    1732    1126.9168
    1733    1164.0147
    1734    1210.9052
    1735    1259.6568
    1736    1300.6863
    1737    1325.4947
    1738    1329.2913
    1739    1312.5974
    1740    1281.2196
    1741    1244.5274
    1742    1212.5776
    1743    1193.0203
    1744    1188.8009
    1745    1197.3899
    1746    1211.7851
    1747    1222.9507
    1748    1222.9415
    1749    1207.7052
    1750    1178.6364
    1751    1142.3340
    1752    1108.5820
    1753    1087.1585
    1754    1084.5088
    1755    1101.3963
    1756    1132.3778
    1757    1167.3622
    1758    1194.7801
    1759    1205.3417
    1760    1195.1216
    1761    1166.9334
    1762    1129.5176
    1763    1094.7738
    1764    1073.9234
    1765    1073.8587
    1766    1094.9278
    1767    1130.9188
    1768    1171.2591
    1769    1204.6592
    1770    1222.9112
    1771    1223.5111
    1772    1210.1952
    1773    1191.2647
    1774    1176.3631
    1775    1172.9453
    1776    1183.7091
    1777    1205.8381
    1778    1232.1717
    1779    1253.7352
    1780    1262.6998
    1781    1254.8371
    1782    1230.7607
    1783    1195.6260
    1784    1157.4576
    1785    1124.7258
    1786    1103.9940
    1787    1098.2912
    1788    1106.5609
    1789    1124.2016
    1790    1144.4851
    1791    1160.4731
    1792    1166.9326
    1793    1161.7391
    1794    1146.3635
    1795    1125.2690
    1796    1104.3944
    1797    1089.2133
    1798    1083.0360
    1799    1086.1069
    1800    1095.7210
    1801    1107.2481
    1802    1115.6996
    1803    1117.3459
    1804    1110.9038
    1805    1097.9493
    1806    1082.4542
    1807    1069.5949
    1808    1064.1779
    1809    1069.1280
    1810    1084.4663
    1811    1107.1018
    1812    1131.5528
    1813    1151.4722
    1814    1161.5629
    1815    1159.3047
    1816    1145.9073
    1817    1126.1653
    1818    1107.1817
    1819    1096.2783
    1820    1098.6732
    1821    1115.6860
    1822    1144.1408
    1823    1177.2483
    1824    1206.6999
    1825    1225.2862
    1826    1229.1663
    1827    1219.0297
    1828    1199.7420
    1829    1178.5814
    1830    1162.6857
    1831    1156.6491
    1832    1161.1343
    1833    1172.9694
    1834    1186.6076
    1835    1196.3379
    1836    1198.3961
    1837    1192.2333
    1838    1180.5666
    1839    1168.2847
    1840    1160.6647
    1841    1161.5234
    1842    1171.9272
    1843    1189.8587
    1844    1210.9089
    1845    1229.6968
    1846    1241.4925
    1847    1243.4874
    1848    1235.3679
    1849    1219.1151
    1850    1198.2041
    1851    1176.5179
    1852    1157.3344
    1853    1142.6518
    1854    1132.9965
    1855    1127.6668
    1856    1125.2576
    1857    1124.2415
    1858    1123.4162
    1859    1122.1356
    1860    1120.3346
    1861    1118.4239
    1862    1117.1189
    1863    1117.2417
    1864    1119.4945
    1865    1124.2103
    1866    1131.1399
    1867    1139.3665
    1868    1147.4175
    1869    1153.5760
    1870    1156.3131
    1871    1154.7466
    1872    1149.0157
    1873    1140.4528
    1874    1131.4443
    1875    1124.9401
    1876    1123.7127
    1877    1129.5604
    1878    1142.6717
    1879    1161.3407
    1880    1182.1768
    1881    1200.8584
    1882    1213.3021
    1883    1216.8847
    1884    1211.2411
    1885    1198.3105
    1886    1181.6053
    1887    1164.9912
    1888    1151.4294
    1889    1142.1353
    1890    1136.4307
    1891    1132.3003
    1892    1127.4223
    1893    1120.3453
    1894    1111.4571
    1895    1103.3366
    1896    1100.1594
    1897    1106.2158
    1898    1124.0459
    1899    1152.9406
    1900    1188.4850
    1901    1223.4893
    1902    1250.0809
    1903    1262.2296
    1904    1257.7933
    1905    1239.3394
    1906    1213.4163
    1907    1188.4787
    1908    1172.1417
    1909    1168.6809
    1910    1177.6408
    1911    1194.0804
    1912    1210.4531
    1913    1219.4826
    1914    1216.9328
    1915    1203.1848
    1916    1183.0234
    1917    1163.7296
    1918    1152.2150
    1919    1152.2534
    1920    1162.8554
    1921    1178.4305
    1922    1190.7198
    1923    1191.7722
    1924    1176.8229
    1925    1146.0105
    1926    1104.3730
    1927    1060.2237
    1928    1022.5769
    1929     998.5509
    1930     991.6059
    1931    1001.1058
    1932    1023.1978
    1933    1052.5347
    1934    1084.1097
    1935    1114.5321
    1936    1142.3792
    1937    1167.6720
    1938    1190.8867
    1939    1212.0400
    1940    1230.2758
    1941    1244.0723
    1942    1251.8673
    1943    1252.7378
    1944    1246.8012
    1945    1235.2068
    1946    1219.7642
    1947    1202.3874
    1948    1184.5980
    1949    1167.3163
    1950    1151.0170
    1951    1136.1396
    1952    1123.5044
    1953    1114.4844
    1954    1110.7767
    1955    1113.8144
    1956    1124.0407
    1957    1140.3692
    1958    1160.1165
    1959    1179.5329
    1960    1194.8321
    1961    1203.3745
    1962    1204.5731
    1963    1200.1323
    1964    1193.4659
    1965    1188.4441
    1966    1187.8913
    1967    1192.3954
    1968    1199.9278
    1969    1206.4901
    1970    1207.5891
    1971    1199.9984
    1972    1183.1191
    1973    1159.4143
    1974    1133.7315
    1975    1111.7461
    1976    1098.0688
    1977    1094.7021
    1978    1100.4093
    1979    1111.2326
    1980    1121.9773
    1981    1128.1107
    1982    1127.3768
    1983    1120.5477
    1984    1111.0764
    1985    1103.8051
    1986    1103.2087
    1987    1111.7512
    1988    1128.8915
    1989    1151.0686
    1990    1172.7174
    1991    1188.0260
    1992    1192.8694
    1993    1186.2303
    1994    1170.5699
    1995    1150.9734
    1996    1133.3742
    1997    1122.5140
    1998    1120.4040
    1999    1125.8721
    2000    1135.3493
