#Frame              T
       1    1111.7268
       2    1121.1770
       3    1078.1138
       4    1039.4968
       5    1075.0776
       6    1044.5079
       7    1114.9332
       8    1027.2274
       9    1049.9660
      10     926.9291
      11     979.1674
      12     951.4484
      13    1034.1786
      14     994.0536
      15    1098.7006
      16     939.9338
      17    1046.2224
      18     979.9794
      19     938.8941
      20     914.3894
      21     881.8211
      22     912.5035
      23     926.7680
      24     938.1265
      25     911.6864
      26     884.3186
      27     877.2829
      28     805.4759
      29     814.9602
      30     903.5541
      31     934.9430
      32     819.6780
      33     869.5896
      34     838.4986
      35     896.7089
      36     854.2183
      37     803.2611
      38     900.3524
      39     882.4614
      40     778.3143
      41     760.9725
      42     818.1915
      43     754.9137
      44     724.1163
      45     881.0531
      46     727.4866
      47     726.6596
      48     743.6077
      49     756.0356
      50     759.8298
      51     743.2282
      52     722.1073
      53     833.3262
      54     729.5398
      55     788.4105
      56     792.3706
      57     800.2248
      58     813.3928
      59     806.9008
      60     792.8689
      61     848.0510
      62     795.4263
      63     790.9216
      64     751.0362
      65     739.9412
      66     662.4537
      67     664.6772
      68     659.6418
      69     632.6792
      70     608.4145
      71     642.3564
      72     710.3842
      73     710.5229
      74     769.8425
      75     716.2243
      76     741.0083
      77     685.7068
      78     751.2316
      79     703.8097
      80     705.6624
      81     717.1285
      82     772.3973
      83     717.4665
      84     656.1099
      85     712.9054
      86     648.4323
      87     689.2548
      88     661.5777
      89     667.7890
      90     619.5978
      91     635.1966
      92     638.1339
      93     662.6352
      94     604.7722
      95     635.4658
      96     627.7802
      97     562.9085
      98     600.2224
      99     612.1922
     100     636.9605
     101     660.7995
     102     618.6597
     103     682.8094
     104     669.8179
     105     623.3246
     106     583.9650
     107     629.4023
     108     581.1337
     109     611.6362
     110     627.8844
     111     616.9972
     112     646.3598
     113     623.8923
     114     657.2392
     115     657.7027
     116     678.2116
     117     638.5011
     118     628.3395
     119     656.0630
     120     639.7427
     121     555.6072
     122     573.4368
     123     629.7976
     124     553.5823
     125     637.0449
     126     573.2564
     127     566.9137
     128     582.7003
     129     621.7089
     130     599.4285
     131     568.6002
     132     617.6243
     133     601.3388
     134     544.0854
     135     586.2637
     136     589.1749
     137     550.4571
     138     566.8286
     139     537.6754
     140     544.6130
     141     592.7674
     142     552.5900
     143     538.7159
     144     575.1492
     145     613.4070
     146     560.5869
     147     528.8479
     148     562.6874
     149     577.7519
     150     548.9849
     151     611.2956
     152     529.2973
     153     525.7069
     154     538.8774
     155     564.7345
     156     526.4786
     157     536.8315
     158     536.1059
     159     559.8111
     160     548.3880
     161     537.1313
     162     480.5020
     163     541.9517
     164     488.9560
     165     558.9482
     166     491.7751
     167     538.2866
     168     513.2802
     169     554.1830
     170     561.1369
     171     514.8078
     172     500.7341
     173     496.4514
     174     464.2069
     175     521.3375
     176     485.1187
     177     558.2800
     178     521.1350
     179     528.5051
     180     490.4543
     181     513.6117
     182     531.6239
     183     516.0901
     184     514.3525
     185     530.2273
     186     480.9282
     187     501.4928
     188     466.9287
     189     472.5533
     190     490.4968
     191     492.4588
     192     507.8855
     193     519.2194
     194     523.9540
     195     517.4502
     196     438.5644
     197     447.5722
     198     436.5138
     199     475.9671
     200     486.3639
     201     479.3978
     202     481.7084
     203     557.5230
     204     536.5929
     205     516.7616
     206     487.8706
     207     465.4239
     208     474.8555
     209     490.2555
     210     474.2437
     211     502.2325
     212     519.9209
     213     482.5637
     214     480.2536
     215     508.1050
     216     488.4369
     217     525.0517
     218     465.7159
     219     497.2692
     220     431.0966
     221     478.0398
     222     431.3014
     223     477.5971
     224     464.9144
     225     426.5829
     226     448.8420
     227     435.1957
     228     419.9312
     229     436.9349
     230     490.3034
     231     430.8342
     232     450.7246
     233     473.2956
     234     429.6480
     235     460.8188
     236     412.9340
     237     454.8413
     238     426.5928
     239     450.4290
     240     463.6176
     241     468.2219
     242     466.6292
     243     421.5617
     244     444.3973
     245     419.3522
     246     455.9947
     247     406.6967
     248     448.2459
     249     430.2138
     250     467.3409
     251     484.7261
     252     516.1601
     253     488.1754
     254     480.6441
     255     440.8370
     256     471.4605
     257     435.4757
     258     474.3762
     259     435.0782
     260     446.2636
     261     476.7837
     262     461.0107
     263     414.9444
     264     416.1887
     265     429.6523
     266     405.6591
     267     511.7949
     268     432.5204
     269     449.5995
     270     390.8590
     271     466.2550
     272     424.9166
     273     420.7926
     274     432.1850
     275     444.9698
     276     407.8540
     277     440.8253
     278     434.0345
     279     388.4493
     280     423.3563
     281     391.5157
     282     392.6770
     283     402.2151
     284     397.8927
     285     390.6596
     286     402.1603
     287     401.6335
     288     441.7152
     289     394.9926
     290     375.2359
     291     380.4438
     292     400.0554
     293     377.4461
     294     371.9300
     295     350.3038
     296     387.2955
     297     377.1165
     298     387.6683
     299     377.3614
     300     385.3335
     301     376.3683
     302     351.9024
     303     363.1621
     304     390.6311
     305     369.4233
     306     399.5888
     307     393.1978
     308     379.6818
     309     386.3887
     310     385.1263
     311     382.8146
     312     378.0887
     313     385.3286
     314     396.1987
     315     380.3697
     316     355.4568
     317     357.2748
     318     385.3070
     319     366.7161
     320     361.5449
     321     315.3342
     322     363.7324
     323     365.2007
     324     372.8610
     325     337.0328
     326     375.2656
     327     352.4217
     328     368.0500
     329     377.1958
     330     337.3289
     331     355.9547
     332     338.5742
     333     352.7621
     334     411.1866
     335     390.9057
     336     402.1391
     337     367.4120
     338     393.4809
     339     381.2457
     340     383.1381
     341     355.6607
     342     333.9041
     343     370.7275
     344     371.5722
     345     382.8008
     346     385.3775
     347     386.1820
     348     396.6446
     349     375.7858
     350     430.0968
     351     356.4840
     352     387.9060
     353     355.5835
     354     384.8223
     355     389.2914
     356     414.8031
     357     419.6433
     358     389.4310
     359     394.6297
     360     361.8514
     361     363.1682
     362     362.8096
     363     363.5803
     364     382.6377
     365     401.6076
     366     387.0727
     367     373.1081
     368     382.5572
     369     369.4957
     370     379.4940
     371     397.0436
     372     364.9497
     373     359.4743
     374     407.5107
     375     424.6881
     376     382.5477
     377     375.2497
     378     393.6852
     379     353.1341
     380     385.1907
     381     421.3672
     382     379.9327
     383     370.2038
     384     370.5926
     385     346.1597
     386     356.7819
     387     369.6938
     388     381.1701
     389     354.6361
     390     349.2625
     391     359.0319
     392     384.9052
     393     378.1537
     394     384.9510
     395     371.8743
     396     362.5564
     397     369.1849
     398     371.7130
     399     375.2149
     400     377.9045
