#Frame              T
       1    2984.8239
       2    2845.1773
       3    2614.3916
       4    2346.1103
       5    2097.7320
       6    1913.3066
       7    1811.6580
       8    1783.3171
       9    1796.7403
      10    1811.3034
      11    1792.4722
      12    1724.0185
      13    1613.3735
      14    1488.6692
      15    1388.7405
      16    1349.5718
      17    1391.7216
      18    1512.8708
      19    1687.8389
      20    1875.8382
      21    2032.3842
      22    2122.0021
      23    2127.8673
      24    2055.6596
      25    1930.7021
      26    1789.4785
      27    1668.3157
      28    1592.8943
      29    1571.8450
      30    1596.1336
      31    1643.8719
      32    1688.5711
      33    1708.0302
      34    1691.1324
      35    1640.6891
      36    1571.8168
      37    1506.6784
      38    1467.3983
      39    1469.3117
      40    1516.4217
      41    1600.2517
      42    1702.2591
      43    1798.9631
      44    1868.1974
      45    1894.7004
      46    1873.6130
      47    1811.1674
      48    1722.6331
      49    1628.2434
      50    1548.1960
      51    1497.9224
      52    1484.6540
      53    1505.9803
      54    1550.6888
      55    1601.7094
      56    1640.5809
      57    1652.4649
      58    1630.4906
      59    1578.1880
      60    1509.0894
      61    1443.2874
      62    1401.6793
      63    1399.5025
      64    1441.1601
      65    1518.0101
      66    1609.9885
      67    1690.8694
      68    1735.8400
      69    1729.1887
      70    1669.6493
      71    1571.5023
      72    1460.8028
      73    1367.7074
      74    1317.2145
      75    1321.2720
      76    1374.8638
      77    1457.4750
      78    1539.6580
      79    1592.7030
      80    1598.2605
      81    1554.6010
      82    1477.2804
      83    1393.9582
      84    1335.1516
      85    1324.0755
      86    1368.9761
      87    1460.5349
      88    1575.1650
      89    1682.9587
      90    1757.4650
      91    1783.9251
      92    1763.2531
      93    1710.6002
      94    1649.2088
      95    1601.9381
      96    1583.5982
      97    1596.7761
      98    1632.2620
      99    1673.3821
     100    1702.3170
     101    1706.1328
     102    1680.6638
     103    1631.2375
     104    1570.2401
     105    1512.5846
     106    1470.9512
     107    1452.5613
     108    1458.1708
     109    1482.9668
     110    1518.6663
     111    1556.0468
     112    1587.2184
     113    1607.1535
     114    1614.2403
     115    1609.9097
     116    1597.6566
     117    1581.8763
     118    1566.8232
     119    1555.8315
     120    1550.8354
     121    1552.1540
     122    1558.4870
     123    1567.0940
     124    1574.2498
     125    1576.1334
     126    1570.0304
     127    1555.3550
     128    1533.9596
     129    1509.5730
     130    1486.6174
     131    1468.8829
     132    1458.5348
     133    1455.7381
     134    1458.8421
     135    1464.8432
     136    1470.0655
     137    1471.2252
     138    1466.7016
     139    1457.3578
     140    1446.3634
     141    1438.0297
     142    1436.2088
     143    1443.0249
     144    1458.4061
     145    1480.3301
     146    1505.4333
     147    1529.7753
     148    1549.6879
     149    1562.5981
     150    1567.6225
     151    1565.7228
     152    1559.3140
     153    1551.4140
     154    1544.5976
     155    1540.0784
     156    1537.2178
     157    1533.6244
     158    1525.8624
     159    1510.6108
     160    1485.9806
     161    1452.6044
     162    1414.0743
     163    1376.3487
     164    1346.0392
     165    1328.1527
     166    1324.5203
     167    1333.7837
     168    1352.6228
     169    1377.3148
     170    1405.0049
     171    1434.3797
     172    1465.5880
     173    1499.4591
     174    1536.3451
     175    1575.1118
     176    1612.7781
     177    1645.0351
     178    1667.4453
     179    1676.7521
     180    1671.7101
     181    1653.1450
     182    1623.3873
     183    1585.5120
     184    1542.8274
     185    1498.7822
     186    1457.1378
     187    1422.0546
     188    1397.7525
     189    1387.6675
     190    1393.3456
     191    1413.5417
     192    1444.0279
     193    1478.3797
     194    1509.6358
     195    1532.3208
     196    1544.1049
     197    1546.4042
     198    1543.5981
     199    1541.0611
     200    1542.7490
     201    1549.3401
     202    1557.7566
     203    1562.3405
     204    1557.2505
     205    1539.1250
     206    1508.9471
     207    1472.3503
     208    1438.1829
     209    1415.7579
     210    1411.7024
     211    1427.4966
     212    1458.6215
     213    1495.7799
     214    1527.9322
     215    1546.0494
     216    1546.0467
     217    1529.6980
     218    1503.3287
     219    1475.0107
     220    1451.4765
     221    1435.9408
     222    1427.5495
     223    1422.5056
     224    1416.2648
     225    1405.8599
     226    1391.4402
     227    1376.4767
     228    1366.5925
     229    1367.4939
     230    1382.8025
     231    1412.5852
     232    1453.0951
     233    1497.7598
     234    1539.0070
     235    1570.2768
     236    1587.5795
     237    1590.1290
     238    1579.9392
     239    1560.6121
     240    1535.8638
     241    1508.3991
     242    1479.5501
     243    1449.7133
     244    1419.2629
     245    1389.4500
     246    1362.8629
     247    1343.2274
     248    1334.5934
     249    1340.1616
     250    1361.1419
     251    1396.0361
     252    1440.6316
     253    1488.7853
     254    1533.8266
     255    1570.1958
     256    1594.8180
     257    1607.7410
     258    1611.7622
     259    1611.0790
     260    1609.3898
     261    1608.1594
     262    1605.7718
     263    1598.0049
     264    1579.7474
     265    1547.3758
     266    1500.9084
     267    1445.0727
     268    1388.7722
     269    1343.0041
     270    1317.8393
     271    1319.4292
     272    1348.0361
     273    1397.7751
     274    1458.2118
     275    1517.3403
     276    1565.0134
     277    1595.7037
     278    1609.6749
     279    1612.1452
     280    1610.7258
     281    1612.0703
     282    1619.0105
     283    1629.2922
     284    1636.3898
     285    1632.0623
     286    1609.6460
     287    1566.8375
     288    1506.9743
     289    1438.4252
     290    1372.3814
     291    1319.8228
     292    1288.5961
     293    1281.4747
     294    1295.8036
     295    1324.8056
     296    1360.0007
     297    1393.7895
     298    1421.3521
     299    1441.4341
     300    1455.9855
     301    1468.9384
     302    1484.5575
     303    1505.8283
     304    1533.2763
     305    1564.4883
     306    1594.4630
     307    1616.7133
     308    1624.8802
     309    1614.4996
     310    1584.4817
     311    1537.8482
     312    1481.3984
     313    1424.2660
     314    1375.6717
     315    1342.4792
     316    1327.2833
     317    1327.6670
     318    1336.9782
     319    1346.5128
     320    1348.5279
     321    1339.1139
     322    1319.8776
     323    1297.7126
     324    1282.5666
     325    1283.8107
     326    1306.4095
     327    1348.4082
     328    1400.9786
     329    1451.1975
     330    1486.4291
     331    1498.5454
     332    1486.4606
     333    1456.1866
     334    1418.4847
     335    1385.0061
     336    1364.3439
     337    1359.3993
     338    1366.9220
     339    1379.2231
     340    1387.3114
     341    1384.3012
     342    1367.9692
     343    1341.6676
     344    1313.3918
     345    1293.3506
     346    1290.8356
     347    1311.3102
     348    1354.5219
     349    1414.1647
     350    1479.2414
     351    1536.7888
     352    1575.2120
     353    1587.2641
     354    1571.8234
     355    1534.0016
     356    1483.6227
     357    1432.5497
     358    1391.5879
     359    1367.7648
     360    1362.6697
     361    1372.2648
     362    1388.2171
     363    1400.4373
     364    1400.2023
     365    1383.0185
     366    1350.3467
     367    1309.5216
     368    1271.7419
     369    1248.6759
     370    1248.7657
     371    1274.4612
     372    1321.3090
     373    1379.1967
     374    1435.3118
     375    1477.8188
     376    1499.0616
     377    1497.3365
     378    1476.8398
     379    1445.9970
     380    1414.7959
     381    1391.8950
     382    1382.2705
     383    1386.0146
     384    1398.5644
     385    1412.2392
     386    1418.6222
     387    1411.1532
     388    1387.2919
     389    1349.6876
     390    1305.9593
     391    1266.9994
     392    1244.1314
     393    1245.8403
     394    1275.0359
     395    1327.7469
     396    1393.8048
     397    1459.4440
     398    1511.1244
     399    1539.3939
     400    1541.5643
     401    1522.3052
     402    1491.9272
     403    1462.8931
     404    1445.6835
     405    1445.3852
     406    1460.1233
     407    1481.8587
     408    1499.3064
     409    1502.0059
     410    1484.2021
     411    1447.1955
     412    1399.2898
     413    1353.2082
     414    1321.7578
     415    1313.2302
     416    1328.2500
     417    1359.3372
     418    1393.4567
     419    1416.6794
     420    1419.2338
     421    1399.0539
     422    1362.4849
     423    1321.9075
     424    1291.2074
     425    1280.7895
     426    1293.9361
     427    1325.7562
     428    1365.0179
     429    1398.1751
     430    1414.1569
     431    1408.1767
     432    1383.1832
     433    1348.5268
     434    1316.4939
     435    1298.0850
     436    1299.5417
     437    1320.7194
     438    1355.6589
     439    1394.9607
     440    1428.9842
     441    1450.7581
     442    1457.7066
     443    1451.7727
     444    1438.0865
     445    1422.8157
     446    1411.0655
     447    1405.5396
     448    1406.2344
     449    1410.9721
     450    1416.3904
     451    1419.0989
     452    1416.8454
     453    1409.4067
     454    1398.7943
     455    1388.5469
     456    1382.4276
     457    1383.2205
     458    1392.1015
     459    1408.5597
     460    1430.6422
     461    1455.3883
     462    1479.4100
     463    1499.5472
     464    1513.4562
     465    1519.9693
     466    1519.1211
     467    1511.8760
     468    1499.6856
     469    1484.0204
     470    1466.0297
     471    1446.4622
     472    1425.9250
     473    1405.3898
     474    1386.5732
     475    1371.7045
     476    1362.5608
     477    1359.4319
     478    1360.9782
     479    1365.1304
     480    1370.2494
     481    1375.7761
     482    1382.1579
     483    1390.2100
     484    1400.2654
     485    1411.5169
     486    1421.8844
     487    1428.5182
     488    1428.7828
     489    1421.3560
     490    1407.0275
     491    1388.8471
     492    1371.4959
     493    1359.9940
     494    1358.1301
     495    1367.1417
     496    1385.1199
     497    1407.4420
     498    1428.2373
     499    1442.5303
     500    1448.2973
     501    1447.5093
     502    1445.5279
     503    1448.8514
     504    1462.0185
     505    1485.0247
     506    1512.5283
     507    1535.3270
     508    1543.5506
     509    1530.3081
     510    1494.4309
     511    1441.3077
     512    1381.4637
     513    1327.3451
     514    1289.4469
     515    1273.1884
     516    1277.5839
     517    1296.0379
     518    1318.8819
     519    1336.8166
     520    1344.1270
     521    1340.5033
     522    1330.7917
     523    1322.8600
     524    1324.4660
     525    1340.2750
     526    1370.0023
     527    1408.2623
     528    1446.1363
     529    1473.9435
     530    1484.2922
     531    1474.3742
     532    1446.7572
     533    1408.4681
     534    1368.7555
     535    1336.3369
     536    1317.0083
     537    1312.3149
     538    1319.5872
     539    1333.2388
     540    1346.8539
     541    1355.4024
     542    1356.9101
     543    1353.1128
     544    1348.8942
     545    1350.6513
     546    1364.0226
     547    1391.6817
     548    1431.9470
     549    1478.7792
     550    1523.2507
     551    1556.0647
     552    1570.3311
     553    1563.6932
     554    1539.0845
     555    1503.8147
     556    1467.2483
     557    1437.8174
     558    1420.3860
     559    1414.9001
     560    1416.8335
     561    1419.2398
     562    1415.6070
     563    1402.4559
     564    1380.7495
     565    1355.6555
     566    1334.7378
     567    1325.2061
     568    1331.1875
     569    1352.0079
     570    1382.1467
     571    1412.9358
     572    1435.4150
     573    1443.2941
     574    1434.9208
     575    1413.5407
     576    1385.8574
     577    1359.5572
     578    1340.8003
     579    1332.5485
     580    1334.1621
     581    1342.1908
     582    1351.9136
     583    1359.0258
     584    1360.9336
     585    1357.3263
     586    1349.9795
     587    1341.9706
     588    1336.6140
     589    1336.4393
     590    1342.4646
     591    1353.9126
     592    1368.4286
     593    1382.7166
     594    1393.3896
     595    1397.7940
     596    1394.6117
     597    1384.1457
     598    1368.2360
     599    1349.8290
     600    1332.2658
     601    1318.4447
     602    1310.1043
     603    1307.5270
     604    1309.9107
     605    1316.3783
     606    1326.8963
     607    1341.9031
     608    1360.8195
     609    1381.8056
     610    1403.3007
     611    1424.9482
     612    1446.9316
     613    1468.7987
     614    1488.7594
     615    1503.7954
     616    1510.5563
     617    1506.6523
     618    1491.7006
     619    1467.6133
     620    1438.0575
     621    1407.3772
     622    1379.4078
     623    1356.5679
     624    1339.4912
     625    1327.2550
     626    1318.0685
     627    1310.1203
     628    1302.2645
     629    1294.3349
     630    1287.0435
     631    1281.5706
     632    1279.0164
     633    1279.8879
     634    1283.7743
     635    1289.3179
     636    1294.5331
     637    1297.4354
     638    1296.8431
     639    1293.1746
     640    1288.8721
     641    1287.7610
     642    1293.0319
     643    1305.2341
     644    1322.2530
     645    1340.8260
     646    1357.8609
     647    1371.0719
     648    1379.2554
     649    1382.4006
     650    1381.6785
     651    1379.3139
     652    1378.2368
     653    1381.4101
     654    1390.9122
     655    1407.0612
     656    1427.9413
     657    1449.6091
     658    1467.0332
     659    1475.5283
     660    1472.2348
     661    1457.1530
     662    1433.3649
     663    1406.3038
     664    1382.2155
     665    1366.2545
     666    1360.8168
     667    1364.6988
     668    1373.4106
     669    1380.6159
     670    1380.2563
     671    1368.6422
     672    1345.7623
     673    1315.3286
     674    1283.5460
     675    1257.0654
     676    1240.8513
     677    1236.7007
     678    1242.8561
     679    1254.7742
     680    1266.7081
     681    1273.5359
     682    1272.2344
     683    1262.5966
     684    1247.0854
     685    1230.0077
     686    1216.3436
     687    1210.5489
     688    1215.5570
     689    1232.1079
     690    1258.4807
     691    1290.7039
     692    1323.2962
     693    1350.5161
     694    1367.9156
     695    1373.7613
     696    1369.7713
     697    1360.7269
     698    1352.9185
     699    1351.8760
     700    1360.2000
     701    1376.3365
     702    1394.8120
     703    1407.9188
     704    1408.3498
     705    1391.9046
     706    1359.3214
     707    1316.5000
     708    1272.9567
     709    1239.0194
     710    1222.7341
     711    1227.4721
     712    1250.9688
     713    1286.1957
     714    1323.8984
     715    1355.8187
     716    1377.2581
     717    1388.0062
     718    1391.4733
     719    1392.5392
     720    1395.0588
     721    1399.9841
     722    1404.8228
     723    1404.6181
     724    1394.0822
     725    1370.0394
     726    1333.1947
     727    1288.4839
     728    1243.8089
     729    1207.5992
     730    1186.1101
     731    1181.4680
     732    1191.2000
     733    1209.4075
     734    1229.1384
     735    1245.0357
     736    1255.2175
     737    1261.6270
     738    1268.7187
     739    1281.0612
     740    1300.8923
     741    1326.6618
     742    1353.1451
     743    1373.0683
     744    1379.6004
     745    1368.8077
     746    1341.2074
     747    1301.8765
     748    1259.0679
     749    1221.8041
     750    1197.3130
     751    1189.1836
     752    1196.7398
     753    1215.6035
     754    1239.1948
     755    1260.8693
     756    1276.0996
     757    1283.8001
     758    1286.2572
     759    1287.8325
     760    1293.0530
     761    1304.7487
     762    1322.7970
     763    1343.8229
     764    1361.9788
     765    1370.6186
     766    1364.4126
     767    1341.2610
     768    1303.3541
     769    1256.9176
     770    1210.6322
     771    1173.2561
     772    1151.2329
     773    1146.9888
     774    1158.3729
     775    1179.4146
     776    1202.2086
     777    1219.3566
     778    1226.1918
     779    1222.0805
     780    1210.3952
     781    1197.1899
     782    1189.0225
     783    1190.6736
     784    1203.5377
     785    1225.2307
     786    1250.4975
     787    1273.0672
     788    1287.7916
     789    1292.3543
     790    1287.9896
     791    1278.9737
     792    1271.0948
     793    1269.6638
     794    1277.7548
     795    1295.2137
     796    1318.6741
     797    1342.5372
     798    1360.5929
     799    1367.8044
     800    1361.7273
     801    1343.1681
     802    1315.9302
     803    1285.7781
     804    1258.9468
     805    1240.6143
     806    1233.7088
     807    1238.2925
     808    1251.6225
     809    1268.8719
     810    1284.3852
     811    1293.2228
     812    1292.5876
     813    1282.6807
     814    1266.6250
     815    1249.4091
     816    1236.1542
     817    1230.3065
     818    1232.4253
     819    1240.0318
     820    1248.5746
     821    1253.1387
     822    1250.2562
     823    1239.1606
     824    1222.0673
     825    1203.4081
     826    1188.3211
     827    1180.9358
     828    1183.0548
     829    1193.6868
     830    1209.5751
     831    1226.5073
     832    1240.8881
     833    1250.9787
     834    1257.3455
     835    1262.4001
     836    1269.2738
     837    1280.5156
     838    1297.1291
     839    1318.2894
     840    1341.7516
     841    1364.6992
     842    1384.6151
     843    1399.8165
     844    1409.4884
     845    1413.3334
     846    1411.1759
     847    1402.8534
     848    1388.4816
     849    1368.9035
     850    1345.9532
     851    1322.2676
     852    1300.6058
     853    1282.9397
     854    1269.7133
     855    1259.6793
     856    1250.4736
     857    1239.7680
     858    1226.5527
     859    1211.9814
     860    1199.3511
     861    1193.1227
     862    1197.2990
     863    1213.7704
     864    1241.2908
     865    1275.5215
     866    1310.1603
     867    1338.7504
     868    1356.5416
     869    1361.7658
     870    1355.9340
     871    1343.0886
     872    1328.2674
     873    1315.6731
     874    1307.1976
     875    1301.8959
     876    1296.6586
     877    1287.8310
     878    1273.1036
     879    1252.8085
     880    1230.0247
     881    1209.5465
     882    1196.3640
     883    1194.1953
     884    1204.2942
     885    1224.7893
     886    1250.8825
     887    1276.0127
     888    1293.7114
     889    1299.5769
     890    1292.7112
     891    1276.0982
     892    1255.7267
     893    1238.6593
     894    1230.6278
     895    1233.9528
     896    1246.5762
     897    1262.6691
     898    1274.6800
     899    1276.1082
     900    1264.0072
     901    1240.3053
     902    1211.4522
     903    1186.4195
     904    1173.6534
     905    1178.0064
     906    1198.7630
     907    1229.5364
     908    1260.1749
     909    1280.0894
     910    1281.8999
     911    1264.1358
     912    1231.9890
     913    1195.7571
     914    1167.4343
     915    1156.6154
     916    1167.1659
     917    1195.8775
     918    1233.6235
     919    1268.6222
     920    1290.6309
     921    1294.5415
     922    1282.0641
     923    1260.9099
     924    1241.8305
     925    1234.6407
     926    1244.7198
     927    1271.2316
     928    1307.6245
     929    1344.1058
     930    1371.0983
     931    1382.3961
     932    1376.9238
     933    1358.5721
     934    1334.3108
     935    1311.4316
     936    1295.0500
     937    1286.7926
     938    1285.0085
     939    1286.1696
     940    1286.6827
     941    1284.3130
     942    1278.7370
     943    1271.1923
     944    1263.5781
     945    1257.5131
     946    1253.7818
     947    1252.3281
     948    1252.6677
     949    1254.4058
     950    1257.5251
     951    1262.2718
     952    1268.7164
     953    1276.2619
     954    1283.4491
     955    1288.2477
     956    1288.8091
     957    1284.3936
     958    1276.0643
     959    1266.7778
     960    1260.6978
     961    1261.8725
     962    1272.6673
     963    1292.5155
     964    1317.4792
     965    1340.9351
     966    1355.3438
     967    1354.6383
     968    1336.4143
     969    1303.0769
     970    1261.4865
     971    1221.1571
     972    1191.5410
     973    1179.2131
     974    1185.8205
     975    1207.5152
     976    1236.1384
     977    1261.8755
     978    1276.5438
     979    1276.4168
     980    1263.6056
     981    1245.4696
     982    1232.1506
     983    1232.9559
     984    1252.7711
     985    1289.8043
     986    1335.6021
     987    1377.4997
     988    1402.7790
     989    1403.1130
     990    1377.6863
     991    1333.7761
     992    1284.4774
     993    1244.3007
     994    1224.1719
     995    1227.6288
     996    1249.6166
     997    1278.3995
     998    1299.9788
     999    1303.4336
    1000    1285.1747
    1001    1250.1484
    1002    1210.1362
    1003    1179.1532
    1004    1168.3202
    1005    1181.7203
    1006    1214.7560
    1007    1255.7129
    1008    1290.0592
    1009    1305.8685
    1010    1298.2712
    1011    1271.1765
    1012    1235.5837
    1013    1205.1898
    1014    1191.1278
    1015    1198.0115
    1016    1222.7921
    1017    1256.6542
    1018    1288.9456
    1019    1311.4329
    1020    1321.2088
    1021    1321.2175
    1022    1318.3191
    1023    1319.7576
    1024    1329.5401
    1025    1346.2848
    1026    1363.4912
    1027    1372.1094
    1028    1364.2946
    1029    1336.7658
    1030    1292.4025
    1031    1239.4648
    1032    1188.7705
    1033    1149.9859
    1034    1128.5066
    1035    1124.1054
    1036    1131.7889
    1037    1144.3921
    1038    1155.7901
    1039    1163.3914
    1040    1168.9410
    1041    1177.3471
    1042    1194.0738
    1043    1222.1969
    1044    1260.3407
    1045    1302.3645
    1046    1338.9826
    1047    1360.7680
    1048    1361.4581
    1049    1340.3308
    1050    1302.7289
    1051    1258.4638
    1052    1218.6155
    1053    1191.8783
    1054    1181.8051
    1055    1185.9777
    1056    1197.3885
    1057    1207.4601
    1058    1209.5219
    1059    1201.4166
    1060    1186.3155
    1061    1171.5175
    1062    1165.7396
    1063    1175.8498
    1064    1204.0968
    1065    1246.7294
    1066    1294.5993
    1067    1335.8144
    1068    1359.6914
    1069    1360.4667
    1070    1339.2393
    1071    1303.4475
    1072    1264.1900
    1073    1232.4077
    1074    1215.2711
    1075    1214.0373
    1076    1224.1431
    1077    1237.4298
    1078    1245.4661
    1079    1242.5222
    1080    1227.3318
    1081    1203.5128
    1082    1178.4679
    1083    1160.7704
    1084    1156.9010
    1085    1168.6828
    1086    1192.5252
    1087    1220.8834
    1088    1245.3720
    1089    1260.1618
    1090    1264.1816
    1091    1261.2411
    1092    1258.1199
    1093    1261.4586
    1094    1274.7476
    1095    1296.6406
    1096    1321.2985
    1097    1340.6697
    1098    1347.8150
    1099    1339.9014
    1100    1319.5591
    1101    1293.9297
    1102    1271.7249
    1103    1259.5396
    1104    1259.0957
    1105    1266.6883
    1106    1275.0079
    1107    1276.4266
    1108    1266.2952
    1109    1244.9162
    1110    1217.4509
    1111    1191.8597
    1112    1175.7595
    1113    1173.4819
    1114    1184.5010
    1115    1203.8155
    1116    1224.0621
    1117    1238.4508
    1118    1243.3398
    1119    1239.4424
    1120    1231.2243
    1121    1224.7639
    1122    1225.0328
    1123    1233.7983
    1124    1249.0350
    1125    1265.9787
    1126    1279.2400
    1127    1285.0183
    1128    1282.4927
    1129    1273.8827
    1130    1263.2512
    1131    1254.6401
    1132    1250.3858
    1133    1250.3569
    1134    1252.4066
    1135    1253.7446
    1136    1252.5018
    1137    1248.7238
    1138    1244.3626
    1139    1242.3210
    1140    1245.0021
    1141    1253.0087
    1142    1264.5706
    1143    1275.9799
    1144    1282.9089
    1145    1282.1227
    1146    1272.8996
    1147    1257.4875
    1148    1240.2683
    1149    1225.9117
    1150    1217.4323
    1151    1215.1207
    1152    1216.7228
    1153    1218.5824
    1154    1217.2252
    1155    1210.8501
    1156    1200.2103
    1157    1188.4731
    1158    1179.9892
    1159    1178.4066
    1160    1184.9646
    1161    1197.7471
    1162    1212.2265
    1163    1222.8649
    1164    1225.1452
    1165    1217.2807
    1166    1200.9439
    1167    1180.7262
    1168    1162.5520
    1169    1151.7024
    1170    1151.1927
    1171    1161.0016
    1172    1178.3052
    1173    1198.5751
    1174    1217.1521
    1175    1230.7540
    1176    1238.3934
    1177    1241.4105
    1178    1242.6521
    1179    1245.1116
    1180    1250.5308
    1181    1258.5048
    1182    1266.4823
    1183    1270.6985
    1184    1267.6849
    1185    1255.7717
    1186    1235.9833
    1187    1211.9599
    1188    1188.9169
    1189    1172.0405
    1190    1164.9120
    1191    1168.5057
    1192    1181.0483
    1193    1198.7443
    1194    1217.0888
    1195    1232.3097
    1196    1242.4108
    1197    1247.4335
    1198    1248.8831
    1199    1248.6290
    1200    1247.7826
    1201    1246.0258
    1202    1241.7435
    1203    1232.9849
    1204    1218.8973
    1205    1200.9254
    1206    1183.0136
    1207    1170.4515
    1208    1167.6778
    1209    1175.9858
    1210    1192.3068
    1211    1209.8570
    1212    1220.5897
    1213    1218.5159
    1214    1202.5311
    1215    1177.5036
    1216    1153.0328
    1217    1140.1649
    1218    1147.1992
    1219    1176.1743
    1220    1221.4563
    1221    1271.1489
    1222    1310.9758
    1223    1329.3153
    1224    1321.5222
    1225    1291.8463
    1226    1252.0988
    1227    1217.4582
    1228    1200.9212
    1229    1208.4771
    1230    1236.8186
    1231    1274.4594
    1232    1305.8510
    1233    1316.9925
    1234    1300.5049
    1235    1258.3465
    1236    1201.1897
    1237    1144.6970
    1238    1104.1017
    1239    1089.0999
    1240    1100.8603
    1241    1132.1119
    1242    1170.1287
    1243    1201.4382
    1244    1216.5254
    1245    1212.8899
    1246    1195.4541
    1247    1174.3121
    1248    1160.7436
    1249    1163.0046
    1250    1183.4208
    1251    1217.7479
    1252    1256.8891
    1253    1290.1949
    1254    1309.0768
    1255    1309.6640
    1256    1293.6632
    1257    1267.2760
    1258    1238.7308
    1259    1215.4431
    1260    1201.8269
    1261    1198.4370
    1262    1202.5538
    1263    1209.8043
    1264    1216.1087
    1265    1219.1919
    1266    1219.1437
    1267    1217.9278
    1268    1218.1565
    1269    1221.7336
    1270    1228.9600
    1271    1238.4531
    1272    1247.8415
    1273    1254.8637
    1274    1258.3212
    1275    1258.4225
    1276    1256.3318
    1277    1253.1350
    1278    1248.7446
    1279    1241.4203
    1280    1228.3226
    1281    1207.0274
    1282    1177.3634
    1283    1142.6560
    1284    1109.6138
    1285    1086.6404
    1286    1081.1287
    1287    1096.7386
    1288    1131.6522
    1289    1178.4429
    1290    1225.8080
    1291    1261.8811
    1292    1278.1531
    1293    1272.5746
    1294    1250.5232
    1295    1223.0065
    1296    1202.5452
    1297    1198.2093
    1298    1211.8065
    1299    1236.8436
    1300    1260.7674
    1301    1269.7045
    1302    1253.9795
    1303    1212.3293
    1304    1153.1305
    1305    1092.0030
    1306    1046.5535
    1307    1030.1674
    1308    1047.1590
    1309    1091.1054
    1310    1147.0119
    1311    1196.5447
    1312    1224.4533
    1313    1223.8461
    1314    1198.4168
    1315    1160.8320
    1316    1127.9303
    1317    1114.5629
    1318    1128.3481
    1319    1167.2002
    1320    1220.3805
    1321    1272.5320
    1322    1309.1227
    1323    1321.3390
    1324    1308.7606
    1325    1279.0039
    1326    1244.6168
    1327    1218.4487
    1328    1209.2010
    1329    1218.6820
    1330    1241.6057
    1331    1267.8278
    1332    1286.0982
    1333    1287.9582
    1334    1270.4448
    1335    1236.7749
    1336    1194.9418
    1337    1154.8999
    1338    1125.4057
    1339    1111.5877
    1340    1113.9255
    1341    1128.7845
    1342    1150.1167
    1343    1171.6251
    1344    1188.6524
    1345    1199.2299
    1346    1204.0771
    1347    1205.7456
    1348    1207.3844
    1349    1211.6261
    1350    1219.8592
    1351    1231.9255
    1352    1246.1850
    1353    1259.9160
    1354    1270.0100
    1355    1273.7680
    1356    1269.5337
    1357    1257.0491
    1358    1237.5493
    1359    1213.6162
    1360    1188.7871
    1361    1166.9537
    1362    1151.6565
    1363    1145.4122
    1364    1149.1929
    1365    1162.1374
    1366    1181.5547
    1367    1203.2917
    1368    1222.5053
    1369    1234.7805
    1370    1237.3659
    1371    1230.1809
    1372    1216.2175
    1373    1201.0173
    1374    1191.1148
    1375    1191.7305
    1376    1204.5430
    1377    1226.6092
    1378    1251.0583
    1379    1269.3104
    1380    1273.9451
    1381    1261.2876
    1382    1232.9014
    1383    1195.4296
    1384    1158.6730
    1385    1132.4025
    1386    1122.9713
    1387    1131.0125
    1388    1151.1792
    1389    1174.0731
    1390    1189.6373
    1391    1190.7770
    1392    1175.8874
    1393    1149.3628
    1394    1119.9119
    1395    1097.3771
    1396    1089.3153
    1397    1098.6039
    1398    1122.8239
    1399    1155.4661
    1400    1188.3661
    1401    1214.4028
    1402    1229.5065
    1403    1233.3625
    1404    1228.7413
    1405    1219.9084
    1406    1210.8685
    1407    1204.1287
    1408    1200.3292
    1409    1198.6439
    1410    1197.5973
    1411    1195.9742
    1412    1193.5198
    1413    1191.0585
    1414    1189.8684
    1415    1190.7004
    1416    1193.1393
    1417    1195.6432
    1418    1196.1376
    1419    1192.8570
    1420    1185.1202
    1421    1173.7309
    1422    1160.8376
    1423    1149.2888
    1424    1141.7387
    1425    1139.8595
    1426    1143.9453
    1427    1153.0065
    1428    1165.2167
    1429    1178.4837
    1430    1190.9974
    1431    1201.6751
    1432    1210.3300
    1433    1217.4586
    1434    1223.7621
    1435    1229.7046
    1436    1235.2913
    1437    1240.0625
    1438    1243.1927
    1439    1243.6122
    1440    1240.1297
    1441    1231.5891
    1442    1217.1088
    1443    1196.4136
    1444    1170.2041
    1445    1140.4341
    1446    1110.3120
    1447    1083.8794
    1448    1065.1647
    1449    1057.1128
    1450    1060.6378
    1451    1074.1493
    1452    1093.7718
    1453    1114.2832
    1454    1130.5762
    1455    1139.2316
    1456    1139.6619
    1457    1134.3547
    1458    1128.0481
    1459    1126.0900
    1460    1132.5522
    1461    1148.7626
    1462    1172.7520
    1463    1199.7691
    1464    1223.6690
    1465    1238.7600
    1466    1241.5905
    1467    1232.1435
    1468    1214.0252
    1469    1193.5085
    1470    1177.6721
    1471    1172.1913
    1472    1179.4614
    1473    1197.6514
    1474    1221.0200
    1475    1241.4693
    1476    1250.9207
    1477    1243.8210
    1478    1219.0107
    1479    1180.3452
    1480    1135.8047
    1481    1095.2870
    1482    1067.7389
    1483    1058.5237
    1484    1067.8992
    1485    1091.1486
    1486    1120.3365
    1487    1147.0976
    1488    1165.4789
    1489    1173.8411
    1490    1175.1438
    1491    1175.5376
    1492    1181.7935
    1493    1198.5223
    1494    1226.1947
    1495    1260.6725
    1496    1294.4026
    1497    1318.8422
    1498    1327.2642
    1499    1316.9772
    1500    1290.2119
    1501    1253.3735
    1502    1214.9369
    1503    1182.7682
    1504    1161.8633
    1505    1153.2742
    1506    1154.4302
    1507    1160.5148
    1508    1166.2736
    1509    1167.6736
    1510    1163.0023
    1511    1153.1706
    1512    1141.1684
    1513    1130.8614
    1514    1125.5793
    1515    1127.0392
    1516    1134.9601
    1517    1147.4254
    1518    1161.7272
    1519    1175.3009
    1520    1186.3674
    1521    1194.1061
    1522    1198.4226
    1523    1199.5929
    1524    1198.0886
    1525    1194.7041
    1526    1190.8071
    1527    1188.3931
    1528    1189.7145
    1529    1196.5019
    1530    1209.0667
    1531    1225.6973
    1532    1242.7269
    1533    1255.3956
    1534    1259.2870
    1535    1251.8384
    1536    1233.3493
    1537    1207.0762
    1538    1178.3320
    1539    1152.8681
    1540    1135.0779
    1541    1126.6268
    1542    1125.9863
    1543    1129.0333
    1544    1130.5440
    1545    1126.1030
    1546    1113.7815
    1547    1095.0042
    1548    1074.3115
    1549    1058.0652
    1550    1052.4652
    1551    1061.4801
    1552    1085.4120
    1553    1120.6380
    1554    1160.6193
    1555    1197.7790
    1556    1225.6087
    1557    1240.3729
    1558    1241.9436
    1559    1233.5488
    1560    1220.5261
    1561    1208.4719
    1562    1201.3828
    1563    1200.4037
    1564    1203.5917
    1565    1206.7441
    1566    1204.9856
    1567    1194.5799
    1568    1174.3921
    1569    1146.5173
    1570    1115.7953
    1571    1088.2905
    1572    1069.2726
    1573    1061.5261
    1574    1064.6970
    1575    1075.8748
    1576    1091.0441
    1577    1106.7498
    1578    1121.3043
    1579    1135.0816
    1580    1149.7929
    1581    1167.0754
    1582    1187.0415
    1583    1207.4921
    1584    1224.2174
    1585    1232.3361
    1586    1228.1760
    1587    1210.9430
    1588    1183.4893
    1589    1151.7802
    1590    1123.1050
    1591    1103.5286
    1592    1095.5198
    1593    1096.9259
    1594    1101.9625
    1595    1103.7476
    1596    1097.1905
    1597    1081.1606
    1598    1059.2734
    1599    1038.9921
    1600    1029.1591
    1601    1036.6124
    1602    1063.1157
    1603    1104.0296
    1604    1149.4949
    1605    1187.7083
    1606    1209.0133
    1607    1209.3405
    1608    1191.7839
    1609    1165.6745
    1610    1143.3279
    1611    1135.5550
    1612    1147.7172
    1613    1177.9748
    1614    1218.3055
    1615    1257.6203
    1616    1285.6224
    1617    1296.0396
    1618    1288.2133
    1619    1266.6430
    1620    1238.8008
    1621    1212.1402
    1622    1191.4770
    1623    1177.6881
    1624    1168.0859
    1625    1158.1402
    1626    1143.7494
    1627    1123.1695
    1628    1097.9430
    1629    1072.5888
    1630    1053.0886
    1631    1044.4999
    1632    1048.7424
    1633    1064.0798
    1634    1086.6235
    1635    1112.4561
    1636    1139.0076
    1637    1165.3353
    1638    1191.5433
    1639    1217.7267
    1640    1242.9370
    1641    1264.6720
    1642    1279.2132
    1643    1282.7626
    1644    1272.9590
    1645    1250.1425
    1646    1217.8186
    1647    1182.0762
    1648    1150.1085
    1649    1128.2180
    1650    1119.8060
    1651    1124.0794
    1652    1136.3360
    1653    1149.9767
    1654    1159.2239
    1655    1161.2705
    1656    1157.1621
    1657    1151.2701
    1658    1149.5848
    1659    1157.3665
    1660    1176.9269
    1661    1206.3148
    1662    1239.4004
    1663    1267.4060
    1664    1281.4575
    1665    1275.3721
    1666    1247.7944
    1667    1202.9864
    1668    1149.9574
    1669    1100.0871
    1670    1063.8555
    1671    1047.6822
    1672    1052.0372
    1673    1071.5898
    1674    1097.2880
    1675    1119.4657
    1676    1130.8631
    1677    1128.6998
    1678    1115.3333
    1679    1097.3780
    1680    1083.4493
    1681    1081.1606
    1682    1094.3970
    1683    1121.8486
    1684    1157.3033
    1685    1191.5408
    1686    1215.1695
    1687    1221.4921
    1688    1208.5068
    1689    1179.4386
    1690    1141.6722
    1691    1104.5082
    1692    1076.5216
    1693    1063.3434
    1694    1066.4247
    1695    1082.9867
    1696    1107.0478
    1697    1131.2290
    1698    1148.8988
    1699    1156.0597
    1700    1152.3707
    1701    1140.9773
    1702    1127.2604
    1703    1116.9883
    1704    1114.5430
    1705    1121.7291
    1706    1137.3495
    1707    1157.5245
    1708    1176.6601
    1709    1188.8718
    1710    1189.5643
    1711    1176.7846
    1712    1151.9774
    1713    1119.8794
    1714    1087.4810
    1715    1062.2414
    1716    1050.0301
    1717    1053.4069
    1718    1070.8157
    1719    1096.9705
    1720    1124.3912
    1721    1145.6797
    1722    1155.8737
    1723    1154.1178
    1724    1144.0171
    1725    1132.4590
    1726    1127.2339
    1727    1134.2423
    1728    1155.2465
    1729    1186.9280
    1730    1221.5602
    1731    1249.0907
    1732    1259.9941
    1733    1248.0312
    1734    1212.1062
    1735    1156.6972
    1736    1090.7934
    1737    1025.6914
    1738     972.3029
    1739     938.6795
    1740     928.3494
    1741     939.8035
    1742     967.1919
    1743    1002.0403
    1744    1035.5783
    1745    1061.1253
    1746    1075.9093
    1747    1081.7625
    1748    1084.3947
    1749    1091.3577
    1750    1109.2581
    1751    1141.1028
    1752    1184.6868
    1753    1232.6575
    1754    1274.3534
    1755    1298.9102
    1756    1298.6808
    1757    1271.8643
    1758    1223.4406
    1759    1164.0370
    1760    1107.0167
    1761    1064.6926
    1762    1044.8476
    1763    1048.6757
    1764    1070.7798
    1765    1101.1801
    1766    1128.6504
    1767    1144.2728
    1768    1144.0695
    1769    1129.8992
    1770    1108.4071
    1771    1088.4691
    1772    1078.0547
    1773    1081.5845
    1774    1098.6170
    1775    1124.2088
    1776    1150.7355
    1777    1170.4793
    1778    1178.0775
    1779    1172.0174
    1780    1154.7940
    1781    1131.8320
    1782    1109.6669
    1783    1094.0362
    1784    1088.4831
    1785    1093.8332
    1786    1108.5041
    1787    1129.3030
    1788    1152.3180
    1789    1173.6573
    1790    1189.9740
    1791    1198.8459
    1792    1199.0764
    1793    1190.9526
    1794    1176.4227
    1795    1159.0583
    1796    1143.5961
    1797    1134.8889
    1798    1136.3251
    1799    1148.2253
    1800    1167.1292
    1801    1186.6341
    1802    1199.5197
    1803    1200.2014
    1804    1186.5686
    1805    1160.6383
    1806    1127.8818
    1807    1095.5037
    1808    1070.2602
    1809    1056.5310
    1810    1055.2315
    1811    1063.8508
    1812    1077.5321
    1813    1090.8093
    1814    1099.4385
    1815    1101.7285
    1816    1098.8790
    1817    1094.1969
    1818    1091.6646
    1819    1094.6625
    1820    1105.2518
    1821    1123.8513
    1822    1149.0527
    1823    1177.6029
    1824    1204.7108
    1825    1224.7789
    1826    1232.5197
    1827    1224.2659
    1828    1199.1667
    1829    1159.8993
    1830    1112.5383
    1831    1065.4370
    1832    1027.3168
    1833    1005.1173
    1834    1002.2442
    1835    1017.6986
    1836    1046.3176
    1837    1080.2076
    1838    1111.1193
    1839    1133.0041
    1840    1143.7716
    1841    1145.6092
    1842    1143.8061
    1843    1144.5436
    1844    1152.3989
    1845    1168.4152
    1846    1189.4071
    1847    1208.7852
    1848    1218.6606
    1849    1212.5468
    1850    1187.7687
    1851    1146.7680
    1852    1096.8307
    1853    1048.2509
    1854    1011.4583
    1855     994.0101
    1856     998.4348
    1857    1021.6558
    1858    1056.1862
    1859    1092.6382
    1860    1122.6407
    1861    1141.1542
    1862    1147.4789
    1863    1144.7301
    1864    1138.1028
    1865    1132.6117
    1866    1131.1292
    1867    1133.4033
    1868    1136.3656
    1869    1135.5537
    1870    1127.0867
    1871    1109.4690
    1872    1084.5771
    1873    1057.4608
    1874    1034.9552
    1875    1023.4933
    1876    1026.8495
    1877    1044.6508
    1878    1072.2836
    1879    1102.2864
    1880    1126.7396
    1881    1139.8116
    1882    1139.5924
    1883    1128.5918
    1884    1112.7217
    1885    1099.0814
    1886    1093.3016
    1887    1097.3959
    1888    1108.9381
    1889    1121.9199
    1890    1129.0138
    1891    1124.4212
    1892    1106.2630
    1893    1077.6099
    1894    1045.7510
    1895    1019.9366
    1896    1008.3797
    1897    1015.5596
    1898    1040.7531
    1899    1078.2809
    1900    1119.3493
    1901    1154.8095
    1902    1177.8665
    1903    1185.8402
    1904    1180.4752
    1905    1166.8279
    1906    1151.2234
    1907    1139.0443
    1908    1133.1106
    1909    1133.1385
    1910    1136.3243
    1911    1138.6301
    1912    1136.0598
    1913    1125.4154
    1914    1104.7318
    1915    1073.9488
    1916    1035.7048
    1917     995.4597
    1918     960.5447
    1919     938.4565
    1920     934.9475
    1921     952.4023
    1922     988.9375
    1923    1038.5847
    1924    1092.6510
    1925    1141.9709
    1926    1179.4059
    1927    1201.7897
    1928    1210.6445
    1929    1211.3638
    1930    1211.0761
    1931    1215.8727
    1932    1228.3449
    1933    1246.2897
    1934    1263.0863
    1935    1269.6716
    1936    1257.5315
    1937    1221.7813
    1938    1163.3969
    1939    1089.8522
    1940    1013.7665
    1941     949.7524
    1942     910.3476
    1943     902.3689
    1944     924.9472
    1945     969.9294
    1946    1024.4937
    1947    1075.0994
    1948    1111.4798
    1949    1129.3721
    1950    1131.0939
    1951    1123.8413
    1952    1116.4335
    1953    1115.7877
    1954    1124.3640
    1955    1139.3592
    1956    1153.8010
    1957    1159.1316
    1958    1148.4237
    1959    1119.1056
    1960    1074.2206
    1961    1021.8094
    1962     972.7115
    1963     937.5912
    1964     924.1286
    1965     935.1471
    1966     968.1216
    1967    1016.1117
    1968    1069.8120
    1969    1120.1151
    1970    1160.4075
    1971    1187.9093
    1972    1203.6958
    1973    1211.5128
    1974    1215.8813
    1975    1220.1731
    1976    1225.2992
    1977    1229.4160
    1978    1228.7263
    1979    1219.0695
    1980    1197.7131
    1981    1164.6758
    1982    1123.1562
    1983    1079.0092
    1984    1039.4623
    1985    1011.3476
    1986     999.2878
    1987    1004.4178
    1988    1024.0938
    1989    1052.6782
    1990    1083.0963
    1991    1108.6475
    1992    1124.5412
    1993    1128.7543
    1994    1122.0728
    1995    1107.4641
    1996    1089.0948
    1997    1071.2934
    1998    1057.6549
    1999    1050.4154
    2000    1050.1729
