#Frame              T
       1    1171.0006
       2    1037.2513
       3    1075.6922
       4    1123.4630
       5    1097.6047
       6    1117.7485
       7    1014.0866
       8     995.1855
       9    1142.1657
      10     892.5887
      11    1034.7585
      12     937.9254
      13     959.9129
      14    1076.2659
      15    1055.6758
      16     954.2175
      17     918.3205
      18     942.6995
      19     998.7842
      20    1034.5563
      21     944.1771
      22     987.4592
      23     946.1428
      24     916.6442
      25     942.9364
      26     955.3409
      27     865.2139
      28     849.0894
      29     877.8206
      30     905.3171
      31     963.6201
      32     784.0868
      33     918.3691
      34     885.9603
      35     839.5287
      36     837.6836
      37     835.0592
      38     815.2090
      39     847.4533
      40     778.9228
      41     859.6979
      42     816.0349
      43     803.3184
      44     807.3119
      45     857.1097
      46     876.7536
      47     775.5091
      48     869.1434
      49     856.7184
      50     844.5721
      51     798.1681
      52     813.6016
      53     758.0086
      54     763.7132
      55     836.2150
      56     845.5517
      57     786.4960
      58     748.8753
      59     811.5520
      60     742.5018
      61     761.3248
      62     807.4163
      63     796.8958
      64     819.2212
      65     718.3064
      66     763.8826
      67     746.1966
      68     779.9523
      69     699.9763
      70     664.4941
      71     645.0616
      72     812.4147
      73     778.7905
      74     762.0047
      75     729.5590
      76     681.6260
      77     713.3211
      78     728.2379
      79     663.6973
      80     719.7958
      81     682.4244
      82     691.0331
      83     731.1379
      84     664.3208
      85     688.4274
      86     684.6044
      87     662.0251
      88     654.6392
      89     643.6326
      90     696.5980
      91     737.1988
      92     696.7816
      93     655.2688
      94     606.1837
      95     574.9640
      96     566.9407
      97     578.8211
      98     604.9879
      99     581.0499
     100     591.6308
     101     569.9833
     102     634.8037
     103     658.5447
     104     625.5060
     105     597.5087
     106     593.6041
     107     601.1667
     108     608.9433
     109     614.4866
     110     595.3582
     111     579.8840
     112     510.7144
     113     634.7654
     114     633.8034
     115     573.4846
     116     618.0138
     117     610.3775
     118     596.4628
     119     588.9789
     120     554.9469
     121     564.6959
     122     589.4025
     123     544.6630
     124     548.0825
     125     562.5583
     126     533.9380
     127     518.8164
     128     568.1441
     129     518.9554
     130     555.9352
     131     534.0878
     132     523.5457
     133     537.4291
     134     501.5602
     135     581.3733
     136     493.7471
     137     513.7391
     138     484.6360
     139     582.7335
     140     562.4601
     141     563.8184
     142     535.3756
     143     577.9162
     144     551.0460
     145     546.7904
     146     521.8387
     147     536.0804
     148     512.3032
     149     531.3699
     150     531.2926
     151     509.3717
     152     521.6220
     153     473.3104
     154     559.9944
     155     483.9118
     156     481.1778
     157     524.0157
     158     485.9407
     159     494.6448
     160     528.2408
     161     506.6595
     162     474.3525
     163     513.2610
     164     490.1206
     165     504.9104
     166     489.8117
     167     547.2692
     168     527.4858
     169     542.9786
     170     530.2627
     171     455.9920
     172     494.6893
     173     501.0346
     174     540.9833
     175     470.3882
     176     553.9037
     177     518.3656
     178     520.3536
     179     479.6411
     180     504.2461
     181     493.3273
     182     514.1560
     183     465.6400
     184     458.8885
     185     453.7096
     186     465.0049
     187     463.8905
     188     499.3053
     189     510.9796
     190     477.7817
     191     472.6213
     192     492.6428
     193     507.8084
     194     503.0632
     195     489.8319
     196     466.0119
     197     475.2686
     198     507.7101
     199     505.6078
     200     465.6685
     201     447.7417
     202     466.9542
     203     477.1531
     204     500.8195
     205     483.7386
     206     465.2359
     207     495.5815
     208     492.0875
     209     452.5493
     210     458.3080
     211     453.4117
     212     459.0780
     213     448.9992
     214     482.6025
     215     428.6774
     216     428.0360
     217     458.4299
     218     393.0228
     219     431.9265
     220     410.5505
     221     465.5808
     222     459.8426
     223     450.4735
     224     451.4121
     225     436.1473
     226     486.2857
     227     455.2303
     228     518.5426
     229     455.4936
     230     434.0899
     231     454.7381
     232     477.6968
     233     427.7156
     234     486.4739
     235     465.6636
     236     434.3640
     237     462.4167
     238     476.3163
     239     466.0024
     240     435.4088
     241     419.0196
     242     449.1697
     243     453.1805
     244     434.8143
     245     443.7428
     246     393.6180
     247     433.1301
     248     426.3743
     249     426.7820
     250     431.4796
     251     437.7983
     252     395.3753
     253     450.1024
     254     421.2719
     255     482.8512
     256     404.0069
     257     411.8994
     258     403.0072
     259     419.8127
     260     399.0927
     261     451.3096
     262     400.4005
     263     415.5687
     264     432.2119
     265     395.0985
     266     426.7372
     267     446.1435
     268     438.3166
     269     424.6101
     270     462.1100
     271     448.7924
     272     419.8841
     273     405.9371
     274     398.3790
     275     377.7933
     276     394.7497
     277     425.6348
     278     373.3866
     279     422.7569
     280     369.7880
     281     393.7887
     282     424.0950
     283     408.3511
     284     425.9252
     285     404.6347
     286     435.9061
     287     413.2662
     288     439.7956
     289     401.5400
     290     398.4605
     291     406.4901
     292     367.0082
     293     379.1913
     294     384.5168
     295     369.1663
     296     403.1369
     297     406.5865
     298     448.6366
     299     387.9727
     300     364.2544
     301     408.4704
     302     369.8635
     303     377.9594
     304     362.4175
     305     392.9337
     306     376.9970
     307     379.2651
     308     366.2797
     309     419.6475
     310     395.7584
     311     403.8922
     312     394.4827
     313     376.2685
     314     397.9559
     315     361.3571
     316     385.7510
     317     397.0314
     318     402.0175
     319     431.5926
     320     400.9496
     321     358.6421
     322     379.0864
     323     367.0402
     324     369.1999
     325     382.7677
     326     381.3291
     327     350.2320
     328     430.8502
     329     375.0373
     330     388.4260
     331     342.6747
     332     381.7285
     333     373.2799
     334     392.5447
     335     393.7682
     336     418.7343
     337     378.0782
     338     381.3905
     339     362.0788
     340     377.1327
     341     383.0423
     342     387.8206
     343     383.0305
     344     370.6104
     345     371.0266
     346     315.0294
     347     366.3036
     348     334.9821
     349     385.5043
     350     358.8903
     351     370.0702
     352     395.6537
     353     381.7476
     354     362.7083
     355     367.1683
     356     410.2263
     357     410.0719
     358     376.5943
     359     337.8024
     360     340.3366
     361     376.6493
     362     357.3789
     363     379.2590
     364     362.9147
     365     362.1445
     366     340.3658
     367     405.0483
     368     360.6859
     369     361.7284
     370     343.0979
     371     370.7213
     372     338.4169
     373     357.3660
     374     350.5195
     375     357.8753
     376     373.4619
     377     324.2382
     378     333.5213
     379     328.5719
     380     366.0037
     381     365.6829
     382     344.4935
     383     359.7339
     384     331.4243
     385     338.7192
     386     346.9380
     387     326.1787
     388     350.8705
     389     320.9651
     390     342.4765
     391     354.9094
     392     313.9725
     393     327.9238
     394     322.9566
     395     336.8536
     396     311.7658
     397     361.4019
     398     370.7643
     399     334.6345
     400     325.0515
