#Frame              T
       1    1044.5029
       2    1033.0054
       3    1035.6264
       4    1190.9032
       5    1034.7979
       6    1077.0488
       7    1083.3535
       8    1077.5497
       9     998.5964
      10    1057.6570
      11    1028.9856
      12     938.3674
      13     945.6268
      14     865.0127
      15     903.5212
      16     947.0008
      17     928.5021
      18     907.9610
      19     978.6277
      20     906.4758
      21     853.8798
      22     908.1366
      23     846.1599
      24     890.9947
      25     821.1021
      26     908.2043
      27     785.8087
      28     859.9258
      29     870.7627
      30     890.4852
      31     909.0283
      32     904.5835
      33     803.8234
      34     851.7958
      35     813.3538
      36     867.3511
      37     824.4194
      38     864.5731
      39     828.2484
      40     819.7457
      41     819.7324
      42     782.1299
      43     864.5849
      44     784.3499
      45     715.0653
      46     817.8830
      47     788.8917
      48     682.0886
      49     681.8227
      50     693.2500
      51     735.9497
      52     748.7030
      53     742.7070
      54     696.0142
      55     719.0445
      56     721.1985
      57     645.3036
      58     708.1401
      59     714.8829
      60     684.6919
      61     697.6169
      62     679.6411
      63     662.4395
      64     705.7329
      65     689.5686
      66     681.5676
      67     664.0526
      68     685.1079
      69     700.0870
      70     646.7139
      71     665.1521
      72     666.0396
      73     663.4752
      74     642.6010
      75     626.8675
      76     618.9137
      77     668.4555
      78     672.9884
      79     613.5266
      80     604.6896
      81     666.6026
      82     660.0202
      83     625.3218
      84     636.6792
      85     631.9375
      86     661.1173
      87     594.4064
      88     676.6764
      89     590.8926
      90     624.8061
      91     589.8287
      92     629.1943
      93     576.1564
      94     580.0446
      95     582.4097
      96     524.8790
      97     490.4204
      98     514.3079
      99     577.7112
     100     549.3090
     101     521.3351
     102     592.1993
     103     547.0258
     104     561.9364
     105     619.0818
     106     615.9287
     107     576.6466
     108     571.4975
     109     607.8480
     110     548.1978
     111     567.9135
     112     535.1064
     113     489.0468
     114     493.7673
     115     535.8432
     116     614.0786
     117     521.5484
     118     526.2459
     119     564.1949
     120     505.1155
     121     512.2756
     122     525.3667
     123     565.6736
     124     547.6665
     125     512.7171
     126     580.4514
     127     523.5885
     128     539.5344
     129     520.3982
     130     535.9914
     131     513.8777
     132     493.6205
     133     515.3000
     134     492.0992
     135     500.9319
     136     521.9984
     137     530.8019
     138     503.8796
     139     499.3890
     140     480.8988
     141     485.2604
     142     485.5419
     143     476.2834
     144     503.6474
     145     484.3093
     146     461.2076
     147     463.5980
     148     442.5977
     149     473.5539
     150     463.8611
     151     447.6742
     152     489.5801
     153     488.1635
     154     496.1621
     155     477.1146
     156     492.0098
     157     515.6935
     158     486.2716
     159     459.6751
     160     490.8202
     161     516.2472
     162     495.4958
     163     463.9046
     164     497.5761
     165     479.1139
     166     512.3429
     167     478.0904
     168     512.2228
     169     500.1294
     170     519.9083
     171     502.7296
     172     477.7073
     173     459.9978
     174     473.3991
     175     497.6308
     176     505.1103
     177     463.7800
     178     514.9805
     179     473.4081
     180     522.4336
     181     543.3863
     182     466.2440
     183     480.2919
     184     474.3536
     185     513.4529
     186     497.6128
     187     465.0191
     188     464.8936
     189     436.6568
     190     463.3935
     191     482.7490
     192     432.6744
     193     493.3007
     194     455.0821
     195     460.2499
     196     457.8444
     197     493.1265
     198     459.5949
     199     461.3741
     200     460.9669
     201     438.2726
     202     453.1038
     203     474.3770
     204     420.9934
     205     461.8206
     206     479.4840
     207     497.3612
     208     494.7435
     209     481.4906
     210     436.2298
     211     487.3230
     212     503.4940
     213     460.5370
     214     499.3040
     215     463.8062
     216     459.7746
     217     435.5960
     218     461.0124
     219     460.4564
     220     394.0760
     221     419.5729
     222     444.1149
     223     438.8039
     224     480.5656
     225     439.6177
     226     449.5123
     227     441.7958
     228     446.9100
     229     433.9309
     230     441.5019
     231     458.9048
     232     429.9056
     233     462.8752
     234     403.4212
     235     456.4815
     236     405.3157
     237     454.8075
     238     395.6803
     239     406.1877
     240     398.1128
     241     415.7936
     242     454.9900
     243     412.0325
     244     417.3685
     245     438.3425
     246     386.4704
     247     387.6535
     248     402.1364
     249     453.6856
     250     436.7325
     251     420.2876
     252     399.0700
     253     423.0873
     254     405.7551
     255     451.4441
     256     419.1090
     257     435.0442
     258     422.3894
     259     430.9814
     260     395.8576
     261     374.7487
     262     400.9731
     263     451.7694
     264     407.4880
     265     423.3860
     266     399.6615
     267     445.4283
     268     414.0292
     269     414.9975
     270     406.2652
     271     409.3380
     272     425.1488
     273     449.4122
     274     387.8646
     275     411.7954
     276     440.9246
     277     433.3194
     278     434.4663
     279     417.3296
     280     428.4679
     281     430.2558
     282     412.2196
     283     374.0659
     284     353.5260
     285     390.7676
     286     394.2190
     287     432.5508
     288     430.8019
     289     463.5270
     290     432.9301
     291     406.2135
     292     410.4304
     293     421.2317
     294     401.3812
     295     373.9984
     296     389.6314
     297     368.3232
     298     379.7847
     299     404.3037
     300     425.5764
     301     415.3017
     302     423.8404
     303     402.6264
     304     391.2800
     305     397.8562
     306     366.0572
     307     372.0300
     308     417.5397
     309     399.4116
     310     420.8280
     311     400.7215
     312     420.6143
     313     381.3933
     314     395.5190
     315     423.2955
     316     382.9766
     317     392.9211
     318     372.0732
     319     389.9779
     320     386.1461
     321     350.8883
     322     403.1373
     323     384.2314
     324     387.5084
     325     375.0481
     326     378.4352
     327     356.0306
     328     400.0799
     329     372.4442
     330     394.2872
     331     395.0041
     332     380.3780
     333     387.8628
     334     444.7698
     335     395.8740
     336     388.2391
     337     400.9098
     338     403.6254
     339     398.6676
     340     387.7077
     341     382.4642
     342     406.7073
     343     394.7056
     344     382.9992
     345     406.2070
     346     412.1008
     347     386.4244
     348     396.6396
     349     406.2699
     350     406.3522
     351     384.4215
     352     413.3070
     353     332.3316
     354     391.0817
     355     369.9249
     356     361.7444
     357     356.7032
     358     343.2228
     359     389.2614
     360     369.4179
     361     363.7910
     362     366.2441
     363     388.2574
     364     351.3552
     365     364.2077
     366     361.4117
     367     351.8278
     368     343.8887
     369     331.8943
     370     327.6848
     371     338.6762
     372     355.4180
     373     342.9469
     374     335.4634
     375     352.4099
     376     341.3308
     377     352.3032
     378     345.2665
     379     357.7033
     380     390.0252
     381     357.7690
     382     334.6829
     383     362.4703
     384     335.9341
     385     339.9366
     386     366.8529
     387     343.5147
     388     355.6767
     389     346.3987
     390     359.1083
     391     361.7314
     392     364.2223
     393     395.1356
     394     385.2791
     395     367.9454
     396     371.4509
     397     399.0159
     398     376.0757
     399     339.6600
     400     384.0904
