#Frame              T
       1    1135.2582
       2    1144.7094
       3    1168.7088
       4    1089.8244
       5    1262.7175
       6    1144.7256
       7    1142.2888
       8    1153.7596
       9    1125.8771
      10    1095.2348
      11    1101.3727
      12    1066.3711
      13    1108.0001
      14    1076.2634
      15    1050.8932
      16    1036.3880
      17    1009.0528
      18     964.4047
      19     976.1730
      20    1013.1040
      21    1015.6554
      22     908.9790
      23     986.9852
      24     923.9570
      25    1078.0708
      26     999.5660
      27    1004.7658
      28     924.6091
      29     941.2823
      30     921.2771
      31     872.0354
      32    1011.6198
      33     991.3060
      34     862.2298
      35     862.4611
      36     918.9261
      37     872.9588
      38     794.3219
      39     841.2951
      40     873.3796
      41     787.4554
      42     741.0433
      43     828.9010
      44     841.3512
      45     808.6117
      46     679.6902
      47     755.9023
      48     753.5216
      49     799.4491
      50     721.8574
      51     789.2950
      52     814.9045
      53     764.9221
      54     807.5970
      55     749.5775
      56     767.8058
      57     765.0165
      58     744.7616
      59     693.6883
      60     659.8104
      61     689.4758
      62     643.0901
      63     692.5303
      64     775.2572
      65     715.2281
      66     717.4758
      67     723.7265
      68     706.8209
      69     631.7592
      70     671.1713
      71     628.2426
      72     656.9200
      73     683.8721
      74     614.3846
      75     669.6558
      76     600.2223
      77     648.0588
      78     615.1653
      79     639.5910
      80     615.4291
      81     593.4830
      82     626.3555
      83     625.6339
      84     585.1626
      85     585.7308
      86     592.4735
      87     570.4028
      88     592.0350
      89     678.8577
      90     612.1229
      91     627.1061
      92     600.8490
      93     557.6084
      94     564.8537
      95     633.8492
      96     619.0667
      97     604.2597
      98     640.1958
      99     601.2805
     100     563.6551
     101     557.7869
     102     524.3914
     103     528.6822
     104     565.4021
     105     617.3422
     106     594.8078
     107     587.3662
     108     560.9072
     109     606.7066
     110     518.9967
     111     535.9990
     112     504.8177
     113     563.9368
     114     529.1469
     115     497.0671
     116     508.1648
     117     532.2179
     118     534.3188
     119     563.4015
     120     549.2454
     121     536.9427
     122     524.1484
     123     476.0904
     124     556.1412
     125     512.1756
     126     570.8355
     127     555.5681
     128     566.9629
     129     527.1497
     130     530.3363
     131     555.7441
     132     525.2392
     133     497.5038
     134     521.2383
     135     517.8065
     136     493.9975
     137     526.7113
     138     486.3821
     139     508.5236
     140     522.3886
     141     462.2159
     142     497.5095
     143     522.8128
     144     497.8343
     145     495.5161
     146     495.3774
     147     522.0464
     148     475.7126
     149     508.5496
     150     517.9699
     151     506.7425
     152     470.7635
     153     539.2792
     154     553.0557
     155     547.5942
     156     530.1491
     157     487.3475
     158     467.9009
     159     495.2128
     160     456.9189
     161     477.8517
     162     461.1696
     163     536.8549
     164     498.9816
     165     525.8479
     166     504.3362
     167     501.1282
     168     435.3806
     169     479.4446
     170     508.8411
     171     466.0376
     172     503.6543
     173     466.7191
     174     467.7182
     175     463.5840
     176     448.0144
     177     467.0334
     178     439.6513
     179     452.3849
     180     439.1660
     181     403.6818
     182     479.0266
     183     498.0913
     184     460.9708
     185     442.7281
     186     447.4478
     187     435.0354
     188     483.8738
     189     468.5105
     190     439.3503
     191     423.9480
     192     452.1127
     193     486.7780
     194     438.2327
     195     469.9418
     196     487.6063
     197     454.7881
     198     432.8743
     199     403.5334
     200     401.2947
     201     448.0662
     202     434.3803
     203     461.5852
     204     428.8521
     205     458.5929
     206     466.5231
     207     459.5490
     208     458.3204
     209     426.2974
     210     381.0301
     211     444.0738
     212     393.3785
     213     393.1458
     214     433.6014
     215     403.0979
     216     417.4751
     217     403.5833
     218     394.0448
     219     398.8889
     220     399.8632
     221     391.1792
     222     402.3673
     223     368.8404
     224     380.4542
     225     380.6296
     226     392.1424
     227     360.2267
     228     399.7213
     229     405.4414
     230     407.2137
     231     377.3084
     232     408.4220
     233     369.9747
     234     376.5356
     235     407.1221
     236     443.8324
     237     398.1156
     238     399.6926
     239     395.2544
     240     411.8636
     241     383.7393
     242     364.9894
     243     383.7902
     244     402.0311
     245     374.0239
     246     370.9451
     247     371.4467
     248     385.4058
     249     376.7083
     250     415.3514
     251     370.6589
     252     316.7498
     253     343.6365
     254     395.0165
     255     377.4549
     256     379.5114
     257     392.1521
     258     364.8923
     259     396.1853
     260     389.9929
     261     359.6939
     262     410.8574
     263     380.7253
     264     386.9011
     265     379.4349
     266     344.5832
     267     338.9502
     268     344.2385
     269     384.0140
     270     349.6546
     271     372.7944
     272     353.0026
     273     388.7984
     274     351.0823
     275     344.1546
     276     328.7389
     277     365.3211
     278     346.9172
     279     389.9878
     280     377.7955
     281     366.1092
     282     390.0154
     283     350.5529
     284     357.1960
     285     352.5283
     286     380.6615
     287     386.5403
     288     348.4853
     289     362.1972
     290     367.7221
     291     353.0602
     292     333.4379
     293     395.3533
     294     379.8861
     295     366.2633
     296     380.8660
     297     414.4117
     298     416.0460
     299     359.3266
     300     354.7387
     301     390.2796
     302     379.0747
     303     378.9798
     304     355.3022
     305     369.1310
     306     394.6489
     307     381.6227
     308     366.3797
     309     402.9795
     310     392.0293
     311     383.5484
     312     388.9314
     313     375.6572
     314     413.4887
     315     387.1055
     316     368.8112
     317     364.4673
     318     343.2731
     319     343.5116
     320     392.3794
     321     356.8606
     322     366.1580
     323     367.3066
     324     372.7929
     325     422.7941
     326     413.6243
     327     377.3070
     328     377.1146
     329     351.1916
     330     339.2019
     331     343.7509
     332     366.2165
     333     330.7914
     334     347.9467
     335     350.0706
     336     391.3847
     337     383.7737
     338     380.0830
     339     404.5779
     340     398.8687
     341     376.1184
     342     365.2242
     343     407.3179
     344     378.3369
     345     396.1796
     346     415.4018
     347     383.3125
     348     373.8952
     349     378.8168
     350     410.5773
     351     395.3019
     352     369.6087
     353     354.1048
     354     365.1292
     355     394.2303
     356     362.6572
     357     391.7700
     358     386.2747
     359     360.0651
     360     379.3628
     361     378.0047
     362     346.4471
     363     360.7460
     364     365.9376
     365     417.1122
     366     362.6754
     367     381.7091
     368     365.9693
     369     355.8963
     370     384.9364
     371     364.4599
     372     344.3189
     373     384.2325
     374     411.4211
     375     373.2992
     376     343.8085
     377     352.9864
     378     355.2778
     379     369.8972
     380     380.4738
     381     390.8429
     382     354.4008
     383     343.2223
     384     337.7115
     385     360.9370
     386     399.8753
     387     363.9260
     388     404.1558
     389     364.7625
     390     339.7688
     391     374.9497
     392     344.5882
     393     344.9863
     394     350.4939
     395     345.3858
     396     361.9850
     397     351.3778
     398     336.1892
     399     365.7420
     400     342.1851
