#Frame              T
       1    2987.3072
       2    2874.3017
       3    2685.6073
       4    2460.8891
       5    2243.7249
       6    2068.9252
       7    1952.7326
       8    1890.3248
       9    1861.1333
      10    1838.5364
      11    1800.1206
      12    1735.6671
      13    1650.7068
      14    1564.5920
      15    1503.6886
      16    1491.9071
      17    1541.7317
      18    1648.7887
      19    1791.8517
      20    1938.3711
      21    2053.7685
      22    2111.4823
      23    2100.5201
      24    2028.1117
      25    1916.7056
      26    1796.4940
      27    1696.1198
      28    1634.6344
      29    1617.0809
      30    1634.7519
      31    1669.6615
      32    1701.4381
      33    1714.1787
      34    1701.0552
      35    1665.5024
      36    1619.0832
      37    1577.0995
      38    1553.5150
      39    1556.7150
      40    1587.2587
      41    1638.0782
      42    1696.8638
      43    1749.7552
      44    1785.1114
      45    1796.2368
      46    1782.5080
      47    1749.0965
      48    1705.7866
      49    1665.0387
      50    1639.2392
      51    1637.3732
      52    1661.8862
      53    1707.1361
      54    1760.6588
      55    1806.9314
      56    1831.8736
      57    1826.5629
      58    1789.5816
      59    1727.6859
      60    1654.4175
      61    1586.6450
      62    1539.8466
      63    1523.5500
      64    1538.4079
      65    1575.9045
      66    1620.9072
      67    1656.3989
      68    1668.9890
      69    1653.4054
      70    1614.3816
      71    1565.1658
      72    1523.0152
      73    1503.1131
      74    1513.0211
      75    1549.7065
      76    1600.3389
      77    1646.6334
      78    1671.2114
      79    1663.7337
      80    1624.6658
      81    1565.3196
      82    1504.1016
      83    1460.2196
      84    1447.0545
      85    1467.5828
      86    1513.5070
      87    1568.3569
      88    1613.3725
      89    1634.0416
      90    1624.9981
      91    1591.5999
      92    1547.6742
      93    1510.2825
      94    1493.4124
      95    1502.8704
      96    1534.1835
      97    1574.2483
      98    1606.1319
      99    1615.3001
     100    1594.9902
     101    1548.6888
     102    1488.7832
     103    1432.0196
     104    1393.5644
     105    1381.7883
     106    1395.5153
     107    1424.6626
     108    1454.0362
     109    1468.8964
     110    1460.2516
     111    1427.9658
     112    1380.6389
     113    1332.4176
     114    1298.0166
     115    1287.7955
     116    1304.6070
     117    1343.4133
     118    1393.6072
     119    1443.0383
     120    1482.1987
     121    1507.0722
     122    1519.7347
     123    1526.6745
     124    1535.6432
     125    1552.3516
     126    1578.2416
     127    1610.0762
     128    1641.3575
     129    1664.9171
     130    1675.5660
     131    1671.7195
     132    1655.4131
     133    1630.9175
     134    1602.8052
     135    1574.4082
     136    1547.2570
     137    1521.5563
     138    1497.3164
     139    1475.4839
     140    1458.4131
     141    1449.3396
     142    1451.0228
     143    1464.1921
     144    1486.6085
     145    1513.2960
     146    1537.9247
     147    1554.7645
     148    1560.4021
     149    1554.6414
     150    1540.4013
     151    1522.6582
     152    1506.6932
     153    1496.1742
     154    1491.8189
     155    1491.1880
     156    1489.6804
     157    1482.3263
     158    1465.7384
     159    1439.5543
     160    1406.8720
     161    1373.5091
     162    1346.3114
     163    1331.0684
     164    1330.6971
     165    1344.2862
     166    1367.3574
     167    1393.3676
     168    1416.0053
     169    1431.4421
     170    1439.5900
     171    1443.8145
     172    1449.2295
     173    1460.3093
     174    1478.7976
     175    1502.7306
     176    1526.9452
     177    1544.8787
     178    1550.9827
     179    1542.8284
     180    1522.0653
     181    1493.8046
     182    1464.6613
     183    1440.3183
     184    1423.6200
     185    1413.8434
     186    1407.3325
     187    1399.2748
     188    1386.0197
     189    1367.0660
     190    1345.8844
     191    1329.1458
     192    1324.5397
     193    1337.9745
     194    1371.2025
     195    1420.7460
     196    1478.5117
     197    1533.8989
     198    1576.7502
     199    1600.2068
     200    1602.5446
     201    1587.3790
     202    1562.1864
     203    1535.6426
     204    1514.7106
     205    1502.4894
     206    1497.5655
     207    1495.0561
     208    1488.9006
     209    1474.5398
     210    1450.9693
     211    1421.3073
     212    1391.5210
     213    1367.9580
     214    1355.1323
     215    1354.7250
     216    1365.5940
     217    1384.3292
     218    1406.2785
     219    1426.9168
     220    1443.1101
     221    1453.7690
     222    1459.6513
     223    1462.4843
     224    1463.8604
     225    1464.3923
     226    1463.4707
     227    1459.7009
     228    1451.8284
     229    1439.6864
     230    1424.5765
     231    1408.8159
     232    1394.8613
     233    1384.7367
     234    1379.8585
     235    1380.8642
     236    1387.3197
     237    1397.5768
     238    1409.0425
     239    1418.8496
     240    1424.7307
     241    1425.7809
     242    1422.7901
     243    1417.9622
     244    1414.0700
     245    1413.3265
     246    1416.4027
     247    1422.0239
     248    1427.3725
     249    1429.2020
     250    1425.2483
     251    1415.3661
     252    1401.8909
     253    1388.9834
     254    1381.1564
     255    1381.5305
     256    1390.5250
     257    1405.5429
     258    1421.7806
     259    1433.8237
     260    1437.4065
     261    1430.7259
     262    1414.9232
     263    1393.6207
     264    1371.6825
     265    1353.6070
     266    1342.1410
     267    1337.6149
     268    1338.2376
     269    1341.1994
     270    1344.0931
     271    1345.9634
     272    1347.4639
     273    1350.0848
     274    1354.9337
     275    1361.7689
     276    1368.8111
     277    1373.4616
     278    1373.5917
     279    1368.7605
     280    1360.7223
     281    1352.8954
     282    1348.9695
     283    1351.2890
     284    1359.7459
     285    1371.6511
     286    1382.6089
     287    1388.0870
     288    1385.1689
     289    1373.9066
     290    1357.7428
     291    1342.6574
     292    1334.9786
     293    1338.3970
     294    1351.7071
     295    1369.0201
     296    1382.4662
     297    1385.5821
     298    1375.7639
     299    1355.1192
     300    1329.6513
     301    1307.1506
     302    1294.5909
     303    1295.9591
     304    1311.1612
     305    1336.1737
     306    1364.2086
     307    1387.4793
     308    1399.1908
     309    1395.3934
     310    1376.1903
     311    1345.8001
     312    1311.4392
     313    1281.5479
     314    1263.9615
     315    1264.2752
     316    1284.4257
     317    1321.7053
     318    1368.7112
     319    1414.7422
     320    1448.6446
     321    1462.2732
     322    1453.2523
     323    1425.9411
     324    1390.2516
     325    1358.7253
     326    1342.8476
     327    1349.6582
     328    1379.1433
     329    1422.7270
     330    1464.7558
     331    1488.3355
     332    1482.2966
     333    1445.0766
     334    1384.6354
     335    1315.3826
     336    1253.3600
     337    1211.1846
     338    1194.3789
     339    1200.2256
     340    1219.3451
     341    1239.3418
     342    1249.3196
     343    1243.7989
     344    1224.7053
     345    1200.7116
     346    1184.1639
     347    1186.7361
     348    1215.3550
     349    1269.7642
     350    1342.4298
     351    1420.6819
     352    1490.2866
     353    1539.2740
     354    1560.8409
     355    1554.5324
     356    1525.5361
     357    1482.5608
     358    1435.1415
     359    1391.2107
     360    1355.5151
     361    1329.1125
     362    1309.8948
     363    1293.8923
     364    1277.0228
     365    1256.8450
     366    1233.6879
     367    1210.5081
     368    1191.7448
     369    1182.3911
     370    1187.4656
     371    1210.8671
     372    1253.5324
     373    1311.9857
     374    1378.2424
     375    1441.3198
     376    1489.9462
     377    1515.6591
     378    1515.3245
     379    1492.2165
     380    1455.1591
     381    1415.8618
     382    1385.2562
     383    1370.1286
     384    1371.2482
     385    1383.5454
     386    1398.0657
     387    1405.0530
     388    1397.3952
     389    1373.3867
     390    1337.6912
     391    1300.0028
     392    1271.8915
     393    1262.9879
     394    1277.7993
     395    1314.1418
     396    1363.6055
     397    1413.8651
     398    1452.1481
     399    1468.8763
     400    1460.4226
     401    1430.1544
     402    1387.3703
     403    1344.3783
     404    1312.6255
     405    1299.2161
     406    1304.9243
     407    1324.2035
     408    1347.1268
     409    1362.7137
     410    1362.6383
     411    1344.1261
     412    1311.0676
     413    1272.9570
     414    1241.9558
     415    1229.0107
     416    1240.2749
     417    1275.0274
     418    1325.8287
     419    1380.8431
     420    1427.3895
     421    1455.4658
     422    1460.3776
     423    1443.9755
     424    1413.9575
     425    1381.1615
     426    1355.7776
     427    1343.9517
     428    1346.0518
     429    1357.1337
     430    1369.2589
     431    1374.6533
     432    1368.5080
     433    1350.5107
     434    1324.7335
     435    1298.0534
     436    1277.7212
     437    1268.9175
     438    1273.1420
     439    1287.9561
     440    1308.0179
     441    1326.8784
     442    1338.8634
     443    1340.5192
     444    1331.3268
     445    1313.6347
     446    1291.9338
     447    1271.7163
     448    1258.2112
     449    1255.2667
     450    1264.6028
     451    1285.5294
     452    1315.1235
     453    1348.7742
     454    1381.0044
     455    1406.4696
     456    1421.0136
     457    1422.5981
     458    1411.8707
     459    1392.1366
     460    1368.5765
     461    1346.7834
     462    1330.9813
     463    1322.5618
     464    1319.5877
     465    1317.5860
     466    1311.3926
     467    1297.3518
     468    1275.0481
     469    1247.9055
     470    1222.4097
     471    1206.1787
     472    1205.5405
     473    1223.4320
     474    1258.2845
     475    1304.1828
     476    1352.1901
     477    1392.4519
     478    1416.5659
     479    1419.6598
     480    1401.6875
     481    1367.6002
     482    1326.2706
     483    1288.3285
     484    1263.3784
     485    1257.3366
     486    1270.7177
     487    1298.4949
     488    1331.7109
     489    1360.3977
     490    1376.8865
     491    1378.4150
     492    1368.1119
     493    1353.9299
     494    1345.7883
     495    1351.8676
     496    1375.3818
     497    1413.0443
     498    1455.8356
     499    1491.8514
     500    1510.2296
     501    1504.7728
     502    1475.9947
     503    1430.8937
     504    1380.5488
     505    1336.4458
     506    1306.8677
     507    1294.6060
     508    1296.7237
     509    1306.3333
     510    1315.5842
     511    1318.6264
     512    1313.4721
     513    1302.2542
     514    1290.0082
     515    1282.5206
     516    1284.0422
     517    1295.7080
     518    1315.2389
     519    1337.9456
     520    1358.5071
     521    1372.7020
     522    1378.4107
     523    1375.6751
     524    1366.1085
     525    1352.1623
     526    1336.6050
     527    1322.2807
     528    1312.0058
     529    1308.3502
     530    1313.1498
     531    1326.8470
     532    1347.9862
     533    1373.1731
     534    1397.6073
     535    1416.1324
     536    1424.6110
     537    1421.2733
     538    1407.5255
     539    1387.7628
     540    1368.0526
     541    1354.0295
     542    1348.7407
     543    1351.3073
     544    1357.0217
     545    1358.9851
     546    1350.7566
     547    1329.0404
     548    1295.3871
     549    1256.2360
     550    1221.1879
     551    1199.9910
     552    1199.1716
     553    1219.4707
     554    1255.0780
     555    1295.1091
     556    1326.9201
     557    1340.1765
     558    1330.2837
     559    1300.0244
     560    1258.8317
     561    1219.9026
     562    1196.0218
     563    1195.4262
     564    1219.0663
     565    1260.2090
     566    1306.5648
     567    1344.2830
     568    1362.5249
     569    1357.1089
     570    1331.9788
     571    1297.9538
     572    1269.1262
     573    1258.0813
     574    1271.5478
     575    1307.9788
     576    1357.9356
     577    1407.1611
     578    1441.2583
     579    1450.3547
     580    1432.1810
     581    1392.5893
     582    1343.4408
     583    1298.6681
     584    1269.8175
     585    1262.4484
     586    1274.5163
     587    1297.3993
     588    1319.3003
     589    1329.6389
     590    1322.6753
     591    1299.1863
     592    1265.8523
     593    1232.6830
     594    1209.4021
     595    1202.1097
     596    1211.4394
     597    1232.7984
     598    1258.4273
     599    1280.3508
     600    1293.0519
     601    1294.9283
     602    1288.1609
     603    1277.2758
     604    1267.1444
     605    1261.2785
     606    1261.0189
     607    1265.7476
     608    1273.8211
     609    1283.6890
     610    1294.6633
     611    1306.9919
     612    1321.1370
     613    1336.5856
     614    1351.0475
     615    1360.8668
     616    1362.5396
     617    1354.3959
     618    1337.5682
     619    1315.8876
     620    1294.7249
     621    1279.1455
     622    1272.0337
     623    1272.9822
     624    1278.4578
     625    1283.2241
     626    1282.4557
     627    1273.7179
     628    1258.0454
     629    1239.6689
     630    1224.4642
     631    1217.6988
     632    1221.9540
     633    1236.0400
     634    1255.3376
     635    1273.4448
     636    1284.5018
     637    1285.3370
     638    1276.6393
     639    1262.7207
     640    1249.9284
     641    1244.2607
     642    1249.0626
     643    1263.6930
     644    1283.7226
     645    1302.6297
     646    1314.3674
     647    1315.8068
     648    1308.1109
     649    1296.4813
     650    1288.2756
     651    1290.1084
     652    1304.9789
     653    1330.5912
     654    1359.6607
     655    1382.2227
     656    1389.1302
     657    1375.4399
     658    1342.4173
     659    1297.3984
     660    1251.4946
     661    1215.9121
     662    1198.1810
     663    1199.6547
     664    1215.2069
     665    1235.2291
     666    1249.1772
     667    1249.3398
     668    1233.5229
     669    1205.7848
     670    1175.0236
     671    1151.8594
     672    1144.8405
     673    1157.3256
     674    1186.2232
     675    1223.1253
     676    1257.4447
     677    1280.3890
     678    1288.2762
     679    1283.9159
     680    1275.4932
     681    1273.3047
     682    1285.5585
     683    1314.8668
     684    1356.8620
     685    1401.5804
     686    1437.1344
     687    1454.2428
     688    1449.7892
     689    1427.9808
     690    1398.6419
     691    1373.3283
     692    1360.7911
     693    1363.5429
     694    1376.8304
     695    1390.4246
     696    1392.5725
     697    1374.6007
     698    1334.3959
     699    1277.4605
     700    1215.1901
     701    1161.0497
     702    1126.1187
     703    1115.7119
     704    1128.3173
     705    1156.9525
     706    1191.9082
     707    1223.7197
     708    1245.9153
     709    1256.9904
     710    1260.4311
     711    1262.4968
     712    1269.0009
     713    1282.7260
     714    1302.4951
     715    1324.0485
     716    1342.1139
     717    1352.6470
     718    1354.2570
     719    1348.3264
     720    1337.9674
     721    1326.4273
     722    1315.7064
     723    1306.0236
     724    1296.3724
     725    1285.8716
     726    1275.1868
     727    1267.1837
     728    1266.1692
     729    1275.7172
     730    1296.1742
     731    1323.4949
     732    1350.1201
     733    1367.3230
     734    1368.1479
     735    1350.0743
     736    1316.4420
     737    1275.8572
     738    1239.5569
     739    1217.5545
     740    1214.9372
     741    1229.7437
     742    1253.3762
     743    1273.6194
     744    1279.2955
     745    1264.8236
     746    1232.7919
     747    1193.3642
     748    1160.6618
     749    1147.5715
     750    1160.9732
     751    1199.0322
     752    1251.4249
     753    1302.4970
     754    1336.4307
     755    1342.7034
     756    1319.8942
     757    1276.4025
     758    1227.7571
     759    1191.4115
     760    1180.8092
     761    1200.7532
     762    1245.6768
     763    1301.4285
     764    1349.9795
     765    1375.4744
     766    1369.5482
     767    1334.0397
     768    1280.1288
     769    1224.2189
     770    1182.0959
     771    1163.5014
     772    1169.0660
     773    1190.6490
     774    1214.8436
     775    1228.2436
     776    1222.4528
     777    1197.0537
     778    1159.6844
     779    1123.5984
     780    1103.5914
     781    1110.5200
     782    1145.6014
     783    1199.3379
     784    1256.9443
     785    1304.9696
     786    1335.3722
     787    1347.1035
     788    1345.4802
     789    1339.4852
     790    1337.7848
     791    1344.9545
     792    1359.5860
     793    1375.1458
     794    1383.0318
     795    1376.3158
     796    1352.6225
     797    1315.1371
     798    1271.4619
     799    1230.8349
     800    1200.8242
     801    1184.7992
     802    1181.1586
     803    1184.5460
     804    1188.4884
     805    1188.3211
     806    1183.1841
     807    1176.2640
     808    1173.1914
     809    1179.2872
     810    1196.8425
     811    1223.6316
     812    1253.3538
     813    1277.9102
     814    1290.6400
     815    1289.1665
     816    1276.5899
     817    1260.4006
     818    1249.4656
     819    1250.3186
     820    1264.3210
     821    1286.9160
     822    1309.3697
     823    1322.4029
     824    1320.3220
     825    1303.9411
     826    1280.9690
     827    1263.4967
     828    1263.3953
     829    1287.3556
     830    1333.5454
     831    1391.3256
     832    1444.3545
     833    1476.0545
     834    1475.4512
     835    1441.1913
     836    1382.2380
     837    1314.9274
     838    1257.3737
     839    1223.1909
     840    1216.8246
     841    1232.2464
     842    1255.5234
     843    1270.2991
     844    1264.1308
     845    1233.3333
     846    1184.5573
     847    1132.4995
     848    1094.5071
     849    1084.1239
     850    1106.2082
     851    1155.5230
     852    1218.9614
     853    1280.1510
     854    1324.6733
     855    1344.2321
     856    1338.5903
     857    1314.8204
     858    1284.2689
     859    1258.3952
     860    1244.9561
     861    1245.8021
     862    1256.9060
     863    1270.4614
     864    1278.1860
     865    1274.5557
     866    1258.7448
     867    1234.6237
     868    1208.9991
     869    1188.9577
     870    1179.3873
     871    1181.5571
     872    1193.1705
     873    1209.7271
     874    1226.5384
     875    1240.5439
     876    1251.2147
     877    1260.2463
     878    1270.2500
     879    1283.0429
     880    1298.3011
     881    1313.1976
     882    1323.2476
     883    1324.0580
     884    1313.2503
     885    1291.6515
     886    1263.1661
     887    1233.4669
     888    1208.1839
     889    1191.2356
     890    1183.7654
     891    1184.0461
     892    1188.4389
     893    1193.0302
     894    1195.2776
     895    1195.0081
     896    1194.3842
     897    1196.8680
     898    1205.6081
     899    1221.8923
     900    1244.2881
     901    1268.8494
     902    1290.3447
     903    1304.0584
     904    1307.4531
     905    1301.0204
     906    1287.9820
     907    1272.9694
     908    1260.2377
     909    1252.1691
     910    1248.6591
     911    1247.5693
     912    1245.9680
     913    1241.6000
     914    1233.9644
     915    1224.5641
     916    1216.2441
     917    1211.9356
     918    1213.3909
     919    1220.4818
     920    1231.3440
     921    1243.2409
     922    1253.6789
     923    1261.2609
     924    1265.9464
     925    1268.7010
     926    1270.7774
     927    1272.9996
     928    1275.3822
     929    1277.2306
     930    1277.6125
     931    1275.9472
     932    1272.4367
     933    1268.1302
     934    1264.5377
     935    1262.9184
     936    1263.5572
     937    1265.4119
     938    1266.4411
     939    1264.6213
     940    1259.2072
     941    1251.4946
     942    1244.6036
     943    1242.3845
     944    1247.9364
     945    1262.2698
     946    1283.5560
     947    1307.2725
     948    1327.3386
     949    1337.9499
     950    1335.4908
     951    1319.8137
     952    1294.3685
     953    1265.1176
     954    1238.5789
     955    1219.6657
     956    1210.0850
     957    1207.9054
     958    1208.5259
     959    1206.7550
     960    1199.2141
     961    1186.0793
     962    1171.3504
     963    1161.4190
     964    1162.4332
     965    1177.5254
     966    1205.0813
     967    1238.8291
     968    1269.7794
     969    1289.3186
     970    1292.3416
     971    1279.3025
     972    1256.3912
     973    1233.5327
     974    1220.6116
     975    1223.3017
     976    1240.6533
     977    1265.8347
     978    1289.3771
     979    1302.9927
     980    1302.4233
     981    1288.6282
     982    1267.2178
     983    1246.4534
     984    1234.4657
     985    1236.5395
     986    1253.3121
     987    1280.4393
     988    1309.8547
     989    1332.2471
     990    1340.0543
     991    1330.0422
     992    1304.4450
     993    1270.0182
     994    1235.4371
     995    1208.4615
     996    1193.9582
     997    1192.8895
     998    1202.2037
     999    1215.8360
    1000    1226.7881
    1001    1229.5185
    1002    1222.0265
    1003    1206.4824
    1004    1188.4558
    1005    1174.9131
    1006    1171.7224
    1007    1181.5540
    1008    1202.8762
    1009    1230.3604
    1010    1256.5349
    1011    1274.1475
    1012    1278.4640
    1013    1268.7513
    1014    1248.5026
    1015    1224.3625
    1016    1204.1014
    1017    1194.2896
    1018    1198.4489
    1019    1216.2631
    1020    1243.9508
    1021    1275.4925
    1022    1304.2576
    1023    1324.6007
    1024    1333.0872
    1025    1329.1138
    1026    1314.8557
    1027    1294.5937
    1028    1273.5588
    1029    1256.5083
    1030    1246.3274
    1031    1243.0352
    1032    1243.5722
    1033    1242.6036
    1034    1234.2648
    1035    1214.3883
    1036    1182.4695
    1037    1142.6121
    1038    1102.9787
    1039    1073.7462
    1040    1064.1173
    1041    1079.3089
    1042    1118.5215
    1043    1174.6357
    1044    1235.8724
    1045    1289.0011
    1046    1323.1725
    1047    1333.1609
    1048    1320.9449
    1049    1295.0254
    1050    1267.6102
    1051    1250.5175
    1052    1251.1296
    1053    1269.7705
    1054    1299.4618
    1055    1328.2144
    1056    1343.1158
    1057    1334.7839
    1058    1300.6307
    1059    1245.8295
    1060    1181.7051
    1061    1122.1839
    1062    1079.5631
    1063    1061.0389
    1064    1067.0593
    1065    1091.8825
    1066    1125.9518
    1067    1159.1797
    1068    1184.0344
    1069    1197.4852
    1070    1201.2883
    1071    1200.6788
    1072    1202.0747
    1073    1210.6672
    1074    1228.7041
    1075    1254.9500
    1076    1285.3614
    1077    1314.5793
    1078    1337.6095
    1079    1351.1086
    1080    1353.9538
    1081    1347.0769
    1082    1332.7686
    1083    1313.7896
    1084    1292.6294
    1085    1271.1318
    1086    1250.5170
    1087    1231.6280
    1088    1215.1448
    1089    1201.5930
    1090    1191.1550
    1091    1183.4401
    1092    1177.3957
    1093    1171.4763
    1094    1164.0797
    1095    1154.1673
    1096    1141.8975
    1097    1129.0141
    1098    1118.6961
    1099    1114.7185
    1100    1120.0905
    1101    1135.6881
    1102    1159.5086
    1103    1186.9615
    1104    1212.1877
    1105    1229.9835
    1106    1237.6469
    1107    1236.0583
    1108    1229.5148
    1109    1224.2719
    1110    1226.2337
    1111    1238.6107
    1112    1260.4558
    1113    1286.7031
    1114    1309.7876
    1115    1322.3139
    1116    1319.8156
    1117    1302.5585
    1118    1275.6787
    1119    1247.5345
    1120    1226.8250
    1121    1219.4902
    1122    1226.5554
    1123    1243.7707
    1124    1263.1794
    1125    1276.0063
    1126    1275.7409
    1127    1260.3130
    1128    1232.6376
    1129    1199.4061
    1130    1168.6644
    1131    1147.1335
    1132    1138.2593
    1133    1141.5934
    1134    1153.5375
    1135    1169.0119
    1136    1183.3673
    1137    1193.8829
    1138    1200.4119
    1139    1205.0494
    1140    1210.9986
    1141    1221.0463
    1142    1236.2624
    1143    1255.5050
    1144    1275.9262
    1145    1294.1264
    1146    1307.3515
    1147    1314.2612
    1148    1315.0923
    1149    1311.3011
    1150    1304.8753
    1151    1297.4873
    1152    1289.7751
    1153    1281.1321
    1154    1270.1996
    1155    1255.7503
    1156    1237.4115
    1157    1215.8952
    1158    1192.7167
    1159    1169.5993
    1160    1147.8449
    1161    1127.9623
    1162    1109.7731
    1163    1093.0420
    1164    1078.3520
    1165    1067.7190
    1166    1064.4543
    1167    1072.1532
    1168    1093.1426
    1169    1127.0218
    1170    1169.9795
    1171    1215.3259
    1172    1255.2176
    1173    1283.0595
    1174    1295.7212
    1175    1294.6889
    1176    1285.6050
    1177    1276.2739
    1178    1273.8509
    1179    1282.2388
    1180    1300.5782
    1181    1323.3051
    1182    1341.8210
    1183    1347.3477
    1184    1334.0665
    1185    1301.4315
    1186    1254.7809
    1187    1203.9615
    1188    1160.3592
    1189    1133.2804
    1190    1126.8812
    1191    1138.7122
    1192    1160.4381
    1193    1180.5864
    1194    1188.4964
    1195    1178.1997
    1196    1150.8980
    1197    1115.0749
    1198    1083.9808
    1199    1071.1034
    1200    1085.0717
    1201    1126.0343
    1202    1185.2452
    1203    1248.1083
    1204    1299.2157
    1205    1327.3107
    1206    1328.5288
    1207    1307.0570
    1208    1273.2239
    1209    1239.7917
    1210    1217.6719
    1211    1212.3883
    1212    1222.4255
    1213    1240.1603
    1214    1255.1747
    1215    1258.6472
    1216    1246.9273
    1217    1222.8888
    1218    1194.7291
    1219    1172.8683
    1220    1166.1771
    1221    1178.8771
    1222    1209.1608
    1223    1249.9253
    1224    1291.2669
    1225    1323.7564
    1226    1341.3037
    1227    1342.6363
    1228    1331.0057
    1229    1312.4144
    1230    1293.1689
    1231    1277.7035
    1232    1267.3930
    1233    1260.6463
    1234    1254.1158
    1235    1244.4818
    1236    1230.0534
    1237    1211.5313
    1238    1191.6455
    1239    1173.8714
    1240    1160.8282
    1241    1153.1066
    1242    1149.1136
    1243    1146.0823
    1244    1141.7622
    1245    1135.8970
    1246    1130.6833
    1247    1129.8691
    1248    1136.7233
    1249    1151.7142
    1250    1171.2265
    1251    1188.3607
    1252    1195.6295
    1253    1188.1887
    1254    1166.1213
    1255    1134.9002
    1256    1103.8793
    1257    1083.3057
    1258    1080.8341
    1259    1098.7490
    1260    1132.9463
    1261    1174.1423
    1262    1210.9860
    1263    1234.0219
    1264    1239.0979
    1265    1228.9627
    1266    1212.4048
    1267    1201.1328
    1268    1205.4073
    1269    1229.9525
    1270    1271.6723
    1271    1320.1757
    1272    1361.1286
    1273    1381.3293
    1274    1373.6391
    1275    1339.8316
    1276    1290.2013
    1277    1240.0341
    1278    1204.2862
    1279    1192.4552
    1280    1205.4922
    1281    1235.7772
    1282    1270.0883
    1283    1294.4621
    1284    1299.1984
    1285    1282.2079
    1286    1249.5085
    1287    1212.7294
    1288    1184.6149
    1289    1174.2887
    1290    1184.0722
    1291    1208.9935
    1292    1239.0274
    1293    1263.0892
    1294    1273.2231
    1295    1267.4436
    1296    1250.1755
    1297    1229.9710
    1298    1215.2687
    1299    1210.3930
    1300    1214.1662
    1301    1221.4726
    1302    1226.2393
    1303    1224.3303
    1304    1215.4299
    1305    1203.3453
    1306    1194.5631
    1307    1195.5590
    1308    1209.9205
    1309    1236.5046
    1310    1269.4579
    1311    1300.1609
    1312    1320.3491
    1313    1325.1896
    1314    1315.1285
    1315    1295.7794
    1316    1275.7298
    1317    1262.8479
    1318    1260.6558
    1319    1266.8642
    1320    1274.9003
    1321    1277.2555
    1322    1268.9208
    1323    1249.6944
    1324    1224.5904
    1325    1202.0906
    1326    1190.8153
    1327    1195.9980
    1328    1217.3099
    1329    1248.9142
    1330    1281.6058
    1331    1306.0905
    1332    1316.1337
    1333    1310.4689
    1334    1292.8629
    1335    1270.4086
    1336    1250.7349
    1337    1239.1637
    1338    1236.8426
    1339    1240.5050
    1340    1243.8973
    1341    1240.3065
    1342    1225.2554
    1343    1198.3598
    1344    1163.6270
    1345    1128.0302
    1346    1098.9374
    1347    1081.5347
    1348    1077.3116
    1349    1084.0511
    1350    1097.1045
    1351    1111.3659
    1352    1123.1937
    1353    1131.5797
    1354    1138.1620
    1355    1146.1739
    1356    1158.7979
    1357    1177.5871
    1358    1201.5808
    1359    1227.4932
    1360    1250.9259
    1361    1268.0971
    1362    1277.3443
    1363    1279.7437
    1364    1278.5614
    1365    1277.7516
    1366    1280.1103
    1367    1285.8770
    1368    1292.4140
    1369    1295.2026
    1370    1289.8229
    1371    1274.0851
    1372    1249.3441
    1373    1220.3577
    1374    1193.7033
    1375    1175.3972
    1376    1168.6820
    1377    1172.8468
    1378    1183.5438
    1379    1194.4651
    1380    1199.7334
    1381    1196.1402
    1382    1184.4871
    1383    1169.5625
    1384    1158.6381
    1385    1158.8432
    1386    1174.2983
    1387    1204.1258
    1388    1242.1784
    1389    1278.6810
    1390    1303.2597
    1391    1308.2943
    1392    1291.4301
    1393    1256.3986
    1394    1211.9112
    1395    1169.0029
    1396    1137.6780
    1397    1123.9256
    1398    1128.0836
    1399    1145.0818
    1400    1166.4394
    1401    1183.2906
    1402    1189.3733
    1403    1182.9607
    1404    1167.1000
    1405    1148.1593
    1406    1133.3111
    1407    1127.9305
    1408    1133.8503
    1409    1149.0152
    1410    1168.5166
    1411    1186.4541
    1412    1197.8204
    1413    1199.7286
    1414    1191.7147
    1415    1175.3011
    1416    1153.2360
    1417    1128.7656
    1418    1105.1457
    1419    1085.4352
    1420    1072.4757
    1421    1068.8492
    1422    1076.5606
    1423    1096.3326
    1424    1126.7540
    1425    1163.9034
    1426    1201.9760
    1427    1234.8002
    1428    1257.6184
    1429    1268.4602
    1430    1268.6333
    1431    1262.1174
    1432    1254.0058
    1433    1248.5333
    1434    1247.4889
    1435    1249.6405
    1436    1251.3556
    1437    1248.1174
    1438    1236.3538
    1439    1214.9337
    1440    1185.8112
    1441    1153.5821
    1442    1124.1002
    1443    1102.6527
    1444    1092.3642
    1445    1093.4128
    1446    1103.3518
    1447    1118.3808
    1448    1134.9836
    1449    1151.2044
    1450    1167.0001
    1451    1183.5060
    1452    1201.5113
    1453    1219.9276
    1454    1235.2510
    1455    1242.5981
    1456    1237.9079
    1457    1220.2247
    1458    1192.9824
    1459    1163.6308
    1460    1141.5143
    1461    1134.5785
    1462    1146.0594
    1463    1172.5577
    1464    1204.6250
    1465    1229.9754
    1466    1238.0930
    1467    1224.3267
    1468    1191.9173
    1469    1151.2101
    1470    1116.2558
    1471    1099.9200
    1472    1109.2153
    1473    1142.5210
    1474    1189.7223
    1475    1235.3120
    1476    1263.5108
    1477    1263.7144
    1478    1234.3462
    1479    1183.6598
    1480    1127.0762
    1481    1081.9452
    1482    1061.6385
    1483    1071.1216
    1484    1105.5239
    1485    1152.1099
    1486    1194.8887
    1487    1220.2011
    1488    1221.3289
    1489    1200.5855
    1490    1168.2730
    1491    1138.9428
    1492    1126.2513
    1493    1138.1453
    1494    1174.0078
    1495    1224.8009
    1496    1276.1563
    1497    1313.2362
    1498    1325.5425
    1499    1310.0078
    1500    1271.4914
    1501    1220.7807
    1502    1171.0142
    1503    1133.7907
    1504    1116.1466
    1505    1119.1634
    1506    1138.4014
    1507    1165.8205
    1508    1192.4601
    1509    1211.0180
    1510    1217.6396
    1511    1212.5536
    1512    1199.5563
    1513    1184.6345
    1514    1174.1977
    1515    1173.3916
    1516    1184.8435
    1517    1208.0000
    1518    1239.0853
    1519    1271.6694
    1520    1297.8366
    1521    1309.9210
    1522    1302.5844
    1523    1274.7407
    1524    1230.6171
    1525    1179.2984
    1526    1132.5531
    1527    1101.4854
    1528    1093.1402
    1529    1108.2270
    1530    1140.6929
    1531    1179.3509
    1532    1211.2084
    1533    1225.5563
    1534    1217.4881
    1535    1189.5968
    1536    1151.1688
    1537    1115.0438
    1538    1093.1619
    1539    1092.3493
    1540    1111.8884
    1541    1143.7963
    1542    1175.7597
    1543    1195.6604
    1544    1195.9970
    1545    1176.5811
    1546    1144.5652
    1547    1111.9016
    1548    1091.2981
    1549    1092.1480
    1550    1117.3273
    1551    1161.1829
    1552    1210.3819
    1553    1249.1227
    1554    1265.8695
    1555    1257.4870
    1556    1229.6679
    1557    1194.3586
    1558    1165.3012
    1559    1153.1768
    1560    1161.9810
    1561    1187.8988
    1562    1221.0111
    1563    1249.1157
    1564    1262.2073
    1565    1256.0261
    1566    1233.4816
    1567    1203.4611
    1568    1177.4631
    1569    1165.3158
    1570    1171.5714
    1571    1193.8840
    1572    1223.9232
    1573    1250.4297
    1574    1263.2373
    1575    1256.7662
    1576    1231.7445
    1577    1194.6488
    1578    1155.2183
    1579    1123.0527
    1580    1104.5367
    1581    1101.1175
    1582    1109.3782
    1583    1122.7069
    1584    1133.8437
    1585    1137.3777
    1586    1131.3797
    1587    1117.7252
    1588    1101.1283
    1589    1087.2967
    1590    1080.8669
    1591    1083.8436
    1592    1095.1021
    1593    1111.1193
    1594    1127.6005
    1595    1141.2501
    1596    1150.8553
    1597    1157.2485
    1598    1162.4522
    1599    1168.7133
    1600    1177.8226
    1601    1190.6851
    1602    1207.1000
    1603    1225.8083
    1604    1244.7990
    1605    1261.7508
    1606    1274.4750
    1607    1281.2542
    1608    1280.9724
    1609    1273.0091
    1610    1257.1132
    1611    1233.5883
    1612    1203.7159
    1613    1169.9329
    1614    1135.4573
    1615    1103.4926
    1616    1076.3760
    1617    1055.0168
    1618    1038.8302
    1619    1026.1977
    1620    1015.3183
    1621    1005.1854
    1622     996.3677
    1623     991.2750
    1624     993.6911
    1625    1007.6026
    1626    1035.6470
    1627    1077.7044
    1628    1130.1684
    1629    1186.2317
    1630    1237.2468
    1631    1274.8732
    1632    1293.3737
    1633    1291.2630
    1634    1271.6959
    1635    1241.4536
    1636    1208.8953
    1637    1181.5355
    1638    1163.9868
    1639    1156.8743
    1640    1157.0626
    1641    1159.1517
    1642    1157.7303
    1643    1149.5272
    1644    1134.6765
    1645    1116.7060
    1646    1101.3339
    1647    1094.5055
    1648    1100.2832
    1649    1119.2595
    1650    1148.0351
    1651    1179.9909
    1652    1207.1653
    1653    1222.6643
    1654    1222.8251
    1655    1208.3899
    1656    1184.2481
    1657    1157.8407
    1658    1136.7812
    1659    1126.5164
    1660    1128.8054
    1661    1141.5385
    1662    1159.9833
    1663    1178.9276
    1664    1194.6840
    1665    1205.9721
    1666    1213.5059
    1667    1218.9318
    1668    1223.8227
    1669    1228.9485
    1670    1233.8648
    1671    1236.9631
    1672    1236.0672
    1673    1229.3963
    1674    1216.5212
    1675    1198.9136
    1676    1179.8252
    1677    1163.4894
    1678    1153.8945
    1679    1153.5352
    1680    1162.5568
    1681    1178.6378
    1682    1197.7452
    1683    1215.4940
    1684    1228.4959
    1685    1235.2005
    1686    1236.1575
    1687    1233.7880
    1688    1231.5362
    1689    1232.4101
    1690    1237.4917
    1691    1245.2290
    1692    1251.9105
    1693    1253.0897
    1694    1245.3708
    1695    1227.8775
    1696    1202.8434
    1697    1175.0812
    1698    1150.5232
    1699    1134.3864
    1700    1129.6071
    1701    1136.0400
    1702    1150.6236
    1703    1168.4404
    1704    1184.3207
    1705    1194.4758
    1706    1197.6138
    1707    1195.1619
    1708    1190.5043
    1709    1187.5073
    1710    1188.9009
    1711    1195.1986
    1712    1204.6155
    1713    1213.9772
    1714    1220.1840
    1715    1221.5957
    1716    1218.7666
    1717    1214.2065
    1718    1211.2651
    1719    1212.6399
    1720    1219.1715
    1721    1229.4306
    1722    1240.2634
    1723    1248.1021
    1724    1250.5147
    1725    1247.3326
    1726    1240.8730
    1727    1235.1626
    1728    1234.4479
    1729    1241.4770
    1730    1256.1052
    1731    1274.8236
    1732    1291.6541
    1733    1300.2073
    1734    1295.9913
    1735    1278.0097
    1736    1249.1483
    1737    1215.3151
    1738    1183.6095
    1739    1160.0983
    1740    1147.9502
    1741    1146.6283
    1742    1152.4577
    1743    1160.2775
    1744    1165.4749
    1745    1165.6233
    1746    1161.1975
    1747    1155.2002
    1748    1151.9033
    1749    1155.1633
    1750    1166.8718
    1751    1186.0783
    1752    1209.1016
    1753    1230.5808
    1754    1245.0870
    1755    1248.7799
    1756    1240.6393
    1757    1222.9387
    1758    1200.7870
    1759    1180.7779
    1760    1169.0357
    1761    1169.2178
    1762    1181.1707
    1763    1200.8049
    1764    1221.2926
    1765    1235.2012
    1766    1236.8425
    1767    1224.0921
    1768    1199.1297
    1769    1167.8739
    1770    1138.2138
    1771    1117.5233
    1772    1110.2839
    1773    1116.7315
    1774    1133.0062
    1775    1152.6175
    1776    1168.6094
    1777    1175.7441
    1778    1172.1114
    1779    1159.7205
    1780    1143.8764
    1781    1131.4699
    1782    1128.6675
    1783    1138.7317
    1784    1160.7141
    1785    1189.5053
    1786    1217.2694
    1787    1235.8578
    1788    1239.4864
    1789    1226.7996
    1790    1201.5390
    1791    1171.4639
    1792    1145.8140
    1793    1132.1630
    1794    1133.7719
    1795    1148.3996
    1796    1169.0387
    1797    1186.3865
    1798    1192.2161
    1799    1182.4377
    1800    1158.7245
    1801    1128.1285
    1802    1100.8465
    1803    1086.9369
    1804    1093.0864
    1805    1120.4518
    1806    1164.2239
    1807    1214.9955
    1808    1261.4902
    1809    1293.8012
    1810    1306.1229
    1811    1298.1494
    1812    1274.7767
    1813    1244.2989
    1814    1215.7191
    1815    1196.0357
    1816    1188.3378
    1817    1191.2537
    1818    1199.8222
    1819    1207.4152
    1820    1208.0428
    1821    1198.3163
    1822    1178.4693
    1823    1152.1698
    1824    1125.2705
    1825    1103.9879
    1826    1093.1464
    1827    1094.9979
    1828    1108.8764
    1829    1131.6541
    1830    1158.7534
    1831    1185.3380
    1832    1207.3237
    1833    1222.0028
    1834    1228.2665
    1835    1226.5295
    1836    1218.4761
    1837    1206.6825
    1838    1194.1279
    1839    1183.6112
    1840    1177.1460
    1841    1175.4509
    1842    1177.7184
    1843    1181.8136
    1844    1184.9727
    1845    1184.8632
    1846    1180.6530
    1847    1173.6243
    1848    1166.9721
    1849    1164.7228
    1850    1170.1092
    1851    1184.0146
    1852    1204.1354
    1853    1225.2798
    1854    1240.8005
    1855    1244.7397
    1856    1234.0028
    1857    1209.7711
    1858    1177.4326
    1859    1144.7736
    1860    1119.2363
    1861    1105.6851
    1862    1105.3755
    1863    1115.9411
    1864    1132.2551
    1865    1148.1076
    1866    1158.2925
    1867    1160.3939
    1868    1155.5991
    1869    1148.1752
    1870    1143.7715
    1871    1147.1462
    1872    1160.1747
    1873    1180.9114
    1874    1204.0826
    1875    1222.8430
    1876    1231.1322
    1877    1225.7501
    1878    1207.3964
    1879    1180.3218
    1880    1150.7718
    1881    1124.8467
    1882    1106.5956
    1883    1097.0088
    1884    1094.2162
    1885    1094.7487
    1886    1095.3154
    1887    1094.3565
    1888    1092.7294
    1889    1093.2710
    1890    1099.4525
    1891    1113.7091
    1892    1136.1271
    1893    1164.0343
    1894    1192.6786
    1895    1216.7503
    1896    1232.1577
    1897    1237.3368
    1898    1233.5606
    1899    1224.1356
    1900    1212.8439
    1901    1202.2946
    1902    1192.8649
    1903    1182.6537
    1904    1168.4892
    1905    1147.6066
    1906    1119.3119
    1907    1085.9017
    1908    1052.3779
    1909    1025.0214
    1910    1009.3651
    1911    1008.3393
    1912    1021.2930
    1913    1044.2552
    1914    1071.3519
    1915    1096.8550
    1916    1117.1091
    1917    1131.6112
    1918    1142.8357
    1919    1154.8537
    1920    1171.2668
    1921    1193.2738
    1922    1218.7204
    1923    1242.6351
    1924    1259.0991
    1925    1263.6364
    1926    1255.0737
    1927    1236.1077
    1928    1212.3770
    1929    1190.4261
    1930    1175.3343
    1931    1168.9273
    1932    1169.2658
    1933    1171.6083
    1934    1170.4544
    1935    1161.8606
    1936    1145.1200
    1937    1123.1600
    1938    1101.5184
    1939    1086.2806
    1940    1081.7745
    1941    1088.8886
    1942    1104.6445
    1943    1123.1804
    1944    1137.8063
    1945    1143.4058
    1946    1138.3141
    1947    1124.9599
    1948    1109.0502
    1949    1097.6247
    1950    1096.6200
    1951    1108.6694
    1952    1131.9060
    1953    1160.3716
    1954    1186.0801
    1955    1201.9933
    1956    1204.7261
    1957    1195.9183
    1958    1181.7720
    1959    1170.8735
    1960    1171.0227
    1961    1186.1432
    1962    1214.3879
    1963    1248.1867
    1964    1276.3403
    1965    1287.5339
    1966    1274.1156
    1967    1234.8660
    1968    1175.8059
    1969    1108.7386
    1970    1047.9593
    1971    1006.1510
    1972     990.7531
    1973    1001.9397
    1974    1032.8399
    1975    1071.9188
    1976    1106.7571
    1977    1128.0061
    1978    1132.2214
    1979    1122.6455
    1980    1107.6831
    1981    1097.6277
    1982    1100.8656
    1983    1120.9436
    1984    1155.4455
    1985    1196.7856
    1986    1234.3801
    1987    1257.5968
    1988    1258.9800
    1989    1236.8897
    1990    1196.4046
    1991    1147.9018
    1992    1103.7699
    1993    1074.4863
    1994    1065.5102
    1995    1076.0628
    1996    1100.0472
    1997    1128.5487
    1998    1152.9076
    1999    1167.3274
    2000    1170.2185
