#Frame              T
       1    1115.7724
       2    1105.7111
       3    1085.3033
       4    1106.1165
       5    1001.2081
       6    1089.3745
       7    1154.2610
       8    1153.8673
       9    1013.9105
      10    1007.2086
      11    1043.4431
      12    1067.7812
      13    1001.7199
      14     995.9196
      15     848.9757
      16     923.5244
      17     934.7758
      18    1032.0224
      19     976.0256
      20     912.2262
      21     880.6341
      22     968.2047
      23     969.9285
      24     874.8290
      25     875.0631
      26     890.4368
      27     843.0129
      28     895.7350
      29     897.3912
      30     805.8221
      31     795.5628
      32     848.7105
      33     914.0681
      34     924.3931
      35     870.6417
      36     898.8914
      37     778.9276
      38     799.9628
      39     799.9159
      40     773.2228
      41     872.9463
      42     902.7930
      43     783.8193
      44     777.6583
      45     774.1578
      46     835.3378
      47     725.7294
      48     790.6356
      49     806.9792
      50     824.3307
      51     824.9232
      52     695.3721
      53     796.3663
      54     762.1128
      55     768.8655
      56     780.6859
      57     746.7027
      58     763.8775
      59     719.3652
      60     750.0150
      61     735.3378
      62     725.3464
      63     734.0980
      64     711.1962
      65     689.6210
      66     723.6727
      67     672.2633
      68     673.2715
      69     729.7769
      70     643.8004
      71     702.6763
      72     646.8201
      73     705.3551
      74     672.3833
      75     656.0753
      76     683.7148
      77     582.3348
      78     697.1145
      79     647.8730
      80     681.3677
      81     669.4330
      82     654.3658
      83     621.1345
      84     686.0345
      85     627.3220
      86     607.5558
      87     561.4746
      88     645.9016
      89     635.1928
      90     624.5382
      91     588.1068
      92     642.7960
      93     583.2956
      94     649.5933
      95     604.1459
      96     615.8313
      97     598.2024
      98     573.9296
      99     621.8745
     100     551.9210
     101     561.3660
     102     593.5915
     103     598.6440
     104     609.3643
     105     627.7979
     106     626.5249
     107     610.8525
     108     589.6810
     109     589.9938
     110     570.6093
     111     608.5452
     112     562.4812
     113     586.7670
     114     586.5274
     115     592.5938
     116     573.1273
     117     579.5301
     118     587.7409
     119     554.8349
     120     566.1919
     121     546.0344
     122     545.8969
     123     561.7777
     124     560.0237
     125     563.2072
     126     515.2140
     127     541.9800
     128     579.2385
     129     599.7263
     130     605.6211
     131     534.7671
     132     596.5279
     133     567.9600
     134     515.3286
     135     585.9110
     136     603.0936
     137     525.5373
     138     555.4161
     139     601.1836
     140     571.9061
     141     581.7701
     142     569.6115
     143     606.2483
     144     563.2148
     145     555.9018
     146     580.8854
     147     596.6185
     148     546.2626
     149     564.0968
     150     524.5516
     151     515.7940
     152     537.2185
     153     579.0397
     154     557.7977
     155     566.8146
     156     496.7635
     157     503.9609
     158     514.2179
     159     514.2537
     160     540.2126
     161     570.9881
     162     558.9042
     163     540.0681
     164     487.2419
     165     521.5914
     166     541.4757
     167     493.0902
     168     526.5068
     169     505.9765
     170     490.3434
     171     519.1627
     172     517.7422
     173     471.6801
     174     529.1916
     175     489.3387
     176     489.4363
     177     533.3561
     178     482.7318
     179     503.8999
     180     503.1085
     181     475.4234
     182     487.3796
     183     478.5597
     184     527.5570
     185     522.6198
     186     478.7073
     187     500.8511
     188     484.2896
     189     501.6522
     190     484.3042
     191     443.9396
     192     481.2089
     193     500.1680
     194     515.4304
     195     469.2888
     196     481.8583
     197     517.8412
     198     482.7818
     199     435.7604
     200     458.8322
     201     482.5418
     202     482.3582
     203     493.3032
     204     446.9999
     205     493.1654
     206     504.8219
     207     486.1990
     208     463.3070
     209     470.8453
     210     503.9204
     211     501.8307
     212     426.9507
     213     415.0255
     214     480.0589
     215     473.2388
     216     445.9383
     217     465.0507
     218     463.9441
     219     491.9829
     220     487.0434
     221     506.8486
     222     436.3466
     223     489.8906
     224     449.9594
     225     475.3591
     226     451.0981
     227     466.0560
     228     437.6931
     229     502.5546
     230     442.7384
     231     424.5552
     232     435.6458
     233     431.9715
     234     419.0916
     235     445.6562
     236     429.0187
     237     461.4680
     238     420.5552
     239     420.0587
     240     432.7044
     241     437.9543
     242     420.6239
     243     435.3581
     244     401.3487
     245     419.0136
     246     402.1643
     247     440.8374
     248     419.2564
     249     437.8104
     250     414.6784
     251     426.5108
     252     414.4923
     253     371.0654
     254     420.5815
     255     434.2049
     256     404.6564
     257     399.8467
     258     388.2693
     259     378.0862
     260     398.6560
     261     432.7217
     262     422.8473
     263     438.0374
     264     497.7305
     265     491.9769
     266     448.2719
     267     445.9286
     268     420.2466
     269     436.9453
     270     429.7586
     271     458.8199
     272     394.5332
     273     401.8141
     274     364.9741
     275     396.9994
     276     448.0545
     277     370.2618
     278     402.2049
     279     394.0199
     280     399.4076
     281     396.6332
     282     359.8545
     283     393.2094
     284     356.8085
     285     382.4677
     286     355.1829
     287     363.5387
     288     371.4942
     289     387.6019
     290     399.7586
     291     376.2129
     292     376.6598
     293     393.1979
     294     400.3002
     295     370.9450
     296     405.7685
     297     372.7978
     298     365.7526
     299     329.7157
     300     373.1363
     301     370.6326
     302     403.4766
     303     375.6620
     304     390.5517
     305     378.8135
     306     390.6321
     307     349.9858
     308     383.2136
     309     363.4950
     310     389.4116
     311     350.9982
     312     368.1281
     313     387.6180
     314     376.8949
     315     386.0156
     316     382.7773
     317     372.2043
     318     379.0966
     319     342.6647
     320     363.6123
     321     350.3964
     322     374.8098
     323     373.2591
     324     398.6243
     325     342.4491
     326     394.2458
     327     363.0345
     328     360.7926
     329     378.6305
     330     369.2698
     331     390.9312
     332     377.4859
     333     360.9167
     334     380.6150
     335     392.8852
     336     390.0924
     337     387.8409
     338     384.9234
     339     368.8940
     340     370.1612
     341     390.2708
     342     383.8789
     343     382.2418
     344     367.6862
     345     363.1300
     346     365.1236
     347     400.0281
     348     378.5220
     349     390.7333
     350     377.4985
     351     325.0598
     352     359.0270
     353     330.9068
     354     412.7218
     355     394.5011
     356     359.5764
     357     321.4044
     358     348.2160
     359     376.3133
     360     351.2010
     361     347.2002
     362     356.3641
     363     345.1324
     364     340.2428
     365     352.5018
     366     362.8102
     367     378.2319
     368     344.2762
     369     361.8558
     370     343.5933
     371     356.3178
     372     338.7737
     373     349.6681
     374     366.2127
     375     359.8276
     376     358.8625
     377     360.1135
     378     378.8957
     379     339.6604
     380     350.2199
     381     358.4729
     382     392.6458
     383     347.2108
     384     364.9631
     385     364.7784
     386     337.1691
     387     346.0177
     388     365.1405
     389     346.5802
     390     387.2909
     391     393.6137
     392     351.6986
     393     373.4590
     394     333.9631
     395     365.4172
     396     342.5917
     397     380.2252
     398     364.5269
     399     348.5667
     400     333.7436
