#Frame              T
       1    1132.8874
       2    1093.1259
       3    1049.2314
       4    1140.5284
       5    1077.1657
       6    1090.3128
       7    1063.0285
       8    1104.9881
       9    1038.0591
      10    1054.1891
      11    1059.9730
      12    1061.8747
      13    1052.8977
      14     946.0430
      15    1039.6155
      16     937.6756
      17    1013.4833
      18     969.4556
      19    1062.0975
      20     856.2032
      21     932.1965
      22    1015.8224
      23     864.2064
      24     961.5046
      25     951.6818
      26     868.5732
      27     960.9901
      28     913.8432
      29     795.5192
      30     848.2193
      31     834.3964
      32     852.2258
      33     862.8273
      34     838.9853
      35     891.4379
      36     771.8492
      37     823.3749
      38     829.6405
      39     753.3280
      40     781.8265
      41     856.0746
      42     796.1902
      43     792.6290
      44     824.7033
      45     889.4363
      46     853.5546
      47     875.3298
      48     805.8791
      49     820.0235
      50     747.6055
      51     774.3517
      52     771.0834
      53     701.8502
      54     679.2450
      55     690.9422
      56     700.5748
      57     763.5510
      58     762.4458
      59     737.7305
      60     710.6808
      61     772.5379
      62     775.2234
      63     690.2676
      64     719.7532
      65     784.2728
      66     627.6368
      67     821.2643
      68     741.7497
      69     691.7492
      70     716.6065
      71     710.3480
      72     696.6001
      73     633.6431
      74     695.7575
      75     626.5392
      76     679.7260
      77     626.6192
      78     660.5515
      79     688.4990
      80     747.3953
      81     688.0106
      82     674.9112
      83     641.9860
      84     660.9898
      85     623.5376
      86     673.4139
      87     680.3095
      88     718.2506
      89     665.7722
      90     630.3383
      91     635.9216
      92     642.5871
      93     665.7921
      94     629.3909
      95     665.2619
      96     597.0584
      97     679.4730
      98     616.7953
      99     621.3012
     100     618.6095
     101     601.2834
     102     634.6694
     103     588.7394
     104     614.5787
     105     604.5294
     106     627.0788
     107     615.5212
     108     634.4915
     109     542.0744
     110     580.3766
     111     598.8132
     112     572.8864
     113     591.4138
     114     596.1304
     115     617.0785
     116     548.0687
     117     617.3534
     118     553.7503
     119     576.1995
     120     564.5969
     121     546.2185
     122     538.8094
     123     608.7846
     124     589.2273
     125     602.6046
     126     585.0737
     127     571.0262
     128     574.1305
     129     544.4494
     130     563.8877
     131     533.2004
     132     517.0481
     133     531.5560
     134     600.4302
     135     565.0515
     136     571.6468
     137     551.4731
     138     542.9491
     139     546.0183
     140     537.0494
     141     577.3892
     142     582.3126
     143     635.3531
     144     583.4823
     145     531.8320
     146     540.0128
     147     516.7459
     148     531.3370
     149     533.3450
     150     611.2594
     151     562.3091
     152     567.1963
     153     587.9185
     154     554.4177
     155     514.8266
     156     543.2476
     157     534.7079
     158     592.9246
     159     589.9007
     160     582.8605
     161     588.5665
     162     557.8958
     163     534.7774
     164     583.2390
     165     545.6292
     166     537.5762
     167     551.6467
     168     534.1976
     169     574.6199
     170     486.5623
     171     520.9873
     172     555.8493
     173     578.8000
     174     511.4337
     175     518.1962
     176     518.2838
     177     535.3117
     178     508.8272
     179     516.0293
     180     475.4173
     181     515.1048
     182     539.7978
     183     530.2336
     184     529.6695
     185     521.0186
     186     545.8424
     187     532.0592
     188     565.3877
     189     609.8220
     190     569.0801
     191     548.8046
     192     545.3475
     193     548.7696
     194     527.4756
     195     578.1160
     196     522.0772
     197     515.5280
     198     517.4652
     199     553.6925
     200     498.6614
     201     498.8436
     202     535.7158
     203     505.8166
     204     544.8741
     205     549.7961
     206     512.0552
     207     473.2235
     208     480.5282
     209     551.5152
     210     498.8145
     211     572.4486
     212     479.8192
     213     460.3487
     214     457.3049
     215     540.4394
     216     534.9165
     217     513.8338
     218     491.1628
     219     452.2387
     220     495.0370
     221     514.0873
     222     553.2924
     223     458.1861
     224     471.4121
     225     475.4650
     226     477.3165
     227     446.3239
     228     481.3512
     229     506.7059
     230     471.6906
     231     476.4804
     232     442.1775
     233     486.1471
     234     489.6260
     235     466.8139
     236     474.9522
     237     455.0766
     238     466.0775
     239     452.9179
     240     464.0555
     241     476.1084
     242     475.6983
     243     498.4718
     244     458.6170
     245     472.4513
     246     456.7507
     247     497.8980
     248     465.9310
     249     422.4798
     250     501.7712
     251     466.1780
     252     452.8205
     253     464.1051
     254     436.3881
     255     490.7683
     256     439.1038
     257     483.6417
     258     472.0647
     259     462.1039
     260     514.5690
     261     416.9214
     262     462.0018
     263     464.9874
     264     424.3773
     265     442.6222
     266     447.6954
     267     419.2540
     268     437.1944
     269     441.8110
     270     435.9867
     271     434.1762
     272     442.4886
     273     463.6795
     274     443.4257
     275     437.0380
     276     447.3687
     277     446.4242
     278     429.3251
     279     417.9413
     280     423.1428
     281     388.0101
     282     453.9965
     283     419.8548
     284     435.6936
     285     399.3557
     286     443.8605
     287     401.2032
     288     377.6569
     289     385.5792
     290     360.5265
     291     403.5335
     292     389.5030
     293     386.7416
     294     386.4045
     295     395.5326
     296     416.6404
     297     405.9850
     298     396.0411
     299     411.2428
     300     422.9897
     301     418.8447
     302     404.5530
     303     432.8840
     304     379.1312
     305     382.4252
     306     399.1344
     307     430.1171
     308     416.4739
     309     427.5631
     310     401.7532
     311     420.2189
     312     393.1835
     313     424.4217
     314     431.6047
     315     400.3505
     316     427.2398
     317     419.6059
     318     445.6679
     319     413.9349
     320     435.0024
     321     426.5908
     322     414.1789
     323     397.9423
     324     406.9577
     325     388.9242
     326     383.6095
     327     386.5675
     328     395.6427
     329     415.4128
     330     380.3491
     331     380.4268
     332     377.3303
     333     341.7015
     334     401.3190
     335     376.4416
     336     378.1986
     337     369.6397
     338     415.3472
     339     401.5855
     340     375.3277
     341     396.3180
     342     412.2272
     343     398.2572
     344     367.2800
     345     438.2575
     346     417.3832
     347     396.9822
     348     417.6257
     349     411.8085
     350     415.3801
     351     394.9269
     352     381.7046
     353     408.0480
     354     411.1185
     355     379.9493
     356     381.2168
     357     403.5832
     358     390.4425
     359     401.3511
     360     366.6796
     361     323.8315
     362     383.1960
     363     363.3773
     364     351.0750
     365     370.8663
     366     392.2240
     367     380.7146
     368     374.4236
     369     392.3052
     370     346.0115
     371     364.8780
     372     352.8177
     373     352.1838
     374     399.1948
     375     388.7031
     376     376.6452
     377     345.4937
     378     373.7721
     379     356.6535
     380     379.2728
     381     375.8230
     382     375.7275
     383     356.5054
     384     354.7196
     385     381.8744
     386     338.7514
     387     376.8977
     388     365.6486
     389     371.9295
     390     350.2142
     391     337.5842
     392     375.4438
     393     365.6779
     394     379.7309
     395     359.0196
     396     370.4119
     397     354.7530
     398     388.8752
     399     389.3817
     400     370.8431
