#Frame              T
       1    2991.6397
       2    2881.9544
       3    2691.3829
       4    2458.3711
       5    2228.5493
       6    2041.7323
       7    1920.9312
       8    1866.9710
       9    1860.4761
      10    1870.4121
      11    1866.0701
      12    1828.2232
      13    1755.6300
      14    1664.8439
      15    1583.6623
      16    1540.7609
      17    1555.2035
      18    1629.3548
      19    1747.4540
      20    1880.1424
      21    1993.2586
      22    2057.8940
      23    2058.5252
      24    1996.8752
      25    1890.6306
      26    1767.7285
      27    1658.1339
      28    1585.6026
      29    1561.7660
      30    1584.1044
      31    1638.1465
      32    1702.8685
      33    1757.3042
      34    1786.3220
      35    1784.1138
      36    1754.8082
      37    1710.3701
      38    1666.5394
      39    1637.9851
      40    1634.0073
      41    1655.9226
      42    1696.7545
      43    1743.2404
      44    1779.5943
      45    1792.0496
      46    1772.9959
      47    1723.5363
      48    1653.6690
      49    1579.9607
      50    1521.2628
      51    1493.5210
      52    1505.0537
      53    1553.7015
      54    1626.8344
      55    1704.4027
      56    1764.3332
      57    1788.8148
      58    1769.6418
      59    1710.9185
      60    1628.1244
      61    1543.6639
      62    1480.1619
      63    1453.5697
      64    1468.2512
      65    1515.6593
      66    1577.0947
      67    1629.7479
      68    1654.1331
      69    1640.5210
      70    1592.2289
      71    1524.6311
      72    1460.1738
      73    1420.9915
      74    1421.5603
      75    1463.8147
      76    1536.3497
      77    1617.9736
      78    1684.4411
      79    1716.1650
      80    1704.3903
      81    1653.8286
      82    1580.8986
      83    1508.1872
      84    1457.0241
      85    1440.6772
      86    1460.4228
      87    1505.7162
      88    1558.2725
      89    1598.6101
      90    1612.8009
      91    1597.1176
      92    1558.9141
      93    1513.4496
      94    1477.9542
      95    1465.3602
      96    1480.0806
      97    1517.0859
      98    1564.1840
      99    1606.4130
     100    1630.9590
     101    1630.9517
     102    1606.9849
     103    1566.0574
     104    1518.5544
     105    1474.4819
     106    1440.3193
     107    1417.5093
     108    1402.9501
     109    1391.0956
     110    1376.6903
     111    1357.0440
     112    1333.0888
     113    1309.0526
     114    1291.0463
     115    1285.1095
     116    1295.3588
     117    1322.7993
     118    1365.1129
     119    1417.3706
     120    1473.3213
     121    1526.8011
     122    1572.8691
     123    1608.4522
     124    1632.4950
     125    1645.7426
     126    1650.2884
     127    1648.9586
     128    1644.5684
     129    1639.1272
     130    1633.1752
     131    1625.4940
     132    1613.3854
     133    1593.5631
     134    1563.4990
     135    1522.8350
     136    1474.3642
     137    1424.0961
     138    1380.1784
     139    1350.8233
     140    1341.8028
     141    1354.3501
     142    1384.3147
     143    1423.0524
     144    1459.9335
     145    1485.6880
     146    1495.4161
     147    1490.1494
     148    1476.3423
     149    1463.4350
     150    1460.3223
     151    1471.9753
     152    1497.4131
     153    1529.7419
     154    1558.2791
     155    1572.0774
     156    1563.6876
     157    1531.8942
     158    1482.4700
     159    1426.6082
     160    1377.5025
     161    1346.2962
     162    1338.8694
     163    1354.4755
     164    1386.4369
     165    1424.4940
     166    1458.0748
     167    1479.5339
     168    1486.3689
     169    1481.6832
     170    1472.7301
     171    1468.0285
     172    1474.0432
     173    1492.5847
     174    1519.8651
     175    1547.5994
     176    1565.8572
     177    1566.7268
     178    1547.5132
     179    1512.2190
     180    1470.6115
     181    1435.0643
     182    1416.2672
     183    1419.4119
     184    1442.3340
     185    1476.3533
     186    1509.5203
     187    1531.0439
     188    1535.2436
     189    1523.5723
     190    1503.9573
     191    1487.6969
     192    1485.0472
     193    1501.1490
     194    1533.8366
     195    1574.1759
     196    1609.5440
     197    1628.1168
     198    1623.0992
     199    1595.1363
     200    1552.0533
     201    1506.0343
     202    1469.3027
     203    1449.8870
     204    1449.0328
     205    1461.2231
     206    1476.7912
     207    1486.0694
     208    1483.3677
     209    1469.1541
     210    1449.5810
     211    1433.6648
     212    1429.4590
     213    1440.8997
     214    1466.5250
     215    1500.2801
     216    1533.8212
     217    1559.3374
     218    1571.9074
     219    1570.6363
     220    1558.2830
     221    1539.6606
     222    1519.5711
     223    1501.1992
     224    1485.5724
     225    1472.0991
     226    1459.6805
     227    1447.6979
     228    1436.3420
     229    1426.1867
     230    1417.3827
     231    1409.1045
     232    1399.6876
     233    1387.4040
     234    1371.4411
     235    1352.5730
     236    1333.1925
     237    1316.6534
     238    1306.1389
     239    1303.4823
     240    1308.4339
     241    1318.7179
     242    1330.8764
     243    1341.5689
     244    1348.8395
     245    1352.9159
     246    1356.2266
     247    1362.5260
     248    1375.3472
     249    1396.3534
     250    1424.2730
     251    1454.9163
     252    1482.3327
     253    1500.7281
     254    1506.4526
     255    1499.3408
     256    1482.8969
     257    1463.2066
     258    1446.9163
     259    1438.9816
     260    1440.9861
     261    1450.6328
     262    1462.5591
     263    1470.1831
     264    1467.9302
     265    1453.1099
     266    1426.9013
     267    1394.1893
     268    1362.2954
     269    1338.8898
     270    1329.6257
     271    1336.2297
     272    1355.8031
     273    1381.7357
     274    1405.9871
     275    1421.8576
     276    1426.1583
     277    1419.9961
     278    1407.9612
     279    1396.0984
     280    1389.4759
     281    1390.2759
     282    1397.1114
     283    1405.7745
     284    1411.0966
     285    1409.1902
     286    1399.2001
     287    1383.8596
     288    1368.5754
     289    1359.3551
     290    1360.3951
     291    1372.3704
     292    1392.1748
     293    1414.1481
     294    1432.1658
     295    1441.7046
     296    1441.1985
     297    1432.3272
     298    1419.2611
     299    1407.1498
     300    1400.3652
     301    1401.0300
     302    1408.3020
     303    1418.7933
     304    1428.2497
     305    1433.9903
     306    1436.5863
     307    1438.8947
     308    1443.2456
     309    1450.3291
     310    1459.8045
     311    1470.3449
     312    1479.4831
     313    1484.2889
     314    1482.6903
     315    1474.6290
     316    1462.3450
     317    1449.5794
     318    1439.9999
     319    1435.5349
     320    1435.4078
     321    1436.4076
     322    1434.3664
     323    1426.2201
     324    1411.7039
     325    1393.8192
     326    1377.7571
     327    1368.7434
     328    1369.7920
     329    1380.2009
     330    1395.3878
     331    1408.4147
     332    1412.8649
     333    1405.8105
     334    1389.3818
     335    1370.1267
     336    1356.4018
     337    1354.8657
     338    1367.5076
     339    1390.4784
     340    1415.3285
     341    1432.2236
     342    1433.7044
     343    1417.3368
     344    1386.6720
     345    1350.7514
     346    1321.8029
     347    1311.0883
     348    1324.4491
     349    1359.6354
     350    1406.6532
     351    1451.0516
     352    1478.9255
     353    1481.7989
     354    1459.6366
     355    1420.8872
     356    1379.5039
     357    1349.9553
     358    1341.9963
     359    1357.0825
     360    1387.7497
     361    1420.2544
     362    1439.6242
     363    1435.3238
     364    1405.4370
     365    1357.7369
     366    1307.1985
     367    1270.8327
     368    1261.7137
     369    1284.3625
     370    1333.1294
     371    1394.1102
     372    1449.8336
     373    1485.0337
     374    1491.5048
     375    1470.4545
     376    1431.6385
     377    1389.6755
     378    1358.8628
     379    1348.2598
     380    1358.7150
     381    1382.8721
     382    1408.1429
     383    1421.5028
     384    1414.3184
     385    1385.4594
     386    1341.6764
     387    1295.2336
     388    1259.7273
     389    1245.6255
     390    1257.1440
     391    1291.4613
     392    1340.2633
     393    1392.7464
     394    1438.8391
     395    1471.5512
     396    1487.9366
     397    1488.8249
     398    1477.8246
     399    1460.0380
     400    1440.7861
     401    1424.5895
     402    1414.5087
     403    1411.8186
     404    1415.9261
     405    1424.4737
     406    1433.6765
     407    1439.0130
     408    1436.3293
     409    1423.1673
     410    1399.8889
     411    1370.1315
     412    1340.2935
     413    1317.9853
     414    1309.6250
     415    1317.7984
     416    1339.3998
     417    1365.5578
     418    1383.7969
     419    1382.0086
     420    1352.9546
     421    1297.6361
     422    1226.1004
     423    1155.1016
     424    1103.1787
     425    1084.7154
     426    1105.0508
     427    1158.4494
     428    1229.7930
     429    1299.5214
     430    1350.1690
     431    1372.2100
     432    1367.1717
     433    1346.9143
     434    1329.2899
     435    1331.5919
     436    1363.9656
     437    1425.1259
     438    1502.1134
     439    1574.3644
     440    1620.6355
     441    1626.2514
     442    1588.1422
     443    1516.0044
     444    1429.2180
     445    1350.5680
     446    1298.8963
     447    1283.1988
     448    1300.1908
     449    1336.1194
     450    1372.0751
     451    1390.8273
     452    1382.7691
     453    1348.9765
     454    1300.4720
     455    1254.0936
     456    1226.4719
     457    1228.2018
     458    1260.1480
     459    1313.0715
     460    1370.6242
     461    1414.6505
     462    1430.9985
     463    1413.9615
     464    1367.9609
     465    1306.0521
     466    1245.8485
     467    1204.2291
     468    1192.4523
     469    1213.1111
     470    1259.8235
     471    1319.7664
     472    1378.1549
     473    1422.9729
     474    1448.2088
     475    1454.6326
     476    1448.2046
     477    1437.0325
     478    1428.1481
     479    1425.2256
     480    1427.8693
     481    1432.4539
     482    1433.9622
     483    1428.0052
     484    1412.2802
     485    1387.0604
     486    1354.7698
     487    1319.0687
     488    1283.9533
     489    1253.1749
     490    1229.9696
     491    1216.9125
     492    1215.6937
     493    1226.7268
     494    1248.6773
     495    1278.1766
     496    1310.0384
     497    1338.1828
     498    1357.1652
     499    1363.8483
     500    1358.5737
     501    1345.2611
     502    1330.2186
     503    1319.9220
     504    1318.5054
     505    1325.9753
     506    1337.9536
     507    1347.1292
     508    1345.9150
     509    1329.3875
     510    1297.4672
     511    1255.4931
     512    1212.8542
     513    1180.0702
     514    1165.3384
     515    1171.8004
     516    1196.5409
     517    1231.7009
     518    1267.3004
     519    1294.7509
     520    1309.7749
     521    1313.6608
     522    1312.3970
     523    1314.0125
     524    1325.1037
     525    1347.8312
     526    1378.5666
     527    1408.8226
     528    1428.1947
     529    1428.2011
     530    1405.5709
     531    1363.7745
     532    1312.2544
     533    1263.6516
     534    1229.9746
     535    1218.9882
     536    1231.9477
     537    1263.3629
     538    1302.8625
     539    1338.5586
     540    1360.7411
     541    1364.5983
     542    1351.0817
     543    1325.8217
     544    1296.7134
     545    1271.1388
     546    1253.7723
     547    1245.6028
     548    1244.3454
     549    1245.9340
     550    1246.4521
     551    1243.7492
     552    1238.2050
     553    1232.4691
     554    1230.4180
     555    1235.7827
     556    1250.9393
     557    1276.1470
     558    1309.3341
     559    1346.5263
     560    1382.9201
     561    1414.1988
     562    1437.4521
     563    1451.3297
     564    1455.5952
     565    1450.5200
     566    1436.5284
     567    1414.2452
     568    1384.7808
     569    1349.9522
     570    1312.3147
     571    1275.1072
     572    1242.0767
     573    1216.9680
     574    1202.6583
     575    1200.3204
     576    1209.0851
     577    1226.4153
     578    1249.0490
     579    1274.0963
     580    1299.7739
     581    1325.4459
     582    1350.9533
     583    1375.5918
     584    1397.3057
     585    1412.6059
     586    1417.3937
     587    1408.4351
     588    1384.8890
     589    1349.1936
     590    1306.8493
     591    1265.0731
     592    1230.7675
     593    1208.5217
     594    1199.3664
     595    1200.7574
     596    1207.8066
     597    1215.1958
     598    1218.8840
     599    1217.2392
     600    1211.7629
     601    1207.0036
     602    1208.9390
     603    1222.2979
     604    1248.1977
     605    1283.2289
     606    1320.3387
     607    1351.1166
     608    1368.6144
     609    1369.6512
     610    1355.7939
     611    1332.6845
     612    1308.0169
     613    1288.9260
     614    1279.7185
     615    1280.6936
     616    1288.4077
     617    1297.2393
     618    1301.6472
     619    1298.2757
     620    1287.1488
     621    1271.5598
     622    1256.7513
     623    1247.9398
     624    1248.4380
     625    1258.5578
     626    1275.6127
     627    1294.9084
     628    1311.2740
     629    1320.5513
     630    1320.5559
     631    1311.2650
     632    1294.3038
     633    1272.0446
     634    1246.7485
     635    1220.1247
     636    1193.4618
     637    1168.1707
     638    1146.3059
     639    1130.6100
     640    1123.9251
     641    1128.2286
     642    1143.7345
     643    1168.4461
     644    1198.4008
     645    1228.6775
     646    1254.9564
     647    1275.0763
     648    1289.9295
     649    1303.1910
     650    1319.8234
     651    1343.7858
     652    1375.7799
     653    1411.9946
     654    1444.5231
     655    1463.5544
     656    1460.7392
     657    1432.5858
     658    1382.5708
     659    1320.9735
     660    1262.2305
     661    1220.5564
     662    1205.3129
     663    1217.8038
     664    1250.7493
     665    1290.7561
     666    1322.9844
     667    1336.3627
     668    1327.4395
     669    1301.4198
     670    1269.9792
     671    1246.6458
     672    1241.5007
     673    1257.2121
     674    1287.9164
     675    1321.3457
     676    1343.3739
     677    1343.2689
     678    1317.7134
     679    1272.1453
     680    1218.9314
     681    1173.0634
     682    1146.9596
     683    1146.2899
     684    1168.2981
     685    1203.1445
     686    1237.6821
     687    1260.2153
     688    1264.4789
     689    1251.4110
     690    1228.1581
     691    1204.8341
     692    1190.3982
     693    1189.2985
     694    1200.1351
     695    1216.7193
     696    1230.9507
     697    1236.2737
     698    1230.3506
     699    1215.9539
     700    1199.7758
     701    1189.6595
     702    1191.3873
     703    1206.3692
     704    1231.1604
     705    1258.9398
     706    1282.2610
     707    1295.9121
     708    1298.7479
     709    1293.8065
     710    1286.7501
     711    1283.3168
     712    1286.8724
     713    1297.0733
     714    1310.1693
     715    1320.7607
     716    1324.2037
     717    1318.6057
     718    1305.5560
     719    1289.2892
     720    1274.6851
     721    1265.0108
     722    1260.4315
     723    1257.9802
     724    1253.0043
     725    1241.3203
     726    1220.9590
     727    1192.9263
     728    1161.1403
     729    1131.5860
     730    1110.5092
     731    1102.1306
     732    1106.8946
     733    1121.0879
     734    1138.0971
     735    1150.9221
     736    1154.9828
     737    1150.0463
     738    1140.4356
     739    1133.3861
     740    1136.1595
     741    1153.0386
     742    1183.3878
     743    1221.5351
     744    1258.5132
     745    1285.0399
     746    1294.7599
     747    1286.6394
     748    1265.5468
     749    1240.6183
     750    1221.9392
     751    1216.8150
     752    1227.1129
     753    1248.7169
     754    1273.2990
     755    1291.6929
     756    1297.5239
     757    1289.6584
     758    1272.4984
     759    1254.0318
     760    1242.4336
     761    1242.5965
     762    1253.9969
     763    1270.7600
     764    1283.9199
     765    1284.9977
     766    1269.4879
     767    1238.8614
     768    1200.2766
     769    1164.1277
     770    1140.3983
     771    1135.2315
     772    1148.9944
     773    1176.5500
     774    1209.5849
     775    1240.0034
     776    1262.9641
     777    1278.3091
     778    1289.8670
     779    1303.0286
     780    1321.7107
     781    1346.0328
     782    1371.6953
     783    1391.3231
     784    1397.2394
     785    1384.5529
     786    1353.3203
     787    1308.8903
     788    1260.2738
     789    1217.1549
     790    1186.7194
     791    1171.5355
     792    1169.2905
     793    1174.3902
     794    1180.6667
     795    1184.0196
     796    1183.9245
     797    1183.2804
     798    1186.7347
     799    1198.2190
     800    1218.7236
     801    1245.2932
     802    1271.7551
     803    1290.9365
     804    1297.4793
     805    1290.0794
     806    1272.1997
     807    1250.8955
     808    1234.1377
     809    1227.7193
     810    1233.0990
     811    1247.1511
     812    1263.8644
     813    1277.1392
     814    1283.4326
     815    1283.2048
     816    1280.5872
     817    1281.4006
     818    1290.3183
     819    1308.3866
     820    1331.9903
     821    1353.7790
     822    1365.2860
     823    1360.2588
     824    1337.3752
     825    1301.1691
     826    1260.6668
     827    1226.2122
     828    1205.7561
     829    1202.1278
     830    1212.3414
     831    1229.1287
     832    1244.0477
     833    1250.9643
     834    1248.5513
     835    1240.8096
     836    1235.3463
     837    1240.0138
     838    1259.1961
     839    1291.2508
     840    1328.2577
     841    1358.3353
     842    1369.7790
     843    1355.5349
     844    1316.3137
     845    1261.0712
     846    1204.5024
     847    1162.3002
     848    1145.8058
     849    1158.0149
     850    1192.4860
     851    1235.6430
     852    1271.7041
     853    1288.4679
     854    1281.8367
     855    1257.3488
     856    1228.0574
     857    1209.4471
     858    1213.2896
     859    1242.8136
     860    1291.0539
     861    1343.0065
     862    1380.8146
     863    1390.1375
     864    1365.4039
     865    1312.0490
     866    1244.8900
     867    1183.1714
     868    1144.0358
     869    1136.7468
     870    1159.7494
     871    1201.6192
     872    1245.5273
     873    1275.5446
     874    1282.4319
     875    1266.7557
     876    1238.2169
     877    1211.5165
     878    1200.4198
     879    1212.3331
     880    1245.4609
     881    1289.5326
     882    1329.6870
     883    1351.9284
     884    1348.0789
     885    1318.4613
     886    1271.4276
     887    1220.0569
     888    1177.3966
     889    1152.1307
     890    1146.2449
     891    1155.3396
     892    1171.1938
     893    1185.4003
     894    1192.6182
     895    1192.2350
     896    1187.9512
     897    1185.6334
     898    1190.4771
     899    1204.7403
     900    1226.9437
     901    1252.6781
     902    1276.4903
     903    1293.9691
     904    1303.1917
     905    1304.9939
     906    1302.0152
     907    1297.0301
     908    1291.4044
     909    1284.4514
     910    1273.9988
     911    1257.8713
     912    1235.5604
     913    1209.2808
     914    1183.8380
     915    1165.2011
     916    1158.2314
     917    1164.4793
     918    1181.0639
     919    1201.2802
     920    1216.8722
     921    1221.1380
     922    1211.6412
     923    1191.4605
     924    1168.4576
     925    1152.7412
     926    1153.1219
     927    1173.7675
     928    1212.2823
     929    1259.9776
     930    1304.3498
     931    1332.9870
     932    1337.5925
     933    1316.7286
     934    1276.3127
     935    1227.6959
     936    1184.0246
     937    1156.1338
     938    1149.3373
     939    1162.1197
     940    1187.0621
     941    1213.6052
     942    1231.6999
     943    1235.1500
     944    1223.6131
     945    1202.6440
     946    1181.8027
     947    1171.4084
     948    1178.9433
     949    1206.2874
     950    1248.7842
     951    1296.5562
     952    1337.6692
     953    1362.0274
     954    1364.5661
     955    1346.6534
     956    1315.3057
     957    1280.5780
     958    1252.0925
     959    1235.9096
     960    1232.8182
     961    1238.5798
     962    1245.9373
     963    1247.5728
     964    1238.8924
     965    1219.6389
     966    1193.8038
     967    1167.8784
     968    1148.1397
     969    1138.1994
     970    1137.9907
     971    1144.4750
     972    1153.4166
     973    1161.2951
     974    1166.6013
     975    1170.0895
     976    1173.9840
     977    1180.5819
     978    1190.9282
     979    1204.1971
     980    1218.0774
     981    1229.9719
     982    1238.4150
     983    1243.9690
     984    1249.0934
     985    1256.9654
     986    1269.7671
     987    1287.2292
     988    1306.1332
     989    1321.1006
     990    1326.4504
     991    1318.4450
     992    1297.0480
     993    1266.4243
     994    1233.8523
     995    1207.3417
     996    1192.7991
     997    1191.8423
     998    1201.1461
     999    1213.6512
    1000    1221.2157
    1001    1217.9142
    1002    1202.3454
    1003    1178.5266
    1004    1154.5644
    1005    1139.6527
    1006    1140.4657
    1007    1158.3614
    1008    1188.5469
    1009    1221.5222
    1010    1246.2582
    1011    1254.0106
    1012    1241.4754
    1013    1212.1775
    1014    1175.5113
    1015    1143.6790
    1016    1127.5483
    1017    1132.8791
    1018    1158.2750
    1019    1195.6343
    1020    1232.9752
    1021    1258.6309
    1022    1265.2773
    1023    1252.3376
    1024    1225.9570
    1025    1196.6255
    1026    1175.3685
    1027    1169.9032
    1028    1182.1300
    1029    1207.7816
    1030    1238.2432
    1031    1263.8243
    1032    1277.2555
    1033    1276.0982
    1034    1263.2112
    1035    1245.2302
    1036    1229.8084
    1037    1222.7310
    1038    1225.9523
    1039    1237.1687
    1040    1250.9788
    1041    1261.0687
    1042    1262.4873
    1043    1253.1432
    1044    1234.1006
    1045    1208.7906
    1046    1181.6153
    1047    1156.5829
    1048    1136.4853
    1049    1122.8029
    1050    1116.1259
    1051    1116.6414
    1052    1124.3234
    1053    1138.7216
    1054    1158.5200
    1055    1181.1903
    1056    1203.1275
    1057    1220.4165
    1058    1230.0231
    1059    1230.9256
    1060    1224.6871
    1061    1215.1425
    1062    1207.1855
    1063    1204.9743
    1064    1210.1540
    1065    1220.8003
    1066    1231.7405
    1067    1236.5017
    1068    1230.2827
    1069    1212.6121
    1070    1188.4002
    1071    1166.8548
    1072    1158.5726
    1073    1171.7439
    1074    1208.7602
    1075    1264.5294
    1076    1327.3237
    1077    1382.0643
    1078    1414.9752
    1079    1417.9703
    1080    1391.2347
    1081    1343.0732
    1082    1287.0683
    1083    1237.5028
    1084    1204.6391
    1085    1191.5314
    1086    1193.5411
    1087    1200.7443
    1088    1202.1944
    1089    1189.9465
    1090    1161.2046
    1091    1118.9670
    1092    1071.8203
    1093    1031.9004
    1094    1010.8310
    1095    1015.4401
    1096    1045.2232
    1097    1092.4662
    1098    1144.8307
    1099    1189.3974
    1100    1216.7496
    1101    1223.7578
    1102    1214.2031
    1103    1197.1192
    1104    1183.4837
    1105    1182.4014
    1106    1198.0572
    1107    1228.4711
    1108    1266.4887
    1109    1302.5616
    1110    1328.1378
    1111    1338.3256
    1112    1332.9484
    1113    1315.8396
    1114    1292.8742
    1115    1269.6254
    1116    1249.5603
    1117    1233.3313
    1118    1219.2289
    1119    1204.4471
    1120    1186.6091
    1121    1164.9626
    1122    1140.8566
    1123    1117.4056
    1124    1098.5975
    1125    1088.2528
    1126    1089.1280
    1127    1102.2722
    1128    1126.6990
    1129    1159.4749
    1130    1196.2794
    1131    1232.2950
    1132    1263.0932
    1133    1285.2394
    1134    1296.6690
    1135    1296.9945
    1136    1287.6719
    1137    1271.7570
    1138    1253.1616
    1139    1235.6165
    1140    1221.6585
    1141    1211.9606
    1142    1205.2242
    1143    1198.7067
    1144    1189.2888
    1145    1174.7961
    1146    1155.1910
    1147    1133.1952
    1148    1114.0046
    1149    1103.9461
    1150    1108.3103
    1151    1129.1055
    1152    1163.6293
    1153    1204.5025
    1154    1241.4485
    1155    1264.4430
    1156    1267.0468
    1157    1248.6039
    1158    1214.5350
    1159    1174.6349
    1160    1139.9392
    1161    1119.2294
    1162    1116.3692
    1163    1129.3271
    1164    1151.1536
    1165    1172.5596
    1166    1185.2476
    1167    1184.8818
    1168    1172.6921
    1169    1155.1400
    1170    1141.6660
    1171    1141.1958
    1172    1158.6389
    1173    1192.8112
    1174    1236.6629
    1175    1279.6313
    1176    1311.1222
    1177    1323.8622
    1178    1316.0518
    1179    1291.6796
    1180    1258.9524
    1181    1227.4354
    1182    1204.9104
    1183    1195.0371
    1184    1196.5475
    1185    1204.1073
    1186    1210.4060
    1187    1208.7175
    1188    1195.1409
    1189    1169.8519
    1190    1136.9673
    1191    1103.1500
    1192    1075.5784
    1193    1060.0335
    1194    1059.5983
    1195    1074.1692
    1196    1100.7686
    1197    1134.4613
    1198    1169.5379
    1199    1200.6189
    1200    1223.4952
    1201    1235.6678
    1202    1236.6609
    1203    1228.0957
    1204    1213.4265
    1205    1197.2216
    1206    1184.0410
    1207    1177.2003
    1208    1177.8085
    1209    1184.3845
    1210    1193.2186
    1211    1199.4664
    1212    1198.7444
    1213    1188.7434
    1214    1170.2554
    1215    1147.1349
    1216    1125.1310
    1217    1110.0446
    1218    1105.9309
    1219    1113.9036
    1220    1131.7751
    1221    1154.5743
    1222    1175.9018
    1223    1189.8671
    1224    1193.0256
    1225    1185.5781
    1226    1171.3219
    1227    1156.3344
    1228    1146.8343
    1229    1146.9724
    1230    1157.3404
    1231    1174.7535
    1232    1193.4364
    1233    1207.1899
    1234    1211.7364
    1235    1206.3512
    1236    1194.1339
    1237    1180.7942
    1238    1172.3769
    1239    1172.8037
    1240    1182.2069
    1241    1196.7368
    1242    1209.9299
    1243    1215.1137
    1244    1207.9464
    1245    1188.1732
    1246    1159.9681
    1247    1130.7468
    1248    1108.8346
    1249    1100.7441
    1250    1108.9623
    1251    1131.0266
    1252    1160.2849
    1253    1188.1562
    1254    1207.1214
    1255    1213.3491
    1256    1207.9654
    1257    1196.4513
    1258    1186.3389
    1259    1184.0316
    1260    1191.9420
    1261    1207.0991
    1262    1221.8879
    1263    1226.8050
    1264    1214.3261
    1265    1182.3999
    1266    1135.9303
    1267    1085.3171
    1268    1042.8190
    1269    1018.6765
    1270    1018.2155
    1271    1040.2851
    1272    1077.5571
    1273    1118.9573
    1274    1153.4989
    1275    1174.0523
    1276    1179.5532
    1277    1174.8038
    1278    1167.9877
    1279    1166.9475
    1280    1175.7409
    1281    1192.8665
    1282    1211.8496
    1283    1223.9183
    1284    1221.6536
    1285    1202.1201
    1286    1168.2269
    1287    1127.8266
    1288    1090.9599
    1289    1066.3314
    1290    1058.3253
    1291    1065.6527
    1292    1082.1678
    1293    1099.5732
    1294    1110.9292
    1295    1113.4476
    1296    1109.3826
    1297    1104.6976
    1298    1106.1293
    1299    1117.9260
    1300    1139.6373
    1301    1165.9159
    1302    1188.4650
    1303    1199.3740
    1304    1194.4764
    1305    1175.3303
    1306    1148.9362
    1307    1125.2120
    1308    1113.1714
    1309    1117.3343
    1310    1135.8360
    1311    1161.0649
    1312    1182.6418
    1313    1191.5953
    1314    1184.0736
    1315    1163.0717
    1316    1137.4044
    1317    1118.2324
    1318    1114.4457
    1319    1128.7283
    1320    1155.9647
    1321    1184.7739
    1322    1201.7289
    1323    1196.6762
    1324    1167.1007
    1325    1119.7712
    1326    1068.9120
    1327    1031.3929
    1328    1020.6635
    1329    1041.7540
    1330    1089.3181
    1331    1149.4316
    1332    1204.4038
    1333    1238.8169
    1334    1244.6629
    1335    1223.7734
    1336    1186.7217
    1337    1148.6778
    1338    1123.8003
    1339    1120.2100
    1340    1137.3092
    1341    1166.3290
    1342    1193.8028
    1343    1206.6469
    1344    1197.0163
    1345    1165.2430
    1346    1119.8531
    1347    1074.6996
    1348    1044.2508
    1349    1038.7128
    1350    1060.7041
    1351    1104.5938
    1352    1158.6314
    1353    1209.0013
    1354    1244.3141
    1355    1258.9464
    1356    1254.1424
    1357    1236.6334
    1358    1215.4603
    1359    1198.3102
    1360    1188.8132
    1361    1185.7550
    1362    1184.3205
    1363    1178.6509
    1364    1164.5576
    1365    1141.2915
    1366    1111.7743
    1367    1081.3414
    1368    1055.6282
    1369    1038.5140
    1370    1030.9470
    1371    1031.0661
    1372    1035.4958
    1373    1041.1712
    1374    1046.8202
    1375    1053.3956
    1376    1063.2584
    1377    1078.5163
    1378    1099.3658
    1379    1123.3228
    1380    1145.7835
    1381    1161.6668
    1382    1167.4324
    1383    1162.6408
    1384    1150.4121
    1385    1136.5066
    1386    1127.2833
    1387    1127.2552
    1388    1137.1705
    1389    1153.4061
    1390    1168.9824
    1391    1175.9272
    1392    1168.2125
    1393    1144.2487
    1394    1107.9941
    1395    1068.1396
    1396    1035.4695
    1397    1019.2125
    1398    1023.7162
    1399    1046.8098
    1400    1080.5546
    1401    1114.0779
    1402    1137.3971
    1403    1144.8345
    1404    1136.8401
    1405    1119.6211
    1406    1102.7617
    1407    1095.7374
    1408    1104.5993
    1409    1129.9984
    1410    1167.1505
    1411    1207.5984
    1412    1242.0110
    1413    1263.0118
    1414    1267.0898
    1415    1255.0152
    1416    1230.7941
    1417    1199.8855
    1418    1167.6417
    1419    1138.4763
    1420    1115.5836
    1421    1100.7475
    1422    1094.0328
    1423    1093.6994
    1424    1096.7724
    1425    1100.0078
    1426    1100.6363
    1427    1096.7380
    1428    1087.4874
    1429    1073.3887
    1430    1056.3744
    1431    1039.5668
    1432    1026.5966
    1433    1020.5630
    1434    1022.8931
    1435    1032.5185
    1436    1045.7828
    1437    1057.3598
    1438    1062.0316
    1439    1056.7235
    1440    1041.9861
    1441    1022.2859
    1442    1004.8838
    1443     997.5499
    1444    1005.8305
    1445    1030.7954
    1446    1068.1594
    1447    1109.2546
    1448    1143.6591
    1449    1162.6456
    1450    1162.2224
    1451    1144.6672
    1452    1117.9620
    1453    1093.2757
    1454    1081.2511
    1455    1088.2762
    1456    1114.0631
    1457    1151.5717
    1458    1189.4253
    1459    1215.8933
    1460    1222.9399
    1461    1208.9501
    1462    1179.2377
    1463    1144.1551
    1464    1115.4265
    1465    1101.9577
    1466    1106.6085
    1467    1125.1078
    1468    1147.5320
    1469    1161.8568
    1470    1158.3345
    1471    1133.1597
    1472    1090.1227
    1473    1039.6105
    1474     995.1741
    1475     968.8552
    1476     967.1277
    1477     989.1255
    1478    1027.5960
    1479    1071.8514
    1480    1111.5020
    1481    1139.7262
    1482    1155.0574
    1483    1161.1402
    1484    1164.6407
    1485    1172.1454
    1486    1187.2628
    1487    1209.0271
    1488    1232.1995
    1489    1249.2948
    1490    1253.4914
    1491    1241.2744
    1492    1213.8305
    1493    1176.6853
    1494    1137.6940
    1495    1104.1863
    1496    1080.5958
    1497    1067.6780
    1498    1063.3343
    1499    1064.2768
    1500    1067.7404
    1501    1072.6933
    1502    1080.1625
    1503    1092.5324
    1504    1112.0699
    1505    1139.3267
    1506    1172.1941
    1507    1206.1171
    1508    1235.4577
    1509    1255.4886
    1510    1264.2010
    1511    1263.1345
    1512    1256.7804
    1513    1250.6913
    1514    1248.9803
    1515    1252.2799
    1516    1257.1808
    1517    1257.5601
    1518    1247.2746
    1519    1223.0237
    1520    1186.1425
    1521    1142.5702
    1522    1100.9728
    1523    1069.7212
    1524    1053.8645
    1525    1053.2682
    1526    1062.6585
    1527    1073.6089
    1528    1077.7754
    1529    1070.1896
    1530    1051.3764
    1531    1027.4699
    1532    1008.2050
    1533    1003.4136
    1534    1019.2007
    1535    1055.2632
    1536    1104.5637
    1537    1155.6508
    1538    1196.6622
    1539    1219.3471
    1540    1221.5994
    1541    1207.6786
    1542    1186.1539
    1543    1166.3967
    1544    1154.9731
    1545    1153.2876
    1546    1157.3267
    1547    1159.5885
    1548    1152.4316
    1549    1131.4730
    1550    1097.5851
    1551    1056.7873
    1552    1018.3915
    1553     992.2063
    1554     985.5624
    1555    1001.0058
    1556    1035.4810
    1557    1081.3002
    1558    1128.4842
    1559    1167.6179
    1560    1192.3096
    1561    1200.5654
    1562    1194.7672
    1563    1180.3614
    1564    1163.7334
    1565    1150.0055
    1566    1141.5031
    1567    1137.3945
    1568    1134.5551
    1569    1129.2591
    1570    1118.9947
    1571    1103.7406
    1572    1086.2370
    1573    1071.1178
    1574    1063.1254
    1575    1065.1363
    1576    1077.0030
    1577    1095.8292
    1578    1117.3713
    1579    1137.6944
    1580    1154.3293
    1581    1166.6162
    1582    1175.2594
    1583    1181.3739
    1584    1185.4668
    1585    1186.8204
    1586    1183.5793
    1587    1173.5303
    1588    1155.2492
    1589    1129.1211
    1590    1097.7895
    1591    1065.7904
    1592    1038.3922
    1593    1019.9523
    1594    1012.3982
    1595    1014.5352
    1596    1022.5490
    1597    1031.5042
    1598    1037.2252
    1599    1037.8703
    1600    1034.6506
    1601    1031.4082
    1602    1033.1862
    1603    1044.2756
    1604    1066.4325
    1605    1097.9078
    1606    1133.6657
    1607    1166.7641
    1608    1190.4926
    1609    1200.6070
    1610    1196.9048
    1611    1183.4938
    1612    1167.4913
    1613    1156.5225
    1614    1155.9452
    1615    1166.9127
    1616    1185.9819
    1617    1206.2811
    1618    1219.7544
    1619    1219.7728
    1620    1203.3269
    1621    1172.1146
    1622    1132.1785
    1623    1092.1885
    1624    1060.9181
    1625    1044.7125
    1626    1045.7389
    1627    1061.5323
    1628    1085.9192
    1629    1110.9964
    1630    1129.5439
    1631    1137.1608
    1632    1133.4868
    1633    1122.1383
    1634    1109.3694
    1635    1101.8862
    1636    1104.5260
    1637    1118.5359
    1638    1140.9780
    1639    1165.4414
    1640    1183.8856
    1641    1189.1033
    1642    1177.0517
    1643    1148.2695
    1644    1107.8718
    1645    1064.1098
    1646    1025.9889
    1647    1000.7192
    1648     991.8109
    1649     998.3866
    1650    1015.8690
    1651    1037.7318
    1652    1057.6381
    1653    1071.2221
    1654    1077.0296
    1655    1076.5045
    1656    1073.1592
    1657    1071.1959
    1658    1073.9806
    1659    1082.8588
    1660    1096.7204
    1661    1112.4464
    1662    1126.0458
    1663    1134.0271
    1664    1134.5106
    1665    1127.7348
    1666    1115.8525
    1667    1102.1645
    1668    1090.1124
    1669    1082.4111
    1670    1080.5527
    1671    1084.6767
    1672    1093.7094
    1673    1105.6957
    1674    1118.2664
    1675    1129.1538
    1676    1136.6635
    1677    1140.0453
    1678    1139.7211
    1679    1137.3086
    1680    1135.3425
    1681    1136.6212
    1682    1143.2803
    1683    1155.8743
    1684    1172.8106
    1685    1190.4218
    1686    1203.7599
    1687    1207.9477
    1688    1199.7096
    1689    1178.5639
    1690    1147.2337
    1691    1111.0510
    1692    1076.4752
    1693    1049.1845
    1694    1032.4078
    1695    1026.1030
    1696    1027.2500
    1697    1031.0973
    1698    1032.9027
    1699    1029.5775
    1700    1020.7213
    1701    1008.7470
    1702     998.0855
    1703     993.7120
    1704     999.4208
    1705    1016.3664
    1706    1042.4035
    1707    1072.5453
    1708    1100.4291
    1709    1120.2687
    1710    1128.6014
    1711    1125.2778
    1712    1113.4388
    1713    1098.5365
    1714    1086.7158
    1715    1083.0304
    1716    1089.9825
    1717    1106.7834
    1718    1129.5454
    1719    1152.3704
    1720    1169.0155
    1721    1174.6463
    1722    1167.1639
    1723    1147.7463
    1724    1120.4727
    1725    1091.1693
    1726    1065.8185
    1727    1048.9739
    1728    1042.6223
    1729    1045.7923
    1730    1055.0357
    1731    1065.6497
    1732    1073.2902
    1733    1075.4847
    1734    1072.5420
    1735    1067.5337
    1736    1065.2920
    1737    1070.6878
    1738    1086.7092
    1739    1113.0008
    1740    1145.4363
    1741    1177.0241
    1742    1199.9593
    1743    1208.1471
    1744    1199.2615
    1745    1175.5863
    1746    1143.3204
    1747    1110.6021
    1748    1084.9546
    1749    1071.0534
    1750    1069.5578
    1751    1077.3324
    1752    1088.9097
    1753    1098.6435
    1754    1102.7945
    1755    1100.8315
    1756    1095.4900
    1757    1091.5767
    1758    1093.9657
    1759    1105.5288
    1760    1125.7548
    1761    1150.5608
    1762    1173.3983
    1763    1187.3239
    1764    1187.3653
    1765    1172.3565
    1766    1145.5264
    1767    1113.4368
    1768    1083.5310
    1769    1061.4461
    1770    1049.5005
    1771    1046.7901
    1772    1050.2998
    1773    1056.3598
    1774    1062.0405
    1775    1066.1363
    1776    1069.4404
    1777    1074.2190
    1778    1083.0710
    1779    1097.5815
    1780    1117.2877
    1781    1139.4009
    1782    1159.4682
    1783    1172.7803
    1784    1176.0225
    1785    1168.5381
    1786    1152.7012
    1787    1133.2263
    1788    1115.6436
    1789    1104.4897
    1790    1101.8710
    1791    1106.9200
    1792    1116.3301
    1793    1125.7455
    1794    1131.4797
    1795    1131.9109
    1796    1128.0242
    1797    1122.8853
    1798    1120.2313
    1799    1122.7125
    1800    1130.4904
    1801    1140.7940
    1802    1148.6747
    1803    1148.7233
    1804    1137.1248
    1805    1113.2689
    1806    1080.3135
    1807    1044.5016
    1808    1013.4710
    1809     994.0944
    1810     990.4987
    1811    1002.8828
    1812    1027.5480
    1813    1058.1795
    1814    1087.9452
    1815    1111.6579
    1816    1127.2146
    1817    1135.8287
    1818    1141.0328
    1819    1146.8898
    1820    1156.1285
    1821    1168.9351
    1822    1182.8472
    1823    1193.7276
    1824    1197.3765
    1825    1191.1483
    1826    1175.0040
    1827    1151.6557
    1828    1125.7622
    1829    1102.4526
    1830    1085.7237
    1831    1077.3121
    1832    1076.4566
    1833    1080.5730
    1834    1086.4922
    1835    1091.7196
    1836    1095.2142
    1837    1097.4315
    1838    1099.6975
    1839    1103.2645
    1840    1108.5107
    1841    1114.6581
    1842    1120.1214
    1843    1123.2979
    1844    1123.3769
    1845    1120.7337
    1846    1116.6860
    1847    1112.7153
    1848    1109.5397
    1849    1106.5127
    1850    1101.6879
    1851    1092.6161
    1852    1077.6054
    1853    1056.9166
    1854    1033.3118
    1855    1011.5887
    1856     997.1423
    1857     994.0451
    1858    1003.4005
    1859    1022.6721
    1860    1046.3469
    1861    1067.7745
    1862    1081.5403
    1863    1085.4659
    1864    1081.4138
    1865    1074.5063
    1866    1071.0162
    1867    1075.7516
    1868    1089.9708
    1869    1110.6420
    1870    1131.3339
    1871    1144.4367
    1872    1143.9441
    1873    1127.8075
    1874    1098.9903
    1875    1064.7648
    1876    1034.4236
    1877    1016.1856
    1878    1014.4180
    1879    1028.2222
    1880    1051.9205
    1881    1077.2504
    1882    1096.4166
    1883    1104.8197
    1884    1102.4279
    1885    1093.3436
    1886    1083.8597
    1887    1079.8509
    1888    1084.4957
    1889    1097.1604
    1890    1113.8260
    1891    1128.8337
    1892    1137.1852
    1893    1136.4387
    1894    1127.4686
    1895    1113.8786
    1896    1100.3925
    1897    1090.9182
    1898    1087.0321
    1899    1087.4275
    1900    1088.5080
    1901    1085.8975
    1902    1076.3155
    1903    1059.0937
    1904    1036.7112
    1905    1014.0763
    1906     996.7720
    1907     988.9413
    1908     991.6747
    1909    1002.6023
    1910    1016.9024
    1911    1029.3585
    1912    1036.6424
    1913    1038.8799
    1914    1039.7794
    1915    1045.1488
    1916    1060.2930
    1917    1087.3328
    1918    1123.5836
    1919    1161.7683
    1920    1192.1018
    1921    1205.5591
    1922    1197.1497
    1923    1168.0091
    1924    1125.4888
    1925    1081.0880
    1926    1046.7343
    1927    1030.5149
    1928    1033.5390
    1929    1049.5353
    1930    1067.4749
    1931    1075.9376
    1932    1067.4379
    1933    1041.2755
    1934    1004.0231
    1935     967.4884
    1936     944.7706
    1937     945.6802
    1938     973.0379
    1939    1021.1893
    1940    1077.4004
    1941    1125.8037
    1942    1152.5547
    1943    1150.3466
    1944    1120.6904
    1945    1073.2127
    1946    1022.2848
    1947     982.2098
    1948     962.6673
    1949     965.9966
    1950     987.1666
    1951    1016.2556
    1952    1042.3815
    1953    1057.6070
    1954    1059.4859
    1955    1051.4953
    1956    1041.3699
    1957    1038.0589
    1958    1048.4178
    1959    1074.7435
    1960    1113.9115
    1961    1158.3333
    1962    1198.3570
    1963    1225.2453
    1964    1233.6742
    1965    1222.9611
    1966    1196.7917
    1967    1161.7693
    1968    1125.4163
    1969    1094.2804
    1970    1072.6178
    1971    1061.8621
    1972    1060.8285
    1973    1066.4402
    1974    1074.6902
    1975    1081.5855
    1976    1083.9047
    1977    1079.7034
    1978    1068.5862
    1979    1051.7757
    1980    1031.9484
    1981    1012.7566
    1982     998.0191
    1983     990.6865
    1984     991.8643
    1985    1000.2523
    1986    1012.2837
    1987    1023.0324
    1988    1027.7157
    1989    1023.3898
    1990    1010.2779
    1991     992.1833
    1992     975.6897
    1993     968.2699
    1994     975.8284
    1995    1000.4811
    1996    1039.3788
    1997    1085.1177
    1998    1127.7651
    1999    1157.9336
    2000    1169.8803
