#Frame              T
       1    1093.6976
       2    1024.3378
       3    1087.7621
       4    1028.7699
       5    1040.4641
       6    1064.9883
       7     951.8534
       8    1026.9682
       9     963.2083
      10     920.3835
      11     929.6068
      12     939.4180
      13    1014.1496
      14     909.6807
      15     956.7685
      16     963.7523
      17     976.4303
      18     950.7162
      19     970.9424
      20    1034.3912
      21     899.3782
      22     937.7132
      23     894.5414
      24     847.5919
      25     952.6098
      26     858.5412
      27     759.6341
      28     800.3557
      29     847.5476
      30     828.5303
      31     882.7183
      32     708.1513
      33     776.4135
      34     832.0866
      35     891.0827
      36     847.4917
      37     795.0918
      38     799.9483
      39     769.3269
      40     771.8463
      41     808.0629
      42     773.3061
      43     766.9924
      44     797.8397
      45     729.6699
      46     801.5907
      47     706.6256
      48     694.0094
      49     747.6058
      50     773.6052
      51     747.0383
      52     784.3802
      53     741.3027
      54     730.9304
      55     690.9696
      56     707.0822
      57     708.9453
      58     680.2891
      59     692.3784
      60     659.1647
      61     649.4481
      62     667.0549
      63     635.0370
      64     680.8718
      65     772.1997
      66     689.4799
      67     667.0692
      68     655.0125
      69     719.1778
      70     650.1057
      71     682.8608
      72     664.0613
      73     664.1764
      74     652.3416
      75     580.7308
      76     593.8050
      77     636.0811
      78     647.7371
      79     581.0625
      80     622.7555
      81     630.6319
      82     599.1297
      83     587.3594
      84     625.2250
      85     654.1880
      86     562.7682
      87     661.9670
      88     649.0515
      89     645.9282
      90     605.3279
      91     586.1550
      92     576.5543
      93     562.4478
      94     604.2851
      95     658.8346
      96     604.6398
      97     613.7289
      98     565.1534
      99     603.8113
     100     545.7062
     101     567.1601
     102     539.5802
     103     605.6475
     104     590.1809
     105     599.8510
     106     566.8222
     107     560.8032
     108     585.7957
     109     512.0709
     110     584.3566
     111     579.3229
     112     584.1930
     113     542.1565
     114     524.5809
     115     551.0803
     116     501.5075
     117     528.7900
     118     552.7470
     119     529.7673
     120     478.8019
     121     490.2284
     122     485.9097
     123     507.3469
     124     491.4379
     125     504.8673
     126     482.3331
     127     475.9282
     128     497.5119
     129     473.0951
     130     456.5173
     131     479.0634
     132     464.7531
     133     456.9239
     134     472.1609
     135     498.6571
     136     501.2241
     137     462.3129
     138     504.7935
     139     534.2109
     140     477.7092
     141     483.1116
     142     430.9655
     143     495.0693
     144     479.1954
     145     528.8086
     146     457.8436
     147     474.8252
     148     469.7632
     149     459.8013
     150     522.5522
     151     450.8775
     152     475.2243
     153     439.5176
     154     438.8965
     155     449.7209
     156     482.2071
     157     509.4666
     158     513.7317
     159     485.0710
     160     472.8737
     161     528.7598
     162     482.7306
     163     529.0630
     164     481.8644
     165     517.1471
     166     515.2484
     167     508.0645
     168     478.8441
     169     441.4573
     170     419.5052
     171     467.0553
     172     464.8382
     173     475.6630
     174     475.1807
     175     470.9310
     176     488.7745
     177     465.6689
     178     400.1096
     179     425.6534
     180     457.0047
     181     415.0233
     182     398.9767
     183     459.2357
     184     494.2311
     185     489.4693
     186     470.7169
     187     400.7608
     188     437.1816
     189     452.5060
     190     420.1934
     191     422.7464
     192     405.5817
     193     403.0935
     194     427.0094
     195     445.4389
     196     385.6245
     197     370.5514
     198     408.0667
     199     426.9907
     200     462.0350
     201     409.1106
     202     419.5671
     203     433.2504
     204     461.4058
     205     435.9477
     206     411.3742
     207     418.4480
     208     423.1107
     209     406.2227
     210     416.5377
     211     400.5966
     212     408.1967
     213     425.3140
     214     368.5852
     215     410.5320
     216     389.0524
     217     409.4983
     218     407.3776
     219     418.7337
     220     431.8236
     221     445.9193
     222     448.8708
     223     424.2332
     224     422.8386
     225     412.2728
     226     400.8778
     227     428.1212
     228     414.5038
     229     411.7582
     230     421.0380
     231     403.3453
     232     407.8342
     233     398.2382
     234     369.5731
     235     372.6582
     236     406.0670
     237     421.3280
     238     391.8245
     239     390.5004
     240     391.4248
     241     376.4112
     242     358.0046
     243     381.7733
     244     363.3425
     245     383.8178
     246     396.7882
     247     370.7327
     248     388.2094
     249     394.7087
     250     397.7948
     251     387.1644
     252     373.9522
     253     405.4091
     254     386.9872
     255     381.4471
     256     394.8444
     257     356.0599
     258     375.7531
     259     409.1274
     260     410.4952
     261     413.6647
     262     379.3742
     263     374.2821
     264     390.6832
     265     383.1544
     266     390.7729
     267     385.0004
     268     410.1270
     269     364.7308
     270     359.8874
     271     362.1213
     272     372.0672
     273     382.1983
     274     373.1494
     275     373.6466
     276     369.7854
     277     330.2841
     278     381.2506
     279     360.7917
     280     360.2534
     281     388.8194
     282     355.9618
     283     344.7161
     284     370.1070
     285     365.9124
     286     377.0995
     287     345.0648
     288     391.0436
     289     341.9707
     290     374.0599
     291     362.4180
     292     389.2850
     293     352.3835
     294     389.4370
     295     363.8573
     296     355.7848
     297     368.8760
     298     353.5499
     299     354.7221
     300     357.8791
     301     382.7256
     302     367.4830
     303     353.1439
     304     356.8573
     305     358.1673
     306     369.0459
     307     365.8200
     308     371.7206
     309     377.0673
     310     394.1152
     311     393.3078
     312     357.6128
     313     364.4624
     314     398.8545
     315     370.1097
     316     367.2109
     317     377.0904
     318     356.1452
     319     367.0228
     320     338.1847
     321     380.8319
     322     367.8182
     323     378.5927
     324     388.8378
     325     367.4752
     326     360.0256
     327     377.2459
     328     381.0020
     329     368.6451
     330     391.3352
     331     392.8433
     332     373.0688
     333     378.6861
     334     371.4025
     335     367.3333
     336     370.1773
     337     441.2764
     338     381.5849
     339     384.9129
     340     375.9222
     341     383.4877
     342     395.2743
     343     383.2896
     344     415.9618
     345     416.3790
     346     340.1102
     347     378.1416
     348     359.5398
     349     382.3373
     350     411.2331
     351     389.8194
     352     371.4797
     353     358.2914
     354     364.3597
     355     361.4919
     356     398.9172
     357     382.7778
     358     387.0606
     359     405.3452
     360     380.6475
     361     371.6573
     362     390.7617
     363     351.4452
     364     380.3558
     365     353.7220
     366     357.9628
     367     325.4539
     368     364.5092
     369     335.8686
     370     341.8474
     371     338.9117
     372     348.0128
     373     368.3753
     374     337.0448
     375     334.2267
     376     351.2167
     377     338.7332
     378     340.1793
     379     343.0214
     380     342.1498
     381     357.3204
     382     346.3561
     383     347.5098
     384     329.9564
     385     344.8760
     386     354.2787
     387     341.8275
     388     320.7324
     389     317.4348
     390     326.3039
     391     335.7510
     392     331.4620
     393     346.2493
     394     355.3129
     395     361.3065
     396     345.6275
     397     330.1008
     398     333.4316
     399     298.7670
     400     311.1304
