#Frame              T
       1    1106.2756
       2    1237.9056
       3     998.2072
       4    1117.4443
       5    1046.7066
       6     956.5704
       7     984.3135
       8    1030.7905
       9     956.7896
      10    1031.0458
      11     964.4004
      12     922.6281
      13     830.0152
      14     914.7658
      15     951.4182
      16     901.9374
      17     916.7747
      18     978.6481
      19     925.4269
      20     927.3368
      21     892.8438
      22     940.9543
      23     917.4608
      24     944.1563
      25     884.4204
      26     865.4067
      27     888.2918
      28     905.6376
      29     970.4573
      30     849.9469
      31     853.4184
      32     766.6207
      33     782.1305
      34     778.8729
      35     834.9654
      36     789.2535
      37     729.2063
      38     697.2955
      39     719.4367
      40     717.9560
      41     744.2960
      42     773.6278
      43     872.1875
      44     876.9543
      45     761.3587
      46     811.0666
      47     765.9147
      48     847.6200
      49     797.1228
      50     773.7350
      51     739.7791
      52     709.1417
      53     758.8076
      54     798.9470
      55     794.4400
      56     726.9109
      57     743.7548
      58     730.7975
      59     699.9986
      60     738.1872
      61     679.4004
      62     693.0292
      63     681.9801
      64     656.6709
      65     648.4406
      66     681.3547
      67     685.2734
      68     692.4769
      69     646.6556
      70     666.1079
      71     659.6337
      72     575.7297
      73     611.6553
      74     605.1218
      75     600.8784
      76     630.5058
      77     615.4759
      78     568.9254
      79     605.2494
      80     601.1741
      81     558.0757
      82     601.1291
      83     588.0032
      84     615.9123
      85     551.3144
      86     589.4566
      87     570.5190
      88     609.5986
      89     562.9206
      90     537.5338
      91     582.8387
      92     629.7189
      93     531.8496
      94     574.4590
      95     543.2132
      96     576.3261
      97     613.8205
      98     548.5999
      99     555.3900
     100     596.8093
     101     596.2987
     102     584.8207
     103     565.5263
     104     525.3807
     105     561.6688
     106     562.1327
     107     530.3491
     108     541.3819
     109     543.7064
     110     497.3861
     111     527.7561
     112     474.6249
     113     548.0539
     114     514.3214
     115     533.7433
     116     550.3451
     117     536.8294
     118     551.9501
     119     466.4205
     120     523.2140
     121     480.3420
     122     531.8179
     123     531.8786
     124     492.8896
     125     552.6087
     126     499.4302
     127     552.9646
     128     526.4597
     129     536.9070
     130     472.4175
     131     513.6202
     132     531.6465
     133     493.5562
     134     511.6599
     135     483.1475
     136     487.8406
     137     491.6936
     138     449.7063
     139     453.1259
     140     474.1604
     141     486.2549
     142     468.5641
     143     472.3245
     144     513.3708
     145     507.0771
     146     522.3384
     147     482.1302
     148     447.5445
     149     408.9758
     150     513.8386
     151     515.6587
     152     454.4165
     153     463.0751
     154     456.3226
     155     465.3422
     156     411.6917
     157     429.7762
     158     448.9244
     159     431.2990
     160     458.0684
     161     423.2639
     162     473.9093
     163     435.9325
     164     472.6245
     165     453.4297
     166     476.7548
     167     470.8873
     168     457.7825
     169     462.0357
     170     454.9008
     171     480.6861
     172     504.0607
     173     469.0508
     174     461.7952
     175     428.7014
     176     453.7780
     177     429.6351
     178     447.8473
     179     453.0523
     180     432.5758
     181     391.4504
     182     434.7595
     183     408.7840
     184     462.8573
     185     436.3698
     186     437.6416
     187     379.5825
     188     426.7657
     189     380.0776
     190     433.8986
     191     431.0260
     192     423.5018
     193     420.2096
     194     471.6198
     195     465.2293
     196     459.4802
     197     495.0683
     198     454.5929
     199     413.6735
     200     428.9447
     201     407.2610
     202     391.1939
     203     392.0812
     204     437.9858
     205     417.2327
     206     397.1445
     207     417.1478
     208     395.8054
     209     463.7978
     210     418.6230
     211     442.2662
     212     444.0485
     213     452.5380
     214     420.2351
     215     400.2660
     216     431.8730
     217     432.0875
     218     448.1653
     219     431.8806
     220     417.2408
     221     419.7859
     222     393.0922
     223     418.9640
     224     411.0603
     225     408.2922
     226     387.2905
     227     398.9903
     228     420.3028
     229     444.9960
     230     416.4564
     231     440.7466
     232     419.5549
     233     385.7876
     234     396.1027
     235     393.9668
     236     429.5924
     237     384.0224
     238     439.8661
     239     423.2073
     240     428.6149
     241     396.0913
     242     365.7062
     243     362.8032
     244     397.0652
     245     421.1954
     246     414.0258
     247     429.6888
     248     407.7978
     249     403.7256
     250     426.2031
     251     402.6854
     252     430.7933
     253     411.9630
     254     443.7176
     255     389.8524
     256     385.2347
     257     395.4639
     258     383.4365
     259     375.3425
     260     427.0547
     261     427.6730
     262     431.4741
     263     391.2066
     264     402.1398
     265     373.7807
     266     410.6237
     267     379.3235
     268     408.2961
     269     395.4460
     270     389.4055
     271     384.7478
     272     371.3525
     273     393.8936
     274     384.3576
     275     369.6632
     276     386.4996
     277     377.8486
     278     380.9647
     279     367.5164
     280     361.1049
     281     372.9904
     282     344.9793
     283     350.1329
     284     366.7633
     285     372.1707
     286     385.4221
     287     352.2982
     288     347.0887
     289     355.9907
     290     346.9704
     291     392.6035
     292     375.7312
     293     350.0245
     294     399.9142
     295     380.3948
     296     359.9574
     297     341.4138
     298     366.4992
     299     333.3166
     300     404.2332
     301     375.1088
     302     364.9095
     303     382.3194
     304     362.7741
     305     327.2515
     306     361.9455
     307     363.2070
     308     387.0677
     309     364.0403
     310     345.7382
     311     337.7251
     312     360.0277
     313     358.6120
     314     358.5896
     315     371.9655
     316     359.6315
     317     369.9600
     318     367.7194
     319     353.2641
     320     404.2497
     321     368.2705
     322     397.3480
     323     372.8205
     324     375.3139
     325     406.2701
     326     381.4541
     327     385.5798
     328     368.7953
     329     345.8522
     330     377.1164
     331     386.1707
     332     339.7229
     333     341.2705
     334     359.5794
     335     357.3844
     336     351.3134
     337     358.7638
     338     372.9312
     339     351.0010
     340     355.7900
     341     345.3634
     342     352.0300
     343     337.0791
     344     375.4003
     345     315.8740
     346     369.5598
     347     331.7565
     348     378.6969
     349     313.0467
     350     346.1946
     351     335.0440
     352     302.0115
     353     300.4271
     354     323.9658
     355     290.2189
     356     316.4293
     357     305.5282
     358     320.8734
     359     335.7575
     360     328.0048
     361     307.5394
     362     308.7200
     363     314.9919
     364     329.6769
     365     338.6020
     366     339.7533
     367     357.8086
     368     327.7897
     369     360.3442
     370     374.0472
     371     383.3521
     372     349.0692
     373     312.8432
     374     350.1756
     375     337.9524
     376     351.6727
     377     341.0987
     378     347.0048
     379     360.0297
     380     352.2016
     381     363.5993
     382     363.3254
     383     368.6436
     384     346.4725
     385     378.2843
     386     338.4836
     387     330.1671
     388     317.3431
     389     315.7851
     390     336.6449
     391     354.5380
     392     353.4440
     393     333.1718
     394     373.7279
     395     347.7883
     396     357.1866
     397     352.8567
     398     363.4375
     399     346.9645
     400     358.9411
