#Frame              T
       1     925.5203
       2     960.8210
       3    1055.0545
       4     998.7874
       5     952.4945
       6     962.2544
       7     926.0143
       8     863.4806
       9     964.9255
      10     920.5284
      11     899.6716
      12     912.8987
      13     861.0589
      14     952.6619
      15     864.6627
      16     850.9206
      17     831.2357
      18     802.4793
      19     902.8451
      20     920.6069
      21     926.3055
      22     841.3559
      23     861.0793
      24     868.8785
      25     833.7155
      26     829.2370
      27     830.4929
      28     858.4530
      29     828.4641
      30     905.2444
      31     850.1788
      32     937.9465
      33     962.0675
      34     918.2787
      35     854.0093
      36     867.9668
      37     900.0187
      38     849.4166
      39     838.9734
      40     788.5682
      41     832.9436
      42     787.6180
      43     810.6250
      44     846.6668
      45     779.8766
      46     862.0946
      47     773.1724
      48     766.3230
      49     763.3405
      50     736.4687
      51     726.0357
      52     754.2449
      53     805.4221
      54     826.2205
      55     773.9037
      56     796.9957
      57     751.5306
      58     731.0057
      59     686.1059
      60     673.2713
      61     707.1290
      62     696.9301
      63     699.3380
      64     667.7818
      65     677.6531
      66     689.9005
      67     670.8087
      68     649.5676
      69     691.6005
      70     681.0287
      71     662.6811
      72     695.8138
      73     634.3813
      74     612.3004
      75     638.3861
      76     680.0027
      77     593.8870
      78     682.2527
      79     621.1972
      80     640.5284
      81     635.8917
      82     670.1739
      83     680.3965
      84     626.8323
      85     632.9997
      86     577.6312
      87     625.6258
      88     611.3341
      89     661.9029
      90     659.4971
      91     625.1136
      92     610.1801
      93     635.1959
      94     547.9750
      95     552.9879
      96     546.0676
      97     563.3709
      98     596.9443
      99     614.6639
     100     605.9884
     101     544.4817
     102     589.0723
     103     541.9708
     104     578.9957
     105     584.4291
     106     578.6446
     107     555.3817
     108     606.6720
     109     554.8744
     110     530.4914
     111     527.3515
     112     535.7176
     113     524.4744
     114     543.3928
     115     511.7152
     116     594.4500
     117     581.5633
     118     542.8787
     119     578.7232
     120     550.4279
     121     555.0739
     122     585.4198
     123     540.3381
     124     528.4077
     125     616.9500
     126     536.4437
     127     552.0015
     128     504.3170
     129     515.5312
     130     517.7983
     131     494.8576
     132     579.6399
     133     564.6667
     134     529.7252
     135     543.2039
     136     505.0007
     137     534.8145
     138     533.1564
     139     486.1398
     140     456.4263
     141     506.9086
     142     478.5107
     143     474.9922
     144     455.0893
     145     528.5678
     146     493.9042
     147     485.5341
     148     483.9465
     149     521.6012
     150     451.4711
     151     470.9361
     152     491.9546
     153     461.4998
     154     509.8909
     155     531.6834
     156     485.6239
     157     518.4235
     158     526.3975
     159     487.0498
     160     481.1719
     161     508.9817
     162     474.6799
     163     507.0329
     164     473.2909
     165     515.8764
     166     484.2667
     167     492.5329
     168     495.0399
     169     492.8729
     170     468.7097
     171     470.7967
     172     515.2331
     173     515.7855
     174     488.7577
     175     548.3343
     176     498.0068
     177     527.3566
     178     480.9773
     179     508.6844
     180     465.2625
     181     460.0377
     182     428.9365
     183     495.9427
     184     470.9860
     185     478.7177
     186     430.9754
     187     449.9250
     188     499.0716
     189     510.3060
     190     441.8580
     191     504.3335
     192     511.3183
     193     473.4553
     194     513.8571
     195     491.4642
     196     502.5075
     197     471.9573
     198     463.5295
     199     460.9383
     200     426.4147
     201     453.8836
     202     462.2120
     203     463.3552
     204     451.5038
     205     443.8544
     206     459.1286
     207     450.1119
     208     485.8269
     209     463.0081
     210     489.7679
     211     417.9063
     212     475.7655
     213     413.4766
     214     460.0800
     215     442.7477
     216     425.5133
     217     430.8538
     218     467.3856
     219     440.2075
     220     448.6469
     221     425.3844
     222     433.5992
     223     439.4297
     224     453.5117
     225     430.5817
     226     449.2667
     227     426.0262
     228     452.7318
     229     456.2963
     230     379.6658
     231     433.7610
     232     458.4712
     233     362.0547
     234     374.9535
     235     414.9185
     236     452.8262
     237     403.0704
     238     424.1173
     239     423.5164
     240     391.5686
     241     414.3846
     242     405.1311
     243     432.1934
     244     432.2911
     245     386.4365
     246     426.9411
     247     451.1969
     248     471.4775
     249     473.2237
     250     450.1592
     251     479.4799
     252     417.0541
     253     430.0898
     254     455.9568
     255     452.1070
     256     421.9831
     257     476.9733
     258     379.0255
     259     438.0740
     260     417.6738
     261     484.0396
     262     410.4898
     263     419.3758
     264     408.8239
     265     430.2508
     266     434.8911
     267     409.4524
     268     436.6476
     269     422.5565
     270     423.4768
     271     417.3734
     272     409.2726
     273     459.0600
     274     402.9296
     275     398.6199
     276     406.6482
     277     407.2488
     278     411.5021
     279     420.9468
     280     426.4589
     281     413.8653
     282     384.7287
     283     400.6040
     284     448.2057
     285     396.0418
     286     426.2972
     287     404.4343
     288     398.7911
     289     426.3754
     290     390.9367
     291     400.9471
     292     400.8266
     293     367.7625
     294     394.1309
     295     387.0743
     296     361.3892
     297     422.0291
     298     429.1294
     299     374.1181
     300     409.3692
     301     354.8396
     302     397.7080
     303     369.7540
     304     366.2451
     305     362.5775
     306     369.0732
     307     364.4240
     308     334.0248
     309     356.7119
     310     361.5815
     311     361.2275
     312     367.8638
     313     373.2717
     314     393.0812
     315     388.2008
     316     397.5899
     317     388.2154
     318     418.8966
     319     412.7120
     320     372.0342
     321     387.6572
     322     381.8689
     323     405.2649
     324     388.2960
     325     381.3025
     326     381.2517
     327     379.3941
     328     396.3546
     329     346.7515
     330     387.3960
     331     364.7467
     332     383.6487
     333     381.0249
     334     405.0533
     335     393.9845
     336     391.6135
     337     385.3058
     338     401.2547
     339     346.1243
     340     337.1043
     341     398.8666
     342     372.3935
     343     390.5215
     344     407.0472
     345     423.3158
     346     402.8049
     347     409.5336
     348     388.2380
     349     342.1909
     350     404.4322
     351     369.2170
     352     376.5662
     353     376.6247
     354     401.1673
     355     390.3624
     356     336.1654
     357     397.8794
     358     389.4076
     359     413.2952
     360     395.0887
     361     373.9443
     362     391.9232
     363     381.5298
     364     414.7753
     365     371.9909
     366     386.6782
     367     381.5012
     368     382.7738
     369     408.2378
     370     392.3827
     371     390.5085
     372     422.9305
     373     392.9649
     374     400.9155
     375     351.9522
     376     379.0258
     377     342.2721
     378     348.0304
     379     376.5349
     380     337.0747
     381     391.3274
     382     369.7944
     383     373.6726
     384     384.0135
     385     365.5263
     386     333.2822
     387     319.6243
     388     332.5597
     389     339.3610
     390     363.3638
     391     362.1553
     392     365.7875
     393     333.8469
     394     342.4865
     395     320.8171
     396     323.6213
     397     356.6948
     398     322.5007
     399     327.1410
     400     357.1417
