#Frame              T
       1    1054.4274
       2    1142.1783
       3    1129.2405
       4    1082.1740
       5    1063.0488
       6    1091.2368
       7    1050.8345
       8    1029.8316
       9    1013.4420
      10    1129.4482
      11    1141.9985
      12    1093.0211
      13    1144.1179
      14    1068.4794
      15    1014.5371
      16    1049.4714
      17    1030.0802
      18     985.1429
      19     915.8298
      20     950.0699
      21     988.2305
      22    1002.6418
      23     990.1392
      24     997.7975
      25    1013.0670
      26     939.5128
      27    1028.6066
      28     950.7909
      29     918.0251
      30     846.2000
      31     754.6134
      32     950.6964
      33     801.1906
      34     864.0995
      35     885.6912
      36     916.5049
      37     879.3698
      38     841.7328
      39     850.5891
      40     886.6317
      41     849.2252
      42     834.5971
      43     861.1915
      44     797.4994
      45     850.4211
      46     813.1702
      47     772.6792
      48     789.4296
      49     830.9416
      50     824.7973
      51     725.7678
      52     779.2294
      53     742.0326
      54     701.2710
      55     786.7225
      56     700.6781
      57     857.4934
      58     731.7466
      59     735.6258
      60     818.5236
      61     777.3697
      62     690.4504
      63     722.2323
      64     749.5098
      65     734.0656
      66     697.0124
      67     796.2418
      68     701.0454
      69     650.9226
      70     681.5810
      71     700.0366
      72     679.0924
      73     664.8165
      74     666.4952
      75     728.1125
      76     716.0438
      77     669.8398
      78     666.9205
      79     633.9803
      80     669.9999
      81     693.4485
      82     683.4059
      83     658.4808
      84     671.1247
      85     591.0340
      86     641.3956
      87     700.3011
      88     596.7805
      89     616.2738
      90     625.4583
      91     631.3739
      92     650.4929
      93     622.1078
      94     641.5035
      95     669.7187
      96     663.3476
      97     586.7211
      98     652.0421
      99     617.5551
     100     662.6490
     101     694.1592
     102     634.6751
     103     644.7747
     104     641.2727
     105     669.2269
     106     600.1286
     107     621.1421
     108     606.7876
     109     587.4608
     110     541.6002
     111     554.5052
     112     580.0372
     113     547.6976
     114     578.2774
     115     596.6495
     116     534.6218
     117     618.6140
     118     557.2223
     119     598.8351
     120     513.2442
     121     559.1678
     122     540.5903
     123     572.8983
     124     614.7623
     125     622.9069
     126     531.4777
     127     631.3224
     128     587.2186
     129     594.8062
     130     538.7675
     131     513.8602
     132     578.8068
     133     523.6795
     134     514.9471
     135     550.8399
     136     555.4105
     137     504.1542
     138     561.4334
     139     558.5567
     140     535.9923
     141     531.0999
     142     579.4912
     143     517.0275
     144     555.7482
     145     544.0608
     146     517.8656
     147     522.7105
     148     517.2558
     149     541.3559
     150     492.0136
     151     528.0948
     152     504.5697
     153     533.5477
     154     522.4268
     155     523.5874
     156     476.6384
     157     528.1324
     158     565.0857
     159     525.9950
     160     521.3168
     161     456.5020
     162     509.1011
     163     530.4001
     164     559.3515
     165     534.9951
     166     493.9153
     167     492.9591
     168     458.0361
     169     505.7326
     170     543.6571
     171     525.9721
     172     558.4862
     173     532.5415
     174     505.9553
     175     478.2116
     176     502.6941
     177     504.1850
     178     504.9980
     179     505.5233
     180     484.4368
     181     494.3154
     182     497.9751
     183     465.9848
     184     470.5868
     185     483.1541
     186     531.7315
     187     463.0302
     188     493.9936
     189     517.0496
     190     482.8050
     191     466.5717
     192     480.2786
     193     497.6451
     194     496.3545
     195     506.8449
     196     456.2239
     197     466.9706
     198     454.4965
     199     465.0855
     200     521.6756
     201     435.8175
     202     471.5553
     203     420.2247
     204     441.0573
     205     470.5832
     206     476.1883
     207     467.8733
     208     419.0399
     209     443.2399
     210     421.6781
     211     475.0527
     212     432.6527
     213     477.3118
     214     485.4313
     215     459.6629
     216     477.9664
     217     450.4996
     218     461.2996
     219     498.3701
     220     472.8802
     221     447.9564
     222     463.3800
     223     442.6859
     224     454.6781
     225     447.8473
     226     480.6817
     227     445.7098
     228     453.4403
     229     428.2565
     230     442.9778
     231     425.3384
     232     395.4935
     233     410.9972
     234     406.0200
     235     406.6704
     236     420.0537
     237     439.2096
     238     416.8653
     239     474.7734
     240     448.9353
     241     404.4861
     242     456.2386
     243     425.8618
     244     423.9441
     245     396.6812
     246     429.4916
     247     381.2394
     248     414.5607
     249     407.9033
     250     420.9768
     251     398.8241
     252     394.4912
     253     414.6412
     254     432.1606
     255     388.8015
     256     423.3164
     257     436.7996
     258     439.9388
     259     438.7697
     260     431.4788
     261     371.5707
     262     400.0232
     263     380.1771
     264     434.9677
     265     382.2228
     266     396.2698
     267     401.8092
     268     418.5008
     269     414.5030
     270     423.5059
     271     392.9413
     272     412.4152
     273     401.4757
     274     393.6433
     275     432.6014
     276     392.6808
     277     399.0116
     278     401.8066
     279     394.8351
     280     380.3334
     281     406.0616
     282     411.0161
     283     405.1072
     284     401.3392
     285     397.8076
     286     379.9169
     287     397.2098
     288     416.4991
     289     371.9744
     290     428.0612
     291     403.9873
     292     392.7149
     293     413.0491
     294     353.7683
     295     326.8355
     296     401.6875
     297     387.2329
     298     377.7404
     299     350.4533
     300     389.0085
     301     427.1978
     302     384.4750
     303     371.9654
     304     357.9737
     305     384.9706
     306     387.5028
     307     412.9971
     308     396.5887
     309     419.6552
     310     402.0051
     311     411.9666
     312     413.5789
     313     409.7332
     314     374.8118
     315     384.4969
     316     381.7673
     317     373.0166
     318     357.2630
     319     341.0309
     320     372.8483
     321     339.9622
     322     416.6096
     323     358.6326
     324     369.8408
     325     367.6560
     326     375.7017
     327     400.3606
     328     323.8102
     329     359.1003
     330     389.9017
     331     341.5253
     332     363.9439
     333     341.0377
     334     350.6230
     335     350.9234
     336     359.2900
     337     365.3107
     338     387.8466
     339     340.0955
     340     394.1601
     341     365.5715
     342     346.1003
     343     323.3472
     344     323.0247
     345     361.1200
     346     328.3508
     347     383.6484
     348     387.7552
     349     382.0391
     350     406.8513
     351     372.0684
     352     408.0487
     353     379.0774
     354     358.2062
     355     353.8755
     356     407.6397
     357     396.9648
     358     391.8530
     359     339.2265
     360     346.3399
     361     376.5876
     362     359.4706
     363     359.2079
     364     362.3008
     365     362.1920
     366     372.5947
     367     369.4685
     368     360.3271
     369     383.8607
     370     356.5661
     371     330.5983
     372     378.2426
     373     374.1996
     374     373.7809
     375     347.6624
     376     346.3758
     377     390.1715
     378     396.6616
     379     377.9666
     380     381.1783
     381     376.7906
     382     366.1061
     383     332.2306
     384     341.8515
     385     323.4719
     386     355.6178
     387     411.0943
     388     378.7533
     389     339.6223
     390     366.3874
     391     362.8611
     392     381.9420
     393     357.0462
     394     323.4309
     395     335.5180
     396     364.7447
     397     343.2433
     398     357.4096
     399     327.6643
     400     336.6705
