#Frame              T
       1    1194.3966
       2    1174.8178
       3    1053.9823
       4    1084.2404
       5    1011.0692
       6    1042.0853
       7    1153.6752
       8    1030.5510
       9    1025.6449
      10    1076.8320
      11     987.9050
      12     979.3735
      13     991.0276
      14     890.1119
      15     944.5079
      16     916.5746
      17     931.3241
      18     965.9729
      19     958.8397
      20     933.6763
      21     906.3010
      22     902.6865
      23     871.8104
      24     955.7662
      25    1000.7416
      26     939.0389
      27     878.3322
      28     871.4855
      29     818.2975
      30     827.4082
      31     833.3638
      32     862.6693
      33     863.9608
      34     880.9138
      35     842.9236
      36     894.5974
      37     744.5559
      38     829.5650
      39     761.3652
      40     872.2936
      41     846.1546
      42     781.9545
      43     785.3713
      44     792.5598
      45     838.2954
      46     907.6452
      47     788.5745
      48     828.0104
      49     844.7778
      50     855.9670
      51     719.4277
      52     718.4374
      53     762.6915
      54     728.7589
      55     773.5841
      56     748.1437
      57     734.4204
      58     681.3010
      59     712.5950
      60     768.7685
      61     682.5979
      62     714.6459
      63     747.0005
      64     683.9058
      65     756.3757
      66     737.4375
      67     775.1427
      68     711.1608
      69     730.3046
      70     691.5510
      71     659.6469
      72     635.1417
      73     719.2405
      74     720.8214
      75     706.5631
      76     687.8791
      77     654.8619
      78     645.3414
      79     694.3889
      80     724.8937
      81     683.8632
      82     659.1616
      83     660.6706
      84     671.3786
      85     708.7827
      86     653.5737
      87     629.6428
      88     633.8916
      89     658.0774
      90     635.4440
      91     615.4414
      92     569.9094
      93     605.0990
      94     624.1848
      95     652.3836
      96     587.4030
      97     688.0017
      98     617.5799
      99     633.7374
     100     684.0778
     101     674.8299
     102     618.4784
     103     597.7193
     104     631.8465
     105     654.1862
     106     703.3993
     107     544.4672
     108     625.1889
     109     623.1975
     110     639.0763
     111     619.2606
     112     637.5175
     113     593.3813
     114     602.2519
     115     537.3288
     116     564.0207
     117     537.1655
     118     603.8310
     119     600.5707
     120     620.0562
     121     588.2720
     122     628.4783
     123     553.8793
     124     599.0644
     125     613.0164
     126     620.9186
     127     597.3110
     128     559.6906
     129     559.2873
     130     553.3226
     131     545.7399
     132     560.8697
     133     553.8932
     134     598.2373
     135     581.4283
     136     618.3604
     137     549.3508
     138     567.3900
     139     585.1083
     140     561.0823
     141     582.7208
     142     509.6209
     143     513.0049
     144     510.1172
     145     522.5240
     146     523.4004
     147     553.4807
     148     552.5373
     149     532.0225
     150     530.8748
     151     528.0508
     152     523.6014
     153     488.5027
     154     504.3143
     155     507.0139
     156     486.6130
     157     503.2465
     158     513.4585
     159     511.0557
     160     517.7459
     161     471.3617
     162     493.0298
     163     458.9620
     164     459.5769
     165     511.3594
     166     501.6927
     167     502.3860
     168     510.9655
     169     528.9238
     170     515.7096
     171     525.2046
     172     488.6215
     173     559.6886
     174     492.9438
     175     511.2842
     176     496.7459
     177     450.3402
     178     443.1312
     179     471.3396
     180     433.0061
     181     469.2900
     182     461.1130
     183     497.6973
     184     495.6130
     185     474.1841
     186     468.0932
     187     462.9394
     188     436.0226
     189     458.2244
     190     498.1944
     191     504.5345
     192     503.8794
     193     498.5180
     194     474.2166
     195     485.2984
     196     454.6446
     197     426.8453
     198     471.7685
     199     455.0165
     200     456.5529
     201     469.8839
     202     459.9377
     203     497.1780
     204     428.1942
     205     437.9012
     206     440.2861
     207     462.5299
     208     439.9665
     209     394.4420
     210     450.9331
     211     445.7714
     212     401.6111
     213     430.5329
     214     408.3289
     215     415.6369
     216     426.3131
     217     479.1641
     218     429.6831
     219     402.5042
     220     378.3021
     221     409.4705
     222     469.8519
     223     430.5793
     224     417.7166
     225     415.3475
     226     463.6723
     227     472.3001
     228     416.1561
     229     417.9303
     230     459.5652
     231     414.7321
     232     470.8409
     233     446.0529
     234     486.4788
     235     480.7869
     236     484.0136
     237     430.9108
     238     459.2920
     239     435.2764
     240     424.3025
     241     443.9471
     242     440.5756
     243     450.3434
     244     413.0241
     245     460.6462
     246     458.9255
     247     442.3777
     248     480.6081
     249     443.1388
     250     444.7323
     251     429.8884
     252     403.4289
     253     462.1419
     254     445.1435
     255     483.1766
     256     414.7691
     257     470.4342
     258     395.3374
     259     450.8177
     260     427.0839
     261     432.0643
     262     435.8457
     263     429.4259
     264     464.4208
     265     429.2367
     266     443.6949
     267     431.0056
     268     447.9752
     269     422.4208
     270     416.8689
     271     416.4646
     272     400.0689
     273     413.7782
     274     405.7404
     275     415.3579
     276     422.6949
     277     429.3697
     278     433.4426
     279     435.1220
     280     427.0551
     281     411.0073
     282     441.0049
     283     436.2416
     284     400.9965
     285     386.1742
     286     409.4624
     287     398.3289
     288     447.2441
     289     411.3298
     290     437.8962
     291     407.4506
     292     420.8268
     293     417.7569
     294     386.7357
     295     412.5963
     296     397.6620
     297     393.3491
     298     405.8291
     299     394.5652
     300     405.1350
     301     385.5117
     302     430.9593
     303     410.1635
     304     393.6221
     305     415.3824
     306     429.7415
     307     396.7584
     308     421.6627
     309     383.6603
     310     415.5600
     311     457.1081
     312     416.5809
     313     425.7059
     314     392.3372
     315     371.7217
     316     416.4325
     317     410.8054
     318     436.2554
     319     436.7040
     320     435.5672
     321     434.9267
     322     425.9077
     323     429.3839
     324     423.8641
     325     391.3928
     326     391.5144
     327     404.8614
     328     417.1692
     329     398.6171
     330     416.9605
     331     390.2727
     332     392.4901
     333     390.6228
     334     419.8130
     335     391.1108
     336     436.3856
     337     399.5237
     338     402.9968
     339     418.8503
     340     386.6931
     341     404.3146
     342     402.5462
     343     415.5330
     344     365.8594
     345     415.8312
     346     416.0322
     347     390.6780
     348     383.9463
     349     388.8746
     350     441.4342
     351     404.3735
     352     385.1834
     353     353.6669
     354     376.3284
     355     410.4233
     356     383.3642
     357     366.5484
     358     410.0682
     359     397.4352
     360     411.3272
     361     375.6240
     362     367.6543
     363     383.8190
     364     389.3106
     365     387.3821
     366     385.7837
     367     367.0924
     368     389.3949
     369     345.7269
     370     343.4618
     371     362.1941
     372     371.6489
     373     373.4564
     374     420.3051
     375     359.9065
     376     417.2428
     377     369.2398
     378     403.3297
     379     381.9021
     380     361.0807
     381     388.4515
     382     394.6785
     383     330.9576
     384     369.6136
     385     396.7466
     386     360.0425
     387     375.4583
     388     366.7968
     389     344.1892
     390     364.2950
     391     381.6325
     392     341.1272
     393     373.5311
     394     373.6959
     395     320.4002
     396     377.1780
     397     371.7002
     398     373.6311
     399     345.7529
     400     352.9702
