#Frame              T
       1    1162.7087
       2    1177.2309
       3    1090.6041
       4    1097.2870
       5    1206.0127
       6    1125.9224
       7    1171.5147
       8    1123.4049
       9    1085.0479
      10    1064.4488
      11    1035.1670
      12     959.6722
      13    1024.1444
      14    1037.7752
      15     984.3393
      16    1027.0179
      17     954.0346
      18     926.1465
      19    1009.6593
      20     988.5169
      21     874.8564
      22    1021.2459
      23     932.6908
      24     820.0704
      25     912.1840
      26     975.8217
      27     868.8499
      28     885.3990
      29     839.3318
      30     885.4526
      31     886.8735
      32     864.9355
      33     889.7829
      34     875.9504
      35     816.9769
      36     895.0176
      37     832.8559
      38     817.2580
      39     780.8309
      40     817.8983
      41     872.4070
      42     859.4414
      43     818.3752
      44     857.9011
      45     806.1341
      46     817.1122
      47     741.3251
      48     760.2067
      49     672.4852
      50     766.1667
      51     772.8064
      52     790.8539
      53     686.8498
      54     752.0967
      55     687.1968
      56     715.1457
      57     716.7905
      58     741.5747
      59     762.5858
      60     798.3864
      61     753.0768
      62     719.5675
      63     756.3557
      64     716.7486
      65     786.8429
      66     701.9444
      67     628.1557
      68     722.2658
      69     784.6487
      70     711.4150
      71     675.8331
      72     747.4976
      73     746.9799
      74     689.3176
      75     813.3733
      76     751.1593
      77     713.6472
      78     674.0513
      79     718.9871
      80     651.6385
      81     728.5740
      82     678.9661
      83     706.5441
      84     633.0760
      85     679.2382
      86     731.7881
      87     750.8277
      88     663.1746
      89     696.0212
      90     643.3279
      91     671.8355
      92     647.6302
      93     597.7921
      94     681.8154
      95     657.8722
      96     643.8046
      97     582.8259
      98     634.4441
      99     618.1867
     100     636.5655
     101     610.0438
     102     631.3512
     103     588.1361
     104     560.6197
     105     627.2801
     106     591.7349
     107     666.4200
     108     599.4984
     109     604.0127
     110     555.3451
     111     613.2743
     112     580.6518
     113     650.6118
     114     611.3827
     115     554.6312
     116     568.9109
     117     577.3224
     118     539.3244
     119     596.5027
     120     576.9785
     121     554.0607
     122     574.6479
     123     604.5589
     124     567.1536
     125     597.0058
     126     529.0178
     127     549.9326
     128     538.5724
     129     537.3540
     130     503.1536
     131     548.7537
     132     524.2970
     133     520.2791
     134     516.4745
     135     545.4761
     136     484.2282
     137     537.2767
     138     524.7149
     139     560.0783
     140     524.1283
     141     518.2328
     142     484.5546
     143     532.7088
     144     548.5963
     145     522.0893
     146     490.5696
     147     465.4924
     148     464.7046
     149     495.4088
     150     476.4153
     151     442.3469
     152     477.2094
     153     428.0444
     154     511.2981
     155     453.9146
     156     438.1792
     157     472.8113
     158     432.0344
     159     445.3438
     160     463.5879
     161     469.9111
     162     477.4088
     163     422.6089
     164     461.0929
     165     477.4594
     166     472.5317
     167     460.7889
     168     462.8316
     169     478.0282
     170     495.2370
     171     516.3783
     172     469.2319
     173     475.8127
     174     439.1735
     175     460.6941
     176     476.5458
     177     498.1006
     178     442.3788
     179     429.9669
     180     443.0955
     181     474.4659
     182     443.5747
     183     414.8683
     184     479.1135
     185     493.3179
     186     441.9586
     187     445.5201
     188     416.4358
     189     452.0363
     190     422.6823
     191     421.9958
     192     469.7943
     193     436.7893
     194     455.7029
     195     417.0906
     196     475.3010
     197     424.2215
     198     428.4042
     199     482.4771
     200     440.1011
     201     438.8976
     202     424.1296
     203     461.9168
     204     444.1946
     205     476.4265
     206     430.5384
     207     432.3438
     208     446.6233
     209     435.2997
     210     431.3038
     211     413.9337
     212     408.9048
     213     429.2208
     214     376.8348
     215     392.5340
     216     434.1308
     217     421.5815
     218     432.6397
     219     412.6931
     220     434.9878
     221     443.2422
     222     454.9078
     223     433.7190
     224     400.2329
     225     437.4388
     226     410.8747
     227     371.2317
     228     434.1594
     229     433.3459
     230     430.3958
     231     413.1895
     232     387.4512
     233     388.3779
     234     390.1175
     235     424.7795
     236     389.6869
     237     396.0845
     238     415.6079
     239     421.2392
     240     439.8270
     241     403.9329
     242     398.3844
     243     395.7515
     244     414.0471
     245     423.3434
     246     407.4074
     247     424.3218
     248     422.6776
     249     408.6146
     250     435.8620
     251     417.2857
     252     435.4278
     253     405.9749
     254     408.0142
     255     383.1368
     256     411.6559
     257     410.7002
     258     369.4167
     259     401.8163
     260     439.0296
     261     368.7313
     262     384.6043
     263     373.0905
     264     399.0927
     265     382.7173
     266     405.6667
     267     377.6837
     268     423.5891
     269     381.7842
     270     379.3961
     271     419.5674
     272     385.6981
     273     380.1604
     274     404.7479
     275     424.3532
     276     372.2897
     277     374.8604
     278     404.5992
     279     415.1699
     280     411.6779
     281     402.7884
     282     382.2130
     283     437.1699
     284     396.7968
     285     427.3089
     286     369.3705
     287     431.3908
     288     382.0129
     289     404.4767
     290     391.4888
     291     357.5039
     292     370.4915
     293     369.9091
     294     357.0794
     295     339.1854
     296     378.7613
     297     362.4830
     298     352.7521
     299     388.2759
     300     371.7192
     301     357.5237
     302     347.5604
     303     374.8292
     304     406.4956
     305     361.8549
     306     338.4885
     307     391.4550
     308     378.5456
     309     374.3048
     310     402.4495
     311     421.1340
     312     362.8069
     313     376.1689
     314     383.0560
     315     397.2740
     316     362.1939
     317     389.6279
     318     398.1480
     319     368.2411
     320     386.2788
     321     369.1645
     322     352.7525
     323     352.3366
     324     358.9280
     325     366.6442
     326     386.1414
     327     393.7143
     328     352.9150
     329     374.9633
     330     363.7162
     331     376.0819
     332     374.6461
     333     373.4253
     334     360.7749
     335     376.2703
     336     376.1646
     337     374.5167
     338     349.0814
     339     367.6545
     340     362.2343
     341     370.6681
     342     351.6987
     343     355.6431
     344     365.3282
     345     337.6568
     346     347.9432
     347     368.4761
     348     372.1410
     349     338.3372
     350     323.7503
     351     364.6465
     352     382.8539
     353     365.6317
     354     340.5531
     355     383.3559
     356     354.7188
     357     374.3707
     358     370.8996
     359     372.4141
     360     376.7745
     361     357.9138
     362     398.8332
     363     394.0234
     364     381.9014
     365     375.1569
     366     348.9577
     367     367.7611
     368     332.6141
     369     359.1678
     370     356.1201
     371     378.9101
     372     348.0687
     373     349.6539
     374     343.3870
     375     376.8090
     376     373.0278
     377     372.5977
     378     391.1822
     379     409.8280
     380     372.4071
     381     380.7892
     382     406.3328
     383     359.6731
     384     414.6309
     385     390.2187
     386     384.0303
     387     392.7564
     388     365.7299
     389     383.9410
     390     375.0061
     391     372.8790
     392     370.1029
     393     353.4976
     394     360.1915
     395     351.0329
     396     351.4203
     397     361.7682
     398     376.4130
     399     381.3601
     400     349.8876
