#Frame              T
       1    3001.6617
       2    2917.8197
       3    2764.9737
       4    2571.6770
       5    2370.6018
       6    2189.8681
       7    2046.3604
       8    1943.0302
       9    1870.7208
      10    1813.5219
      11    1755.6498
      12    1687.5797
      13    1609.7096
      14    1532.7354
      15    1474.4979
      16    1453.8321
      17    1483.3552
      18    1563.9036
      19    1682.7426
      20    1816.2042
      21    1935.8402
      22    2016.1248
      23    2041.3676
      24    2009.8219
      25    1933.8175
      26    1835.9567
      27    1742.5552
      28    1676.2741
      29    1649.9795
      30    1663.4420
      31    1703.8905
      32    1750.6268
      33    1782.4237
      34    1784.9141
      35    1755.1677
      36    1702.1026
      37    1643.0005
      38    1597.5404
      39    1581.3256
      40    1600.9148
      41    1651.8305
      42    1720.0370
      43    1786.2844
      44    1831.8408
      45    1843.8385
      46    1818.7757
      47    1763.4020
      48    1692.7585
      49    1625.7572
      50    1579.5730
      51    1564.7274
      52    1582.3874
      53    1624.4649
      54    1676.2869
      55    1721.0227
      56    1744.6170
      57    1739.8072
      58    1708.0903
      59    1659.1140
      60    1607.7071
      61    1569.3791
      62    1555.5643
      63    1569.9790
      64    1607.2433
      65    1654.2782
      66    1694.2068
      67    1711.6121
      68    1697.5504
      69    1652.7034
      70    1587.6023
      71    1519.6904
      72    1468.0202
      73    1447.2367
      74    1462.8468
      75    1509.3798
      76    1572.0120
      77    1631.1250
      78    1668.3523
      79    1672.2517
      80    1641.8280
      81    1586.7635
      82    1524.2326
      83    1473.2628
      84    1448.4620
      85    1455.2362
      86    1488.1684
      87    1533.1377
      88    1572.4198
      89    1590.9563
      90    1581.6114
      91    1547.6409
      92    1501.5801
      93    1460.9901
      94    1442.5340
      95    1456.3753
      96    1502.7457
      97    1571.7709
      98    1646.5263
      99    1708.2475
     100    1741.9820
     101    1740.8866
     102    1707.8815
     103    1654.2368
     104    1595.6770
     105    1547.3468
     106    1519.2883
     107    1513.8144
     108    1525.4806
     109    1543.5027
     110    1555.7305
     111    1552.8515
     112    1531.4711
     113    1495.1092
     114    1452.8649
     115    1416.3038
     116    1395.6747
     117    1396.6838
     118    1418.7743
     119    1455.3682
     120    1495.9082
     121    1529.0146
     122    1545.7387
     123    1541.9401
     124    1519.1153
     125    1483.5186
     126    1443.9398
     127    1408.9222
     128    1384.3439
     129    1372.1030
     130    1370.2065
     131    1374.0771
     132    1378.5025
     133    1379.5018
     134    1375.5366
     135    1367.8310
     136    1359.8835
     137    1356.4108
     138    1362.0118
     139    1379.8564
     140    1410.6818
     141    1452.3413
     142    1500.0360
     143    1547.2298
     144    1587.0929
     145    1614.1650
     146    1625.7897
     147    1622.8808
     148    1609.7243
     149    1592.8345
     150    1579.1495
     151    1574.0312
     152    1579.6086
     153    1593.9620
     154    1611.4797
     155    1624.3734
     156    1624.9731
     157    1608.1274
     158    1572.9700
     159    1523.4613
     160    1467.4721
     161    1414.6186
     162    1373.4850
     163    1349.1277
     164    1341.7027
     165    1346.7028
     166    1356.7442
     167    1364.3105
     168    1364.5218
     169    1356.9556
     170    1345.8479
     171    1338.5566
     172    1342.7677
     173    1363.3999
     174    1400.2723
     175    1447.4164
     176    1494.3920
     177    1529.3018
     178    1542.5447
     179    1530.0272
     180    1494.6752
     181    1445.6824
     182    1395.7429
     183    1357.1983
     184    1338.3753
     185    1341.3071
     186    1361.5816
     187    1390.3429
     188    1417.7080
     189    1436.3160
     190    1443.6983
     191    1442.7449
     192    1440.3543
     193    1444.8512
     194    1462.8782
     195    1496.6290
     196    1542.4213
     197    1591.3339
     198    1631.8611
     199    1653.6840
     200    1651.1857
     201    1625.4343
     202    1583.9454
     203    1538.3358
     204    1500.7402
     205    1480.2163
     206    1480.2924
     207    1498.3280
     208    1526.7475
     209    1555.6622
     210    1576.0273
     211    1582.3529
     212    1574.1462
     213    1555.6884
     214    1534.3010
     215    1517.7394
     216    1511.5957
     217    1517.4760
     218    1532.4424
     219    1549.8428
     220    1561.2802
     221    1559.1615
     222    1539.0821
     223    1501.3151
     224    1450.9268
     225    1396.4451
     226    1347.4898
     227    1312.1157
     228    1294.6998
     229    1294.9817
     230    1308.4758
     231    1328.0528
     232    1346.1857
     233    1357.1730
     234    1358.6658
     235    1352.0230
     236    1341.4216
     237    1332.1370
     238    1328.7618
     239    1334.0198
     240    1348.3599
     241    1370.1224
     242    1396.0573
     243    1422.0731
     244    1444.1364
     245    1459.1912
     246    1465.9108
     247    1465.0701
     248    1459.3441
     249    1452.5071
     250    1448.3157
     251    1449.5356
     252    1457.3405
     253    1471.0501
     254    1488.2059
     255    1505.0891
     256    1517.7004
     257    1522.9945
     258    1519.9807
     259    1510.2663
     260    1497.7571
     261    1487.4993
     262    1483.9778
     263    1489.4385
     264    1502.8665
     265    1520.0398
     266    1534.7203
     267    1540.6671
     268    1533.8729
     269    1514.3465
     270    1486.8056
     271    1459.5874
     272    1441.6145
     273    1438.9291
     274    1452.8948
     275    1480.3345
     276    1514.7338
     277    1548.1128
     278    1573.2841
     279    1585.8829
     280    1585.4918
     281    1575.4530
     282    1561.3256
     283    1548.4855
     284    1539.9838
     285    1535.7310
     286    1533.0993
     287    1528.2537
     288    1517.5798
     289    1498.8879
     290    1472.1944
     291    1439.9232
     292    1406.4740
     293    1377.2457
     294    1357.3127
     295    1350.0412
     296    1355.9740
     297    1372.4108
     298    1394.0398
     299    1414.5754
     300    1428.7718
     301    1433.9486
     302    1430.5226
     303    1421.5567
     304    1411.5871
     305    1405.0212
     306    1404.5273
     307    1409.9759
     308    1418.4116
     309    1425.1597
     310    1425.6886
     311    1417.5240
     312    1401.4918
     313    1381.8286
     314    1365.1102
     315    1358.3048
     316    1366.5309
     317    1391.2181
     318    1429.3274
     319    1474.0114
     320    1516.6258
     321    1549.4306
     322    1567.9245
     323    1571.8070
     324    1564.2750
     325    1550.2749
     326    1534.6781
     327    1520.9476
     328    1510.4219
     329    1502.2568
     330    1494.0326
     331    1482.8620
     332    1466.6216
     333    1444.8710
     334    1419.1571
     335    1392.6366
     336    1369.1683
     337    1352.1913
     338    1343.7758
     339    1344.1182
     340    1351.5906
     341    1363.3421
     342    1376.3500
     343    1388.5364
     344    1399.3700
     345    1409.6051
     346    1420.3497
     347    1432.0103
     348    1443.6605
     349    1453.1352
     350    1457.7982
     351    1455.6464
     352    1446.2523
     353    1431.0810
     354    1412.9543
     355    1394.8414
     356    1378.5381
     357    1363.9209
     358    1349.1347
     359    1331.6116
     360    1309.4763
     361    1282.7884
     362    1254.1460
     363    1228.3770
     364    1211.3425
     365    1208.1332
     366    1221.1818
     367    1248.9995
     368    1286.1688
     369    1324.7661
     370    1356.7534
     371    1376.4895
     372    1382.4919
     373    1377.8394
     374    1369.0300
     375    1363.5995
     376    1367.2547
     377    1381.5140
     378    1402.7651
     379    1423.2530
     380    1433.8294
     381    1427.5545
     382    1402.7733
     383    1364.3891
     384    1322.7079
     385    1290.2108
     386    1277.4217
     387    1289.3288
     388    1323.5999
     389    1371.2151
     390    1419.3521
     391    1455.5648
     392    1471.8071
     393    1466.8737
     394    1446.3856
     395    1420.3544
     396    1399.2583
     397    1390.1194
     398    1394.0484
     399    1406.1363
     400    1417.6547
     401    1419.6594
     402    1406.6043
     403    1378.6483
     404    1341.8454
     405    1306.1771
     406    1282.1592
     407    1277.2646
     408    1293.4650
     409    1326.7455
     410    1368.6589
     411    1409.2409
     412    1440.1636
     413    1457.0300
     414    1460.1149
     415    1453.4512
     416    1442.7444
     417    1432.9536
     418    1426.4549
     419    1422.4353
     420    1417.6803
     421    1408.3501
     422    1391.9168
     423    1368.3480
     424    1340.0746
     425    1311.0682
     426    1285.7353
     427    1267.9400
     428    1260.1593
     429    1262.9411
     430    1274.9090
     431    1293.2891
     432    1314.6553
     433    1335.5631
     434    1352.8901
     435    1363.9327
     436    1366.4505
     437    1358.8698
     438    1340.7245
     439    1313.1921
     440    1279.4448
     441    1244.5091
     442    1214.4364
     443    1194.7834
     444    1188.7826
     445    1196.0222
     446    1212.4415
     447    1231.7185
     448    1247.3934
     449    1254.9810
     450    1253.5146
     451    1246.0447
     452    1238.7611
     453    1238.8389
     454    1251.6513
     455    1278.3578
     456    1314.8252
     457    1352.4235
     458    1380.5753
     459    1390.3110
     460    1377.6557
     461    1345.5905
     462    1303.6851
     463    1265.3228
     464    1243.3859
     465    1245.9002
     466    1273.1660
     467    1317.4163
     468    1365.2520
     469    1402.1642
     470    1417.6527
     471    1409.0875
     472    1382.7942
     473    1351.8560
     474    1331.3973
     475    1333.0250
     476    1360.3546
     477    1407.1853
     478    1459.0741
     479    1497.9122
     480    1508.0156
     481    1481.6452
     482    1422.0525
     483    1342.9959
     484    1264.8396
     485    1208.3945
     486    1188.3415
     487    1208.4447
     488    1260.5431
     489    1327.7992
     490    1390.6445
     491    1433.0199
     492    1446.9457
     493    1434.2348
     494    1405.0227
     495    1373.7415
     496    1353.9451
     497    1353.7076
     498    1373.0632
     499    1404.2144
     500    1434.3019
     501    1449.7386
     502    1440.6575
     503    1404.0876
     504    1344.9426
     505    1274.6456
     506    1207.9444
     507    1158.9515
     508    1137.5830
     509    1147.3026
     510    1184.6262
     511    1240.3574
     512    1302.1210
     513    1357.4804
     514    1396.8439
     515    1415.4552
     516    1414.0446
     517    1398.0871
     518    1375.9331
     519    1356.3164
     520    1345.8644
     521    1347.2607
     522    1358.5730
     523    1373.9726
     524    1385.6572
     525    1386.4287
     526    1372.1620
     527    1343.4635
     528    1306.0363
     529    1269.5277
     530    1245.0005
     531    1241.6396
     532    1263.6988
     533    1308.7271
     534    1367.7464
     535    1427.4519
     536    1473.8838
     537    1496.5143
     538    1491.4878
     539    1462.9007
     540    1421.5708
     541    1381.5669
     542    1355.6293
     543    1351.0528
     544    1367.4152
     545    1396.8212
     546    1426.5222
     547    1443.1143
     548    1437.0611
     549    1406.0883
     550    1356.2834
     551    1300.4403
     552    1254.0985
     553    1230.5156
     554    1236.1861
     555    1268.4018
     556    1315.7582
     557    1361.6129
     558    1389.4868
     559    1388.6177
     560    1357.7396
     561    1305.6993
     562    1248.6210
     563    1204.5282
     564    1187.2451
     565    1201.7042
     566    1242.3276
     567    1295.0957
     568    1342.6052
     569    1370.3197
     570    1371.7654
     571    1350.7893
     572    1320.0506
     573    1296.2682
     574    1293.9360
     575    1319.7911
     576    1370.0800
     577    1431.6680
     578    1486.5983
     579    1518.4018
     580    1517.8124
     581    1485.8278
     582    1433.1413
     583    1376.3275
     584    1332.1969
     585    1312.2789
     586    1319.3026
     587    1346.8130
     588    1381.9056
     589    1409.9671
     590    1419.7170
     591    1406.8606
     592    1375.2846
     593    1335.6276
     594    1301.7931
     595    1286.2147
     596    1294.9044
     597    1324.5454
     598    1364.0439
     599    1399.5802
     600    1419.8393
     601    1419.4381
     602    1400.0977
     603    1369.5747
     604    1338.8165
     605    1318.2881
     606    1314.6957
     607    1329.1106
     608    1356.9789
     609    1389.8447
     610    1418.1132
     611    1433.9540
     612    1433.4889
     613    1417.6711
     614    1391.6521
     615    1362.8829
     616    1338.6081
     617    1323.6326
     618    1319.0805
     619    1322.4516
     620    1328.8000
     621    1332.5620
     622    1329.4194
     623    1317.6396
     624    1298.5232
     625    1275.8757
     626    1254.7364
     627    1239.8129
     628    1234.1315
     629    1238.3209
     630    1250.6907
     631    1267.9843
     632    1286.4814
     633    1303.0417
     634    1315.7759
     635    1324.2203
     636    1329.0943
     637    1331.8432
     638    1334.1438
     639    1337.4622
     640    1342.6766
     641    1349.7855
     642    1357.7566
     643    1364.5886
     644    1367.6462
     645    1364.2587
     646    1352.4942
     647    1331.9082
     648    1304.0220
     649    1272.3017
     650    1241.5465
     651    1216.7691
     652    1201.8400
     653    1198.3154
     654    1204.9066
     655    1217.8939
     656    1232.4620
     657    1244.5631
     658    1252.5973
     659    1258.2059
     660    1265.7456
     661    1280.5510
     662    1306.5861
     663    1344.4184
     664    1390.3578
     665    1437.1724
     666    1476.1764
     667    1499.9437
     668    1504.6542
     669    1491.2271
     670    1464.8445
     671    1433.0637
     672    1403.2229
     673    1380.1037
     674    1364.6845
     675    1354.4159
     676    1344.8630
     677    1332.0429
     678    1314.5181
     679    1294.4193
     680    1276.9777
     681    1268.6880
     682    1274.6951
     683    1296.3509
     684    1329.9731
     685    1367.4913
     686    1398.8579
     687    1415.2615
     688    1411.8679
     689    1389.1158
     690    1352.2501
     691    1309.4079
     692    1269.0154
     693    1237.4230
     694    1217.5618
     695    1208.9512
     696    1208.8573
     697    1213.9456
     698    1221.6692
     699    1230.9003
     700    1241.7909
     701    1255.1790
     702    1271.9001
     703    1292.2196
     704    1315.4760
     705    1339.9859
     706    1363.2221
     707    1382.2245
     708    1394.1505
     709    1396.8440
     710    1389.2983
     711    1371.9260
     712    1346.5818
     713    1316.3434
     714    1285.1005
     715    1256.9731
     716    1235.6131
     717    1223.5005
     718    1221.4323
     719    1228.3968
     720    1241.9257
     721    1258.8615
     722    1276.3173
     723    1292.5201
     724    1307.2289
     725    1321.5731
     726    1337.3325
     727    1355.8920
     728    1377.2460
     729    1399.4514
     730    1418.8222
     731    1430.9035
     732    1431.9636
     733    1420.4939
     734    1398.1210
     735    1369.5032
     736    1341.1873
     737    1319.7925
     738    1310.0524
     739    1313.2538
     740    1326.5523
     741    1343.4993
     742    1355.7802
     743    1355.7615
     744    1339.1156
     745    1306.6529
     746    1264.5983
     747    1223.0294
     748    1192.8383
     749    1182.1474
     750    1193.3850
     751    1222.0979
     752    1258.0719
     753    1288.5492
     754    1302.5275
     755    1294.6468
     756    1267.2205
     757    1229.6357
     758    1195.3149
     759    1177.2810
     760    1183.7822
     761    1215.3954
     762    1264.6175
     763    1318.1636
     764    1361.2568
     765    1382.4583
     766    1377.3704
     767    1349.9510
     768    1311.0159
     769    1274.4584
     770    1252.4681
     771    1251.3728
     772    1269.5500
     773    1298.1358
     774    1324.2595
     775    1335.6096
     776    1324.7184
     777    1291.4951
     778    1243.2111
     779    1192.0404
     780    1151.0757
     781    1130.1998
     782    1133.1937
     783    1156.9778
     784    1193.1149
     785    1230.9154
     786    1260.9782
     787    1277.9491
     788    1281.6647
     789    1276.4801
     790    1269.2275
     791    1266.6754
     792    1273.4026
     793    1290.6920
     794    1316.5579
     795    1346.6514
     796    1375.6092
     797    1398.4248
     798    1411.5382
     799    1413.4712
     800    1404.9848
     801    1388.8079
     802    1369.0453
     803    1350.3661
     804    1337.0785
     805    1332.2106
     806    1336.7545
     807    1349.2754
     808    1366.0686
     809    1381.9255
     810    1391.3823
     811    1390.1468
     812    1376.2990
     813    1350.8763
     814    1317.5998
     815    1281.7582
     816    1248.6008
     817    1221.8000
     818    1202.5228
     819    1189.4024
     820    1179.3866
     821    1169.1555
     822    1156.6110
     823    1141.8958
     824    1127.5575
     825    1117.7999
     826    1117.0847
     827    1128.5824
     828    1153.0150
     829    1188.2738
     830    1229.8833
     831    1272.0771
     832    1309.1104
     833    1336.4558
     834    1351.6478
     835    1354.5936
     836    1347.2790
     837    1332.9641
     838    1315.1445
     839    1296.6146
     840    1278.9233
     841    1262.3596
     842    1246.4306
     843    1230.5985
     844    1214.9554
     845    1200.5540
     846    1189.2767
     847    1183.3189
     848    1184.4924
     849    1193.5987
     850    1210.0640
     851    1231.9330
     852    1256.2240
     853    1279.5522
     854    1298.8563
     855    1312.0353
     856    1318.3445
     857    1318.4676
     858    1314.2614
     859    1308.2287
     860    1302.8513
     861    1299.9469
     862    1300.2491
     863    1303.3368
     864    1307.9174
     865    1312.3412
     866    1315.1564
     867    1315.5183
     868    1313.3800
     869    1309.4907
     870    1305.2590
     871    1302.4699
     872    1302.8190
     873    1307.2798
     874    1315.4754
     875    1325.3506
     876    1333.4037
     877    1335.5173
     878    1328.1723
     879    1309.7200
     880    1281.3404
     881    1247.3055
     882    1214.2506
     883    1189.4717
     884    1178.7109
     885    1184.2252
     886    1203.8862
     887    1231.7090
     888    1259.7062
     889    1280.4873
     890    1289.7517
     891    1287.8065
     892    1279.5221
     893    1272.6383
     894    1274.9050
     895    1290.9966
     896    1320.3528
     897    1356.8756
     898    1390.7986
     899    1412.1001
     900    1414.1355
     901    1396.0629
     902    1363.1551
     903    1324.9386
     904    1291.8623
     905    1271.6996
     906    1266.9391
     907    1274.0652
     908    1284.9643
     909    1289.9331
     910    1281.2150
     911    1255.8153
     912    1216.6404
     913    1171.6288
     914    1131.2636
     915    1105.3939
     916    1100.4061
     917    1117.5452
     918    1152.7579
     919    1198.0367
     920    1243.8263
     921    1281.6382
     922    1305.9408
     923    1314.8219
     924    1309.5362
     925    1293.4388
     926    1270.8568
     927    1246.2237
     928    1223.5224
     929    1205.9197
     930    1195.4710
     931    1192.8302
     932    1196.9136
     933    1204.6215
     934    1211.1569
     935    1211.5716
     936    1203.1509
     937    1187.2362
     938    1169.3690
     939    1157.6206
     940    1159.6851
     941    1179.7296
     942    1216.1732
     943    1261.3720
     944    1303.5488
     945    1330.4730
     946    1333.6630
     947    1311.5905
     948    1270.6193
     949    1223.2264
     950    1184.0616
     951    1165.1638
     952    1171.9292
     953    1201.2044
     954    1242.2321
     955    1280.2269
     956    1301.4272
     957    1297.8911
     958    1270.3414
     959    1228.0078
     960    1185.4783
     961    1157.6592
     962    1154.6617
     963    1178.3871
     964    1221.8560
     965    1271.3993
     966    1311.0774
     967    1328.0626
     968    1317.1754
     969    1282.8315
     970    1237.5610
     971    1197.6021
     972    1177.1319
     973    1183.2445
     974    1213.6140
     975    1257.7408
     976    1301.1302
     977    1330.6157
     978    1338.8233
     979    1326.2966
     980    1300.7001
     981    1273.5095
     982    1255.5201
     983    1252.8782
     984    1265.1020
     985    1285.7250
     986    1305.2182
     987    1315.0105
     988    1311.0377
     989    1295.4050
     990    1275.4619
     991    1260.6723
     992    1258.6156
     993    1271.7884
     994    1296.4522
     995    1323.9275
     996    1343.8028
     997    1347.8003
     998    1332.7804
     999    1301.7552
    1000    1262.5716
    1001    1224.8780
    1002    1196.4628
    1003    1180.5696
    1004    1175.1066
    1005    1174.0503
    1006    1170.4049
    1007    1159.4629
    1008    1140.9876
    1009    1119.4198
    1010    1102.0740
    1011    1096.1042
    1012    1105.5122
    1013    1129.4229
    1014    1162.3445
    1015    1196.2631
    1016    1223.6305
    1017    1239.9591
    1018    1245.0061
    1019    1242.1745
    1020    1236.5473
    1021    1232.5073
    1022    1231.9744
    1023    1233.9550
    1024    1235.4979
    1025    1233.5671
    1026    1226.9672
    1027    1217.4274
    1028    1209.3060
    1029    1207.9405
    1030    1217.2605
    1031    1237.6801
    1032    1265.2415
    1033    1292.4908
    1034    1310.8240
    1035    1313.4516
    1036    1297.8819
    1037    1266.9890
    1038    1228.2383
    1039    1191.2926
    1040    1164.8291
    1041    1153.6683
    1042    1157.2369
    1043    1169.8945
    1044    1183.0584
    1045    1188.4224
    1046    1181.1929
    1047    1162.1764
    1048    1137.9165
    1049    1118.7150
    1050    1115.0947
    1051    1133.8251
    1052    1174.9161
    1053    1230.8625
    1054    1288.6913
    1055    1334.1708
    1056    1356.5903
    1057    1352.3358
    1058    1326.0295
    1059    1288.9077
    1060    1254.9988
    1061    1236.3960
    1062    1239.2326
    1063    1261.8090
    1064    1295.5194
    1065    1328.1856
    1066    1348.5236
    1067    1350.1726
    1068    1333.9847
    1069    1307.8021
    1070    1283.6282
    1071    1273.0047
    1072    1282.2623
    1073    1309.5474
    1074    1344.9289
    1075    1373.7011
    1076    1381.7231
    1077    1360.8036
    1078    1312.0710
    1079    1246.0298
    1080    1179.2232
    1081    1128.7208
    1082    1106.4449
    1083    1115.4226
    1084    1149.2642
    1085    1194.9189
    1086    1237.5223
    1087    1265.4932
    1088    1274.0838
    1089    1266.2366
    1090    1250.6221
    1091    1237.7159
    1092    1235.4611
    1093    1246.1553
    1094    1265.6843
    1095    1285.2540
    1096    1294.8264
    1097    1286.9043
    1098    1259.3153
    1099    1216.0902
    1100    1166.2158
    1101    1120.7660
    1102    1089.4477
    1103    1077.7554
    1104    1085.6557
    1105    1108.1735
    1106    1137.5606
    1107    1166.1401
    1108    1188.7180
    1109    1203.7386
    1110    1212.9556
    1111    1219.9726
    1112    1228.3246
    1113    1239.8620
    1114    1254.0163
    1115    1268.1560
    1116    1278.7890
    1117    1283.0586
    1118    1279.9270
    1119    1270.6269
    1120    1258.2741
    1121    1246.8296
    1122    1239.7942
    1123    1239.0748
    1124    1244.3791
    1125    1253.3322
    1126    1262.2885
    1127    1267.5898
    1128    1266.8237
    1129    1259.5812
    1130    1247.4191
    1131    1233.0749
    1132    1219.3102
    1133    1207.8991
    1134    1199.1660
    1135    1192.2028
    1136    1185.5901
    1137    1178.2945
    1138    1170.3795
    1139    1163.2412
    1140    1159.2374
    1141    1160.8255
    1142    1169.5545
    1143    1185.3557
    1144    1206.4086
    1145    1229.6283
    1146    1251.5458
    1147    1269.2606
    1148    1281.1238
    1149    1286.9408
    1150    1287.6589
    1151    1284.7399
    1152    1279.5277
    1153    1272.9229
    1154    1265.4900
    1155    1257.8826
    1156    1251.2648
    1157    1247.3596
    1158    1247.9459
    1159    1253.9436
    1160    1264.5460
    1161    1276.9289
    1162    1286.8463
    1163    1290.0051
    1164    1283.7287
    1165    1268.2413
    1166    1246.9690
    1167    1225.5882
    1168    1210.0636
    1169    1204.3866
    1170    1208.9305
    1171    1220.1182
    1172    1231.5978
    1173    1236.5415
    1174    1230.2816
    1175    1212.3471
    1176    1187.0862
    1177    1162.4944
    1178    1147.5487
    1179    1148.9516
    1180    1168.4885
    1181    1202.0128
    1182    1240.5029
    1183    1272.8746
    1184    1289.5799
    1185    1285.7478
    1186    1262.7947
    1187    1227.9486
    1188    1191.8202
    1189    1164.8321
    1190    1153.7458
    1191    1159.5276
    1192    1177.3075
    1193    1198.4136
    1194    1213.6624
    1195    1216.6561
    1196    1205.9152
    1197    1185.1840
    1198    1161.9527
    1199    1144.8148
    1200    1140.5792
    1201    1152.0549
    1202    1177.1633
    1203    1209.6206
    1204    1240.9092
    1205    1262.8774
    1206    1270.1923
    1207    1261.9900
    1208    1242.1527
    1209    1217.7092
    1210    1195.8006
    1211    1181.3010
    1212    1176.4002
    1213    1181.0128
    1214    1192.9539
    1215    1208.2064
    1216    1221.7493
    1217    1228.8524
    1218    1226.4309
    1219    1214.0041
    1220    1193.9361
    1221    1170.8366
    1222    1150.2805
    1223    1137.2061
    1224    1134.5029
    1225    1142.2430
    1226    1157.8081
    1227    1176.8374
    1228    1194.6489
    1229    1207.6490
    1230    1214.3012
    1231    1215.4100
    1232    1213.6890
    1233    1212.7849
    1234    1216.0373
    1235    1225.3377
    1236    1240.4544
    1237    1259.0789
    1238    1277.5573
    1239    1291.9688
    1240    1299.1663
    1241    1297.5022
    1242    1287.1289
    1243    1269.8868
    1244    1248.8677
    1245    1227.7793
    1246    1210.2554
    1247    1199.2354
    1248    1196.5309
    1249    1202.5880
    1250    1216.2971
    1251    1234.8569
    1252    1254.2009
    1253    1270.3594
    1254    1281.0852
    1255    1286.6105
    1256    1289.1201
    1257    1291.3673
    1258    1295.1310
    1259    1300.1527
    1260    1303.9777
    1261    1302.7974
    1262    1293.0000
    1263    1272.8441
    1264    1243.5672
    1265    1209.4327
    1266    1176.6106
    1267    1151.3045
    1268    1137.8318
    1269    1137.3788
    1270    1147.8366
    1271    1164.7511
    1272    1183.0747
    1273    1199.0747
    1274    1211.5684
    1275    1221.9128
    1276    1232.8026
    1277    1246.4906
    1278    1263.2560
    1279    1280.7997
    1280    1294.9267
    1281    1301.2632
    1282    1297.1672
    1283    1282.9088
    1284    1261.6394
    1285    1238.2411
    1286    1217.5542
    1287    1202.7100
    1288    1194.2374
    1289    1190.2829
    1290    1187.7886
    1291    1184.0661
    1292    1178.0815
    1293    1170.9136
    1294    1165.2041
    1295    1163.8287
    1296    1168.4042
    1297    1178.3546
    1298    1191.0156
    1299    1202.7583
    1300    1210.5749
    1301    1213.3367
    1302    1212.1576
    1303    1209.7895
    1304    1209.3763
    1305    1213.0498
    1306    1220.8924
    1307    1230.7050
    1308    1238.7277
    1309    1241.0183
    1310    1234.9048
    1311    1219.9904
    1312    1198.4585
    1313    1174.6104
    1314    1153.7384
    1315    1140.6432
    1316    1138.1258
    1317    1145.6380
    1318    1158.7362
    1319    1170.6101
    1320    1175.5244
    1321    1171.7590
    1322    1162.0996
    1323    1152.0517
    1324    1147.0385
    1325    1149.8901
    1326    1159.5823
    1327    1171.6787
    1328    1180.2564
    1329    1180.5106
    1330    1170.9216
    1331    1154.0211
    1332    1135.3980
    1333    1121.4426
    1334    1116.9206
    1335    1123.2823
    1336    1138.1149
    1337    1155.9963
    1338    1170.7939
    1339    1178.5100
    1340    1179.1706
    1341    1176.8576
    1342    1177.9996
    1343    1188.6459
    1344    1211.7080
    1345    1245.1230
    1346    1281.7285
    1347    1311.1873
    1348    1323.4943
    1349    1312.7986
    1350    1280.0165
    1351    1233.1333
    1352    1184.9013
    1353    1148.5839
    1354    1133.2375
    1355    1140.4329
    1356    1163.8194
    1357    1191.7322
    1358    1211.7738
    1359    1215.5688
    1360    1201.9254
    1361    1177.2759
    1362    1153.2976
    1363    1142.5678
    1364    1153.7690
    1365    1188.1446
    1366    1238.5043
    1367    1291.2071
    1368    1330.5135
    1369    1343.8587
    1370    1326.2165
    1371    1281.9786
    1372    1223.5868
    1373    1167.3068
    1374    1127.6667
    1375    1112.6729
    1376    1121.5961
    1377    1146.0104
    1378    1173.4865
    1379    1192.4265
    1380    1196.2356
    1381    1185.3677
    1382    1166.6461
    1383    1150.2730
    1384    1145.7536
    1385    1158.2644
    1386    1186.7459
    1387    1224.3155
    1388    1260.7293
    1389    1285.9139
    1390    1293.2746
    1391    1281.6466
    1392    1255.3073
    1393    1222.1520
    1394    1190.7973
    1395    1167.7039
    1396    1155.3745
    1397    1152.2093
    1398    1153.9005
    1399    1155.6300
    1400    1154.0914
    1401    1148.5764
    1402    1140.8511
    1403    1134.0673
    1404    1131.2971
    1405    1134.3110
    1406    1143.0138
    1407    1155.6242
    1408    1169.4428
    1409    1181.8253
    1410    1190.9167
    1411    1195.8556
    1412    1196.4989
    1413    1192.9613
    1414    1185.3379
    1415    1173.8196
    1416    1159.1467
    1417    1143.1091
    1418    1128.6896
    1419    1119.5927
    1420    1119.1910
    1421    1129.2407
    1422    1148.8556
    1423    1174.1978
    1424    1199.1560
    1425    1216.9715
    1426    1222.3887
    1427    1213.6022
    1428    1193.1927
    1429    1167.5505
    1430    1144.8593
    1431    1132.3058
    1432    1133.5235
    1433    1147.2223
    1434    1167.5478
    1435    1186.1281
    1436    1195.1388
    1437    1190.3025
    1438    1172.7106
    1439    1148.7475
    1440    1128.1120
    1441    1120.6013
    1442    1132.7275
    1443    1165.2540
    1444    1212.4398
    1445    1263.2894
    1446    1304.5175
    1447    1324.4083
    1448    1316.4216
    1449    1281.4052
    1450    1227.6447
    1451    1168.6429
    1452    1119.2424
    1453    1091.2555
    1454    1089.9664
    1455    1112.6447
    1456    1149.5990
    1457    1187.4719
    1458    1213.7129
    1459    1220.7547
    1460    1208.4553
    1461    1183.9392
    1462    1158.8471
    1463    1144.9630
    1464    1149.8306
    1465    1173.9957
    1466    1210.8554
    1467    1249.0424
    1468    1276.3699
    1469    1283.9247
    1470    1268.9406
    1471    1235.5630
    1472    1193.3250
    1473    1153.9325
    1474    1127.4768
    1475    1119.3571
    1476    1128.9019
    1477    1150.0694
    1478    1173.8893
    1479    1191.7365
    1480    1198.3087
    1481    1193.2923
    1482    1181.1069
    1483    1168.7137
    1484    1162.4038
    1485    1165.2482
    1486    1176.4750
    1487    1192.5799
    1488    1209.0113
    1489    1221.4851
    1490    1226.7874
    1491    1223.4550
    1492    1212.2912
    1493    1196.1705
    1494    1178.9941
    1495    1164.3010
    1496    1154.1374
    1497    1148.5406
    1498    1145.7209
    1499    1142.8189
    1500    1136.9684
    1501    1126.3229
    1502    1110.7241
    1503    1091.7989
    1504    1072.4534
    1505    1055.9353
    1506    1044.7980
    1507    1040.1297
    1508    1041.3020
    1509    1046.3035
    1510    1052.5403
    1511    1057.8529
    1512    1061.4066
    1513    1064.0976
    1514    1068.2470
    1515    1076.6352
    1516    1091.2251
    1517    1112.1283
    1518    1137.3046
    1519    1163.0657
    1520    1184.9575
    1521    1198.6284
    1522    1200.8847
    1523    1191.0536
    1524    1171.8350
    1525    1148.6850
    1526    1127.8805
    1527    1114.3410
    1528    1110.2487
    1529    1114.8723
    1530    1125.3961
    1531    1138.2269
    1532    1150.2328
    1533    1159.5418
    1534    1165.7543
    1535    1169.6405
    1536    1172.5338
    1537    1175.6867
    1538    1179.7999
    1539    1184.8428
    1540    1190.1436
    1541    1194.6343
    1542    1197.0974
    1543    1196.3372
    1544    1191.3249
    1545    1181.4413
    1546    1166.8673
    1547    1149.0005
    1548    1130.6214
    1549    1115.5513
    1550    1107.6982
    1551    1109.6936
    1552    1121.6077
    1553    1140.3545
    1554    1160.2366
    1555    1174.6393
    1556    1178.3676
    1557    1169.7454
    1558    1151.5542
    1559    1130.3115
    1560    1114.0876
    1561    1109.6642
    1562    1120.0588
    1563    1143.3003
    1564    1172.9513
    1565    1200.2810
    1566    1217.3706
    1567    1219.9807
    1568    1209.0533
    1569    1190.2116
    1570    1171.4444
    1571    1159.9192
    1572    1159.2168
    1573    1168.1481
    1574    1181.7775
    1575    1194.2774
    1576    1201.5532
    1577    1201.0800
    1578    1190.6127
    1579    1170.0867
    1580    1144.5402
    1581    1123.2175
    1582    1115.5091
    1583    1126.8705
    1584    1156.5504
    1585    1197.6633
    1586    1239.4303
    1587    1270.8073
    1588    1284.2172
    1589    1278.0092
    1590    1256.7219
    1591    1229.0983
    1592    1204.6788
    1593    1190.3250
    1594    1187.9700
    1595    1194.3527
    1596    1202.7123
    1597    1205.6782
    1598    1198.1940
    1599    1179.3835
    1600    1152.7860
    1601    1125.0555
    1602    1103.7503
    1603    1095.0260
    1604    1101.9127
    1605    1123.5819
    1606    1155.6810
    1607    1191.5549
    1608    1223.9425
    1609    1246.6797
    1610    1255.9727
    1611    1250.9754
    1612    1233.6094
    1613    1207.7591
    1614    1178.0928
    1615    1148.8870
    1616    1123.3445
    1617    1103.8405
    1618    1092.7239
    1619    1091.7395
    1620    1098.9355
    1621    1107.3801
    1622    1109.3986
    1623    1101.6123
    1624    1086.2764
    1625    1069.7123
    1626    1059.6367
    1627    1062.4042
    1628    1080.8902
    1629    1113.5433
    1630    1154.7594
    1631    1196.3123
    1632    1229.3052
    1633    1246.2276
    1634    1242.9026
    1635    1220.0314
    1636    1183.7046
    1637    1144.2195
    1638    1113.0238
    1639    1098.6967
    1640    1103.9394
    1641    1125.1180
    1642    1154.1304
    1643    1181.2889
    1644    1198.2346
    1645    1200.3416
    1646    1188.1068
    1647    1167.0811
    1648    1146.2420
    1649    1135.2121
    1650    1141.1118
    1651    1166.0155
    1652    1205.8696
    1653    1251.3351
    1654    1290.4327
    1655    1312.2205
    1656    1310.3077
    1657    1284.9769
    1658    1243.1268
    1659    1196.0221
    1660    1155.6648
    1661    1131.0657
    1662    1125.6122
    1663    1136.2872
    1664    1154.9124
    1665    1171.0335
    1666    1175.5480
    1667    1163.9171
    1668    1137.8885
    1669    1105.1113
    1670    1076.7373
    1671    1063.7603
    1672    1073.2807
    1673    1105.9211
    1674    1155.2985
    1675    1209.8058
    1676    1256.2073
    1677    1283.8168
    1678    1287.7857
    1679    1270.4196
    1680    1240.2096
    1681    1208.9397
    1682    1187.7122
    1683    1183.1682
    1684    1195.2316
    1685    1217.2147
    1686    1238.2313
    1687    1247.0342
    1688    1235.9322
    1689    1203.5152
    1690    1155.4293
    1691    1103.1129
    1692    1060.7205
    1693    1040.4396
    1694    1047.1845
    1695    1075.7351
    1696    1113.0807
    1697    1144.3666
    1698    1158.4750
    1699    1151.1943
    1700    1125.8167
    1701    1091.4860
    1702    1059.9039
    1703    1041.4465
    1704    1041.9535
    1705    1061.1840
    1706    1093.3417
    1707    1129.3508
    1708    1159.9838
    1709    1178.7367
    1710    1183.5549
    1711    1177.0048
    1712    1165.0189
    1713    1154.7243
    1714    1152.0655
    1715    1159.9981
    1716    1177.8686
    1717    1202.0586
    1718    1227.3694
    1719    1248.4922
    1720    1261.1888
    1721    1263.0544
    1722    1253.8362
    1723    1235.3554
    1724    1211.1245
    1725    1185.7191
    1726    1163.9267
    1727    1149.7201
    1728    1145.2266
    1729    1149.9973
    1730    1160.8989
    1731    1172.8138
    1732    1180.0879
    1733    1178.3805
    1734    1166.3315
    1735    1146.3711
    1736    1124.2503
    1737    1107.3630
    1738    1102.3801
    1739    1112.8924
    1740    1137.7684
    1741    1170.8461
    1742    1202.3044
    1743    1221.5007
    1744    1220.4286
    1745    1196.5975
    1746    1154.2472
    1747    1103.3770
    1748    1056.8289
    1749    1026.3573
    1750    1018.9617
    1751    1034.6698
    1752    1066.5025
    1753    1102.6900
    1754    1130.4948
    1755    1140.4473
    1756    1129.6088
    1757    1102.7404
    1758    1070.9017
    1759    1047.8522
    1760    1045.3526
    1761    1068.9161
    1762    1115.5205
    1763    1174.2146
    1764    1229.5301
    1765    1266.5332
    1766    1275.7347
    1767    1256.1597
    1768    1215.5546
    1769    1167.6924
    1770    1127.7115
    1771    1107.0783
    1772    1109.8937
    1773    1131.8054
    1774    1161.8727
    1775    1186.6775
    1776    1195.1901
    1777    1182.6584
    1778    1152.1754
    1779    1113.4327
    1780    1079.1843
    1781    1060.7788
    1782    1064.3813
    1783    1089.1579
    1784    1127.8799
    1785    1169.5237
    1786    1202.8395
    1787    1219.7125
    1788    1217.3415
    1789    1198.6907
    1790    1171.1829
    1791    1144.1345
    1792    1125.8009
    1793    1120.9640
    1794    1129.7389
    1795    1147.8606
    1796    1168.2730
    1797    1183.4555
    1798    1187.7538
    1799    1179.0124
    1800    1159.0742
    1801    1133.0972
    1802    1107.9828
    1803    1090.4106
    1804    1085.0163
    1805    1093.1585
    1806    1112.5694
    1807    1137.9763
    1808    1162.5155
    1809    1179.5100
    1810    1184.0929
    1811    1174.2749
    1812    1151.2963
    1813    1119.2986
    1814    1084.4447
    1815    1053.6359
    1816    1032.9841
    1817    1026.2844
    1818    1033.8523
    1819    1052.1431
    1820    1074.4438
    1821    1092.6372
    1822    1099.6740
    1823    1092.0238
    1824    1071.2276
    1825    1043.8141
    1826    1019.3941
    1827    1007.4699
    1828    1014.0472
    1829    1039.2559
    1830    1076.8520
    1831    1115.9087
    1832    1144.2827
    1833    1152.7418
    1834    1138.2976
    1835    1105.4738
    1836    1064.9835
    1837    1030.2332
    1838    1012.8797
    1839    1018.9815
    1840    1047.0426
    1841    1088.5671
    1842    1130.8937
    1843    1161.3530
    1844    1171.3719
    1845    1159.2015
    1846    1130.4044
    1847    1095.9765
    1848    1068.7240
    1849    1059.0497
    1850    1071.4894
    1851    1103.1007
    1852    1144.2564
    1853    1181.6206
    1854    1202.3844
    1855    1198.3973
    1856    1168.8372
    1857    1120.5373
    1858    1065.8614
    1859    1018.8518
    1860     990.9627
    1861     987.7924
    1862    1007.8319
    1863    1043.5004
    1864    1083.9531
    1865    1118.6458
    1866    1140.4931
    1867    1147.6823
    1868    1143.6863
    1869    1135.5672
    1870    1131.1897
    1871    1136.2992
    1872    1152.4854
    1873    1176.7261
    1874    1202.5762
    1875    1222.4396
    1876    1230.0152
    1877    1222.0998
    1878    1199.2727
    1879    1165.4195
    1880    1126.4383
    1881    1088.6580
    1882    1057.4654
    1883    1036.4566
    1884    1027.1692
    1885    1029.2661
    1886    1040.9549
    1887    1059.4653
    1888    1081.5036
    1889    1103.6844
    1890    1122.9704
    1891    1137.1214
    1892    1145.0625
    1893    1147.0202
    1894    1144.2998
    1895    1138.7225
    1896    1131.9155
    1897    1124.7229
    1898    1116.9435
    1899    1107.4730
    1900    1094.8127
    1901    1077.8316
    1902    1056.5804
    1903    1032.8521
    1904    1010.1654
    1905     992.9921
    1906     985.4148
    1907     989.7346
    1908    1005.5951
    1909    1029.9255
    1910    1057.7532
    1911    1083.7068
    1912    1103.7637
    1913    1116.5845
    1914    1123.8317
    1915    1129.2477
    1916    1136.8060
    1917    1148.6734
    1918    1163.8450
    1919    1178.0885
    1920    1185.3485
    1921    1180.1580
    1922    1160.1140
    1923    1127.3553
    1924    1088.3407
    1925    1051.9311
    1926    1026.5245
    1927    1017.3560
    1928    1024.9554
    1929    1045.2496
    1930    1071.1872
    1931    1095.2841
    1932    1112.1989
    1933    1120.4408
    1934    1122.6158
    1935    1124.1323
    1936    1130.8530
    1937    1146.5752
    1938    1171.2899
    1939    1200.8570
    1940    1228.2183
    1941    1245.7539
    1942    1247.9724
    1943    1233.5877
    1944    1206.2054
    1945    1173.3208
    1946    1143.9567
    1947    1125.7518
    1948    1122.4757
    1949    1132.7725
    1950    1150.5871
    1951    1167.2080
    1952    1174.3119
    1953    1166.9272
    1954    1145.2159
    1955    1114.3910
    1956    1082.8292
    1957    1059.0739
    1958    1048.7896
    1959    1052.7143
    1960    1066.4473
    1961    1082.3271
    1962    1092.7160
    1963    1093.2105
    1964    1084.3540
    1965    1071.2156
    1966    1061.1021
    1967    1060.3907
    1968    1071.7734
    1969    1093.0252
    1970    1117.8057
    1971    1138.1680
    1972    1147.7554
    1973    1144.3561
    1974    1130.7729
    1975    1113.6643
    1976    1100.8366
    1977    1098.0479
    1978    1106.5589
    1979    1122.4500
    1980    1138.0984
    1981    1145.2921
    1982    1138.6978
    1983    1118.2530
    1984    1089.5649
    1985    1062.0902
    1986    1045.6795
    1987    1046.7397
    1988    1065.5567
    1989    1095.9519
    1990    1127.5172
    1991    1149.5485
    1992    1155.0881
    1993    1143.4206
    1994    1120.0462
    1995    1094.1761
    1996    1074.8220
    1997    1067.0994
    1998    1070.2347
    1999    1078.0448
    2000    1081.6330
