#Frame              T
       1    1070.6197
       2    1032.3940
       3    1230.7323
       4    1048.1983
       5     992.2068
       6    1057.2810
       7    1043.8151
       8    1074.8954
       9    1032.5199
      10     992.4382
      11     952.0454
      12     919.3140
      13     980.7205
      14     885.1911
      15     999.0254
      16     949.0318
      17     939.5266
      18     948.4773
      19     867.8764
      20     933.0773
      21     950.5242
      22     902.7277
      23     849.7460
      24     853.0471
      25     888.1059
      26     797.3577
      27     885.3428
      28     798.2162
      29     858.0949
      30     853.8769
      31     759.3107
      32     847.8032
      33     793.7930
      34     826.1537
      35     849.9894
      36     843.8193
      37     855.0417
      38     773.8794
      39     751.2278
      40     790.2392
      41     798.5621
      42     846.7600
      43     819.6206
      44     762.3887
      45     729.9858
      46     740.5299
      47     778.6319
      48     771.7917
      49     780.1398
      50     744.9581
      51     716.6057
      52     684.0899
      53     644.1464
      54     663.3354
      55     716.4225
      56     760.5344
      57     741.6148
      58     731.7730
      59     751.9886
      60     715.9325
      61     676.3794
      62     675.5606
      63     725.7365
      64     692.3991
      65     685.0843
      66     683.3518
      67     662.3124
      68     673.8331
      69     673.3223
      70     732.3389
      71     654.8711
      72     731.0028
      73     664.8630
      74     616.3223
      75     596.2303
      76     705.8536
      77     658.3872
      78     702.6704
      79     644.5953
      80     669.5662
      81     666.7282
      82     634.7858
      83     681.5079
      84     635.1136
      85     638.5645
      86     644.8203
      87     640.4412
      88     636.1367
      89     630.9382
      90     677.9245
      91     606.6767
      92     584.4171
      93     655.6670
      94     625.9744
      95     646.8103
      96     578.1787
      97     698.6427
      98     558.2715
      99     619.4260
     100     535.0081
     101     567.9620
     102     579.6367
     103     631.3102
     104     621.3431
     105     572.2049
     106     619.6628
     107     563.6009
     108     630.4397
     109     571.3650
     110     606.1339
     111     519.3009
     112     556.1278
     113     596.1951
     114     502.6344
     115     557.1140
     116     562.0238
     117     600.6715
     118     563.5871
     119     552.8046
     120     555.5074
     121     561.8460
     122     536.9258
     123     573.8465
     124     567.2746
     125     619.6031
     126     608.0705
     127     530.0603
     128     534.3983
     129     565.5199
     130     579.6442
     131     593.1950
     132     509.1263
     133     443.4585
     134     503.8496
     135     546.5740
     136     513.1100
     137     481.9129
     138     535.2545
     139     534.4276
     140     487.7727
     141     514.2201
     142     518.9350
     143     524.8503
     144     498.5548
     145     518.4896
     146     472.4531
     147     549.1973
     148     541.5449
     149     516.3567
     150     523.1417
     151     515.3126
     152     512.0008
     153     489.4079
     154     512.0640
     155     503.2139
     156     551.0327
     157     563.8330
     158     592.0250
     159     572.4168
     160     502.0459
     161     548.9545
     162     505.2553
     163     556.1997
     164     500.9233
     165     502.5882
     166     471.6336
     167     524.9777
     168     546.1979
     169     541.3328
     170     523.5707
     171     512.6448
     172     530.6211
     173     502.8975
     174     465.4158
     175     489.5345
     176     472.8278
     177     463.7083
     178     439.5047
     179     462.9186
     180     510.2059
     181     491.8266
     182     499.5554
     183     472.4705
     184     535.8168
     185     487.3624
     186     497.5419
     187     508.5136
     188     479.8619
     189     471.9408
     190     446.2012
     191     464.5126
     192     489.5375
     193     511.7322
     194     514.5633
     195     447.5095
     196     511.6257
     197     445.4270
     198     470.1471
     199     463.9081
     200     526.1949
     201     491.9450
     202     469.0808
     203     482.9000
     204     475.4397
     205     443.2952
     206     439.1870
     207     469.8738
     208     489.5532
     209     503.4908
     210     446.4950
     211     492.7978
     212     459.2492
     213     474.2518
     214     499.8726
     215     465.4082
     216     454.8843
     217     478.1321
     218     448.8119
     219     457.5737
     220     478.6889
     221     439.9926
     222     436.6882
     223     504.5678
     224     506.0421
     225     482.9741
     226     440.2342
     227     442.2070
     228     481.9064
     229     433.2572
     230     429.4969
     231     390.6973
     232     425.8384
     233     428.7300
     234     414.3444
     235     396.8388
     236     387.0532
     237     444.2689
     238     463.7877
     239     436.9673
     240     467.4711
     241     403.2330
     242     445.9386
     243     412.1167
     244     402.1544
     245     437.6266
     246     404.4620
     247     409.8850
     248     399.0997
     249     464.2124
     250     393.3538
     251     431.7919
     252     442.5196
     253     441.8953
     254     472.3187
     255     415.4605
     256     435.3957
     257     420.9220
     258     436.2128
     259     466.0161
     260     448.8857
     261     413.6342
     262     444.3322
     263     441.2012
     264     421.4514
     265     420.2377
     266     415.0829
     267     411.0812
     268     387.7737
     269     440.6077
     270     437.0503
     271     432.1182
     272     428.9611
     273     441.9175
     274     403.6351
     275     411.5215
     276     413.3180
     277     441.3081
     278     398.8525
     279     390.3354
     280     423.4615
     281     415.6371
     282     394.6780
     283     362.6209
     284     408.3772
     285     408.4807
     286     393.7886
     287     394.5462
     288     384.8201
     289     407.3689
     290     396.0074
     291     387.5281
     292     377.4906
     293     378.8482
     294     431.1328
     295     448.4666
     296     363.9845
     297     371.6534
     298     376.5314
     299     350.2763
     300     417.5176
     301     385.3891
     302     386.3945
     303     376.7401
     304     403.3255
     305     396.5901
     306     389.6924
     307     402.3208
     308     398.3786
     309     386.1709
     310     404.4825
     311     416.9139
     312     367.2213
     313     383.9188
     314     395.7502
     315     401.7205
     316     382.6351
     317     390.8478
     318     367.5623
     319     381.0771
     320     414.7646
     321     396.6792
     322     420.4374
     323     397.7349
     324     417.8864
     325     373.1760
     326     358.1386
     327     394.2961
     328     390.3473
     329     412.7361
     330     372.9009
     331     380.8763
     332     360.9876
     333     372.9422
     334     380.2399
     335     371.3793
     336     359.6074
     337     394.0793
     338     363.9677
     339     405.3401
     340     375.0294
     341     428.1967
     342     398.3207
     343     388.0338
     344     374.9224
     345     329.8090
     346     351.1921
     347     339.8064
     348     366.0723
     349     369.4455
     350     342.8494
     351     371.4679
     352     355.5193
     353     378.9064
     354     341.3413
     355     374.0172
     356     331.4655
     357     342.6792
     358     355.0261
     359     341.0798
     360     402.8245
     361     344.3154
     362     346.7558
     363     365.1127
     364     374.3808
     365     372.3608
     366     377.2888
     367     361.2636
     368     351.5745
     369     361.4891
     370     338.4940
     371     341.5993
     372     392.9584
     373     352.7655
     374     366.6583
     375     332.7398
     376     357.9140
     377     323.9523
     378     341.0728
     379     332.8251
     380     324.1212
     381     338.6877
     382     334.1547
     383     335.3636
     384     342.1804
     385     334.0503
     386     318.5794
     387     376.1762
     388     322.9403
     389     340.5059
     390     315.1879
     391     313.4964
     392     335.3117
     393     342.7234
     394     286.9693
     395     338.3177
     396     330.8231
     397     371.7423
     398     327.5084
     399     334.4203
     400     327.1289
