#Frame              T
       1    2979.7629
       2    2848.0272
       3    2634.2589
       4    2385.1985
       5    2150.9170
       6    1970.4242
       7    1861.5715
       8    1817.9826
       9    1813.1928
      10    1811.2255
      11    1781.1857
      12    1709.8354
      13    1606.4492
      14    1498.7305
      15    1422.1002
      16    1406.4108
      17    1464.6864
      18    1587.7275
      19    1746.3480
      20    1900.3411
      21    2010.9709
      22    2052.7030
      23    2020.3111
      24    1929.2271
      25    1809.3744
      26    1694.8872
      27    1613.3808
      28    1578.3801
      29    1587.1692
      30    1624.2398
      31    1668.5237
      32    1701.4452
      33    1712.8948
      34    1703.2995
      35    1681.5841
      36    1660.3512
      37    1650.4304
      38    1656.9222
      39    1677.9997
      40    1706.5040
      41    1733.2802
      42    1750.6562
      43    1754.4544
      44    1743.7874
      45    1719.5525
      46    1683.3390
      47    1637.3381
      48    1584.7283
      49    1530.0650
      50    1479.4271
      51    1439.9293
      52    1418.3467
      53    1419.0586
      54    1441.9970
      55    1481.5191
      56    1526.9768
      57    1565.2594
      58    1584.7661
      59    1579.5223
      60    1551.8638
      61    1512.4572
      62    1477.2699
      63    1462.2413
      64    1477.3963
      65    1522.5902
      66    1586.6597
      67    1650.5888
      68    1693.7733
      69    1701.2443
      70    1669.2510
      71    1607.1605
      72    1535.0175
      73    1477.6215
      74    1456.3566
      75    1479.9522
      76    1538.7821
      77    1608.5324
      78    1660.6123
      79    1672.7555
      80    1636.6212
      81    1560.7545
      82    1467.9318
      83    1387.5373
      84    1345.4230
      85    1354.8026
      86    1411.4922
      87    1495.2830
      88    1576.9796
      89    1628.5803
      90    1632.9714
      91    1589.6760
      92    1514.5855
      93    1433.8372
      94    1374.2460
      95    1353.9682
      96    1376.7534
      97    1431.5650
      98    1497.3477
      99    1550.9960
     100    1575.6011
     101    1566.0738
     102    1530.2955
     103    1485.6092
     104    1452.1230
     105    1445.3422
     106    1470.7650
     107    1522.2480
     108    1584.4981
     109    1638.5811
     110    1668.3639
     111    1665.6720
     112    1632.5188
     113    1579.8324
     114    1523.2499
     115    1477.5197
     116    1451.6549
     117    1446.7365
     118    1456.9462
     119    1472.9486
     120    1486.0170
     121    1491.3103
     122    1489.1674
     123    1484.0907
     124    1482.0700
     125    1487.5976
     126    1501.7125
     127    1521.7051
     128    1542.3043
     129    1557.6798
     130    1563.4431
     131    1557.9269
     132    1542.3528
     133    1519.9508
     134    1494.4964
     135    1468.9175
     136    1444.5973
     137    1421.6733
     138    1400.1328
     139    1381.0552
     140    1367.2757
     141    1363.0421
     142    1372.7251
     143    1399.0543
     144    1441.5659
     145    1495.9000
     146    1554.3070
     147    1607.3214
     148    1646.1483
     149    1665.0393
     150    1662.8729
     151    1643.3689
     152    1613.8173
     153    1582.6965
     154    1556.9845
     155    1540.1104
     156    1531.2769
     157    1526.3799
     158    1520.1188
     159    1508.4474
     160    1490.4164
     161    1468.7148
     162    1448.7279
     163    1436.4812
     164    1436.2583
     165    1448.7791
     166    1470.6151
     167    1495.0869
     168    1514.3787
     169    1522.1632
     170    1515.7974
     171    1497.2045
     172    1471.9898
     173    1447.1185
     174    1428.3466
     175    1418.6780
     176    1418.1613
     177    1424.5597
     178    1434.4197
     179    1444.2617
     180    1451.5922
     181    1455.4107
     182    1456.0697
     183    1454.6225
     184    1452.0422
     185    1448.7170
     186    1444.4323
     187    1438.7883
     188    1431.7874
     189    1424.2758
     190    1418.0170
     191    1415.2662
     192    1417.8869
     193    1426.4072
     194    1439.6330
     195    1455.1396
     196    1470.3496
     197    1483.6990
     198    1495.4458
     199    1507.7155
     200    1523.5641
     201    1545.3157
     202    1572.8935
     203    1602.9615
     204    1629.3792
     205    1644.9721
     206    1644.0698
     207    1624.9145
     208    1590.9333
     209    1550.0594
     210    1512.0103
     211    1484.6912
     212    1471.6810
     213    1471.8212
     214    1480.3955
     215    1491.0381
     216    1497.7854
     217    1496.7720
     218    1487.1236
     219    1470.8268
     220    1451.7371
     221    1434.1438
     222    1421.4148
     223    1415.1104
     224    1414.7666
     225    1418.3204
     226    1423.0007
     227    1426.3248
     228    1426.7055
     229    1423.3893
     230    1416.2926
     231    1406.5239
     232    1397.1440
     233    1393.0047
     234    1399.3948
     235    1420.1123
     236    1455.6793
     237    1502.2464
     238    1551.6732
     239    1593.0712
     240    1615.6176
     241    1611.8162
     242    1580.1020
     243    1525.8100
     244    1460.0722
     245    1396.8790
     246    1349.1729
     247    1325.2065
     248    1326.3306
     249    1346.9520
     250    1376.6851
     251    1404.0192
     252    1420.3031
     253    1422.7233
     254    1415.2304
     255    1407.0133
     256    1408.9762
     257    1429.3935
     258    1470.2904
     259    1525.9215
     260    1584.0151
     261    1629.4679
     262    1649.2649
     263    1636.9522
     264    1595.0989
     265    1534.8448
     266    1472.6115
     267    1425.0506
     268    1403.9229
     269    1412.6272
     270    1445.4954
     271    1490.0017
     272    1531.0640
     273    1555.9670
     274    1558.2778
     275    1539.4865
     276    1507.8862
     277    1475.1835
     278    1452.1065
     279    1444.5947
     280    1451.8820
     281    1467.0844
     282    1479.9733
     283    1480.8578
     284    1464.1438
     285    1430.3726
     286    1386.1581
     287    1342.1786
     288    1309.9489
     289    1298.4135
     290    1311.3619
     291    1346.4084
     292    1395.7900
     293    1448.6603
     294    1494.0562
     295    1523.5688
     296    1533.0087
     297    1522.8012
     298    1497.2460
     299    1463.0252
     300    1427.4279
     301    1396.7191
     302    1374.9816
     303    1363.6134
     304    1361.5279
     305    1365.9490
     306    1373.5527
     307    1381.6206
     308    1388.8757
     309    1395.7485
     310    1403.9688
     311    1415.5843
     312    1431.7740
     313    1451.9796
     314    1473.7820
     315    1493.6391
     316    1508.1306
     317    1514.8290
     318    1512.0267
     319    1498.0719
     320    1472.1615
     321    1436.4284
     322    1396.9097
     323    1362.0772
     324    1339.8536
     325    1334.7327
     326    1346.2225
     327    1369.1196
     328    1395.4480
     329    1417.3375
     330    1429.7936
     331    1432.3658
     332    1429.0977
     333    1426.7496
     334    1431.8990
     335    1447.9957
     336    1473.5743
     337    1502.4346
     338    1525.7935
     339    1535.5676
     340    1527.5133
     341    1503.0687
     342    1469.2217
     343    1436.3930
     344    1414.9944
     345    1411.8181
     346    1427.5222
     347    1456.1369
     348    1486.8185
     349    1507.3045
     350    1507.9453
     351    1484.9685
     352    1441.8320
     353    1388.1731
     354    1336.6670
     355    1298.8887
     356    1281.6193
     357    1284.9170
     358    1302.6133
     359    1324.9895
     360    1342.6065
     361    1349.8815
     362    1347.1594
     363    1340.5858
     364    1339.8435
     365    1354.5118
     366    1390.2712
     367    1446.2384
     368    1514.4191
     369    1581.5810
     370    1633.0324
     371    1657.0608
     372    1648.5277
     373    1610.4265
     374    1552.9409
     375    1490.3737
     376    1436.9934
     377    1403.1158
     378    1392.6092
     379    1402.4798
     380    1424.4888
     381    1448.1490
     382    1464.1045
     383    1466.8738
     384    1456.1870
     385    1436.5974
     386    1415.5919
     387    1400.8626
     388    1397.6114
     389    1406.7183
     390    1424.3067
     391    1442.8445
     392    1453.4424
     393    1448.6318
     394    1424.7496
     395    1383.1792
     396    1330.0897
     397    1274.8007
     398    1227.3110
     399    1195.7496
     400    1184.4913
     401    1193.4332
     402    1218.5338
     403    1253.3018
     404    1290.6881
     405    1324.8133
     406    1352.1192
     407    1371.7580
     408    1385.2350
     409    1395.5045
     410    1405.8068
     411    1418.5574
     412    1434.5121
     413    1452.3230
     414    1468.5926
     415    1478.5988
     416    1477.7423
     417    1463.3165
     418    1435.8417
     419    1399.4036
     420    1360.8603
     421    1328.1314
     422    1307.9987
     423    1304.0115
     424    1315.1608
     425    1335.8907
     426    1357.6731
     427    1371.8123
     428    1372.5773
     429    1359.4670
     430    1337.6536
     431    1316.3076
     432    1305.3466
     433    1311.7693
     434    1336.9170
     435    1375.6932
     436    1418.0767
     437    1452.4247
     438    1469.4261
     439    1465.3148
     440    1443.1897
     441    1411.9110
     442    1382.8945
     443    1365.9032
     444    1365.3626
     445    1378.6141
     446    1396.8615
     447    1408.5463
     448    1403.9342
     449    1379.1480
     450    1338.0629
     451    1291.2752
     452    1252.4752
     453    1233.5748
     454    1240.4480
     455    1270.8748
     456    1315.3622
     457    1360.4390
     458    1393.2015
     459    1405.5348
     460    1396.6002
     461    1372.7999
     462    1345.3310
     463    1326.2372
     464    1324.3442
     465    1342.4265
     466    1376.4993
     467    1417.3583
     468    1453.7524
     469    1476.0555
     470    1479.2500
     471    1464.3447
     472    1437.8933
     473    1409.8323
     474    1390.3172
     475    1386.5246
     476    1400.4182
     477    1428.1544
     478    1461.2930
     479    1489.3970
     480    1503.2032
     481    1497.4143
     482    1472.3150
     483    1433.7734
     484    1391.6498
     485    1357.0790
     486    1339.3662
     487    1343.3361
     488    1367.8444
     489    1405.8937
     490    1446.4176
     491    1477.3611
     492    1489.2150
     493    1477.8763
     494    1445.8685
     495    1401.5057
     496    1356.2924
     497    1321.4095
     498    1304.3921
     499    1306.9495
     500    1324.4945
     501    1347.6134
     502    1365.3148
     503    1369.1254
     504    1356.5207
     505    1332.4318
     506    1308.0653
     507    1296.6134
     508    1307.3804
     509    1342.3167
     510    1396.4829
     511    1460.0097
     512    1520.2144
     513    1564.2850
     514    1582.4177
     515    1570.4836
     516    1531.2650
     517    1473.7827
     518    1410.8602
     519    1355.6286
     520    1318.0059
     521    1302.1996
     522    1305.9667
     523    1321.8159
     524    1339.7264
     525    1350.5059
     526    1348.7310
     527    1334.3710
     528    1312.6168
     529    1291.9714
     530    1281.2071
     531    1286.1393
     532    1307.2684
     533    1339.1104
     534    1371.5539
     535    1392.9552
     536    1394.0431
     537    1371.2994
     538    1328.5319
     539    1275.9802
     540    1227.2374
     541    1195.0694
     542    1187.5652
     543    1205.9112
     544    1244.4731
     545    1293.0590
     546    1340.4769
     547    1378.1111
     548    1402.3449
     549    1415.1595
     550    1422.7701
     551    1432.7483
     552    1450.6118
     553    1477.2072
     554    1507.9553
     555    1534.2096
     556    1546.1474
     557    1536.1785
     558    1501.7717
     559    1446.7690
     560    1380.7134
     561    1316.3450
     562    1266.0745
     563    1238.5825
     564    1236.6359
     565    1256.7543
     566    1290.7131
     567    1328.2862
     568    1360.3050
     569    1381.0971
     570    1389.6026
     571    1388.9205
     572    1384.5380
     573    1381.9388
     574    1384.4854
     575    1392.3188
     576    1402.5765
     577    1410.7102
     578    1412.3429
     579    1405.0005
     580    1389.1634
     581    1368.3002
     582    1347.8807
     583    1333.7227
     584    1330.2699
     585    1339.4192
     586    1360.2235
     587    1389.3814
     588    1422.1778
     589    1453.5315
     590    1478.9334
     591    1495.2804
     592    1501.8049
     593    1500.9463
     594    1497.4943
     595    1494.5080
     596    1490.5778
     597    1482.9944
     598    1471.4459
     599    1457.8990
     600    1444.7461
     601    1433.3859
     602    1423.7653
     603    1414.7708
     604    1405.1407
     605    1394.3919
     606    1383.2857
     607    1373.6282
     608    1367.5291
     609    1366.4242
     610    1370.2157
     611    1376.8917
     612    1382.8794
     613    1384.0958
     614    1377.3520
     615    1361.5745
     616    1338.3562
     617    1311.6068
     618    1286.4038
     619    1267.4536
     620    1257.7089
     621    1257.6415
     622    1265.3953
     623    1277.6849
     624    1291.0058
     625    1302.6671
     626    1311.3275
     627    1316.9871
     628    1320.5941
     629    1323.4922
     630    1326.9050
     631    1331.5633
     632    1337.5112
     633    1344.1106
     634    1350.2646
     635    1354.8476
     636    1357.1952
     637    1357.4329
     638    1356.4799
     639    1355.7392
     640    1356.6478
     641    1360.2859
     642    1367.1926
     643    1377.3940
     644    1390.5307
     645    1405.9359
     646    1422.5677
     647    1438.7953
     648    1452.2288
     649    1459.9475
     650    1459.3022
     651    1448.9520
     652    1429.5109
     653    1403.4354
     654    1374.2519
     655    1345.5237
     656    1319.9801
     657    1299.0961
     658    1283.1589
     659    1271.6843
     660    1263.9481
     661    1259.4512
     662    1258.1949
     663    1260.7055
     664    1267.7989
     665    1280.1552
     666    1297.8526
     667    1320.0583
     668    1344.9991
     669    1370.2277
     670    1393.0618
     671    1411.0584
     672    1422.4200
     673    1426.2909
     674    1422.9206
     675    1413.6909
     676    1401.0133
     677    1388.0708
     678    1378.3310
     679    1374.7928
     680    1379.0803
     681    1390.7163
     682    1406.9828
     683    1423.5968
     684    1436.0334
     685    1440.9880
     686    1437.4396
     687    1426.9445
     688    1413.0747
     689    1400.1653
     690    1391.7591
     691    1389.2807
     692    1391.3941
     693    1394.3216
     694    1393.0646
     695    1383.1760
     696    1362.5257
     697    1332.4545
     698    1297.8662
     699    1266.1230
     700    1244.9903
     701    1240.2400
     702    1253.7513
     703    1282.8523
     704    1321.1559
     705    1360.5128
     706    1393.3787
     707    1414.8451
     708    1423.7535
     709    1422.5954
     710    1416.2929
     711    1410.3189
     712    1408.8178
     713    1413.3310
     714    1422.4891
     715    1432.6722
     716    1439.3811
     717    1438.8862
     718    1429.5971
     719    1412.5530
     720    1390.7669
     721    1368.0269
     722    1348.1260
     723    1334.5697
     724    1330.0997
     725    1335.8924
     726    1350.8444
     727    1371.4033
     728    1392.1353
     729    1406.9654
     730    1410.7924
     731    1401.0344
     732    1378.6248
     733    1348.0857
     734    1316.5419
     735    1291.8571
     736    1280.3861
     737    1285.0128
     738    1304.1171
     739    1331.8857
     740    1359.9591
     741    1379.9641
     742    1386.1393
     743    1377.1806
     744    1356.6576
     745    1331.8267
     746    1311.2205
     747    1301.8228
     748    1306.7821
     749    1324.4401
     750    1348.9695
     751    1372.3566
     752    1387.0340
     753    1388.2838
     754    1375.6549
     755    1352.9893
     756    1327.1054
     757    1305.6027
     758    1294.5102
     759    1296.5030
     760    1310.2153
     761    1330.8273
     762    1351.7209
     763    1366.6530
     764    1371.7398
     765    1366.5840
     766    1354.2078
     767    1339.8417
     768    1329.0287
     769    1325.7137
     770    1330.9722
     771    1342.7709
     772    1356.7784
     773    1367.8885
     774    1371.9097
     775    1366.8574
     776    1353.4601
     777    1334.7729
     778    1315.0579
     779    1298.2791
     780    1286.6969
     781    1280.1408
     782    1276.3575
     783    1272.3018
     784    1265.6784
     785    1255.9493
     786    1244.4341
     787    1233.6108
     788    1226.0498
     789    1223.4676
     790    1226.2557
     791    1233.5941
     792    1244.0159
     793    1256.1313
     794    1269.1586
     795    1283.0255
     796    1298.0068
     797    1314.0940
     798    1330.4384
     799    1345.2143
     800    1356.0662
     801    1361.0046
     802    1359.3483
     803    1352.2587
     804    1342.5939
     805    1334.1261
     806    1330.4065
     807    1333.6923
     808    1344.2950
     809    1360.5251
     810    1379.2181
     811    1396.6976
     812    1409.9473
     813    1417.6359
     814    1420.5770
     815    1421.3355
     816    1423.0836
     817    1428.1924
     818    1437.1534
     819    1448.2679
     820    1458.1887
     821    1463.0737
     822    1459.8870
     823    1447.3740
     824    1426.3907
     825    1399.5447
     826    1370.3505
     827    1342.2395
     828    1317.7685
     829    1298.2432
     830    1283.8030
     831    1273.8531
     832    1267.6349
     833    1264.7074
     834    1265.1624
     835    1269.5159
     836    1278.3226
     837    1291.6620
     838    1308.7092
     839    1327.5975
     840    1345.7101
     841    1360.3471
     842    1369.5283
     843    1372.6048
     844    1370.4344
     845    1365.0424
     846    1358.8846
     847    1353.9438
     848    1350.9631
     849    1349.0707
     850    1345.9667
     851    1338.6782
     852    1324.7048
     853    1303.2064
     854    1275.7843
     855    1246.4853
     856    1220.9019
     857    1204.5914
     858    1201.3180
     859    1211.7386
     860    1233.0277
     861    1259.6423
     862    1285.0152
     863    1303.6333
     864    1312.7828
     865    1313.3299
     866    1309.2353
     867    1305.9567
     868    1308.3131
     869    1318.5936
     870    1335.6362
     871    1355.2094
     872    1371.5505
     873    1379.5038
     874    1376.5327
     875    1363.8532
     876    1345.9402
     877    1328.3539
     878    1315.4879
     879    1309.8439
     880    1312.2246
     881    1321.8304
     882    1336.3736
     883    1352.4483
     884    1366.0728
     885    1373.2757
     886    1370.7438
     887    1356.5699
     888    1330.9940
     889    1296.8625
     890    1259.4668
     891    1225.6148
     892    1202.0528
     893    1193.5856
     894    1201.4400
     895    1222.5694
     896    1250.3791
     897    1276.7668
     898    1294.8022
     899    1301.0984
     900    1297.0152
     901    1288.2174
     902    1282.6481
     903    1287.5464
     904    1306.5352
     905    1337.8905
     906    1374.7011
     907    1406.9375
     908    1424.7369
     909    1421.7770
     910    1397.5565
     911    1357.7653
     912    1312.5700
     913    1273.3885
     914    1249.2436
     915    1243.9635
     916    1255.1800
     917    1275.4197
     918    1294.8274
     919    1304.5284
     920    1299.5026
     921    1280.0961
     922    1251.7827
     923    1223.3242
     924    1203.9276
     925    1200.2747
     926    1214.4075
     927    1243.2402
     928    1279.8591
     929    1315.9703
     930    1344.4752
     931    1361.3220
     932    1366.2512
     933    1362.4044
     934    1355.0433
     935    1349.7817
     936    1350.8242
     937    1359.6695
     938    1374.6199
     939    1391.2186
     940    1403.5104
     941    1405.7656
     942    1394.1849
     943    1368.0831
     944    1330.2051
     945    1286.0798
     946    1242.6147
     947    1206.3500
     948    1181.8937
     949    1170.9427
     950    1172.0976
     951    1181.4259
     952    1193.5874
     953    1203.2079
     954    1206.1800
     955    1200.5978
     956    1187.1354
     957    1168.8147
     958    1150.2415
     959    1136.4967
     960    1131.9199
     961    1139.0388
     962    1157.8817
     963    1185.8345
     964    1218.1354
     965    1248.9600
     966    1272.9145
     967    1286.5817
     968    1289.6592
     969    1285.2303
     970    1278.9296
     971    1277.1045
     972    1284.5007
     973    1302.2529
     974    1326.9702
     975    1351.3806
     976    1366.4838
     977    1364.6081
     978    1342.3570
     979    1302.3325
     980    1252.8934
     981    1205.8783
     982    1172.9928
     983    1162.0467
     984    1174.3321
     985    1204.0693
     986    1240.1818
     987    1269.8869
     988    1282.9307
     989    1275.0384
     990    1249.3813
     991    1215.5110
     992    1186.0865
     993    1172.4948
     994    1180.8704
     995    1209.9073
     996    1251.2268
     997    1292.1617
     998    1320.0148
     999    1326.3526
    1000    1309.8740
    1001    1276.9032
    1002    1239.2272
    1003    1210.1706
    1004    1200.2004
    1005    1213.6084
    1006    1247.3386
    1007    1292.2372
    1008    1336.1675
    1009    1367.8516
    1010    1380.1681
    1011    1371.9180
    1012    1347.6516
    1013    1315.7875
    1014    1285.7655
    1015    1265.1807
    1016    1257.7449
    1017    1262.5814
    1018    1274.9293
    1019    1287.9230
    1020    1294.8707
    1021    1291.3391
    1022    1276.4600
    1023    1253.1285
    1024    1227.0934
    1025    1205.2594
    1026    1193.7283
    1027    1196.1458
    1028    1212.7994
    1029    1240.6739
    1030    1274.3970
    1031    1307.7398
    1032    1335.1938
    1033    1353.1582
    1034    1360.4557
    1035    1358.1363
    1036    1348.7480
    1037    1335.3838
    1038    1320.8174
    1039    1306.9617
    1040    1294.7223
    1041    1284.1816
    1042    1274.9436
    1043    1266.4671
    1044    1258.2857
    1045    1250.1163
    1046    1241.9219
    1047    1233.9598
    1048    1226.7790
    1049    1221.1506
    1050    1217.9333
    1051    1217.8714
    1052    1221.3010
    1053    1227.8023
    1054    1235.9628
    1055    1243.4478
    1056    1247.4841
    1057    1245.6685
    1058    1236.8496
    1059    1221.7664
    1060    1203.1560
    1061    1185.2034
    1062    1172.4509
    1063    1168.4770
    1064    1174.7748
    1065    1190.1933
    1066    1211.1513
    1067    1232.5872
    1068    1249.3825
    1069    1257.8503
    1070    1256.8532
    1071    1248.2030
    1072    1236.1449
    1073    1225.9793
    1074    1222.2196
    1075    1226.9267
    1076    1238.8700
    1077    1253.8900
    1078    1266.3973
    1079    1271.4789
    1080    1266.8454
    1081    1253.9013
    1082    1237.5305
    1083    1224.6688
    1084    1222.1395
    1085    1234.4517
    1086    1262.2188
    1087    1301.6795
    1088    1345.4800
    1089    1384.4999
    1090    1410.2187
    1091    1417.0007
    1092    1403.7067
    1093    1374.1461
    1094    1336.1230
    1095    1299.2412
    1096    1272.0838
    1097    1259.6603
    1098    1261.9768
    1099    1274.2399
    1100    1288.6681
    1101    1297.3269
    1102    1295.0267
    1103    1281.2526
    1104    1260.4071
    1105    1240.2166
    1106    1228.8615
    1107    1231.8813
    1108    1250.0026
    1109    1278.6960
    1110    1309.6303
    1111    1333.5217
    1112    1343.3597
    1113    1336.8355
    1114    1317.0910
    1115    1291.5422
    1116    1269.2594
    1117    1257.8768
    1118    1261.1374
    1119    1277.8991
    1120    1302.8808
    1121    1328.7869
    1122    1348.9496
    1123    1359.4585
    1124    1360.0115
    1125    1353.2771
    1126    1343.1708
    1127    1332.8821
    1128    1323.5180
    1129    1313.8886
    1130    1301.4270
    1131    1283.7480
    1132    1260.0886
    1133    1231.9603
    1134    1202.7203
    1135    1176.2752
    1136    1155.5411
    1137    1141.4155
    1138    1132.7816
    1139    1127.5429
    1140    1124.1620
    1141    1122.9185
    1142    1126.2287
    1143    1137.7902
    1144    1160.8608
    1145    1196.3670
    1146    1241.6793
    1147    1290.6914
    1148    1335.3538
    1149    1368.1925
    1150    1384.8544
    1151    1385.6584
    1152    1375.4850
    1153    1361.9597
    1154    1352.5464
    1155    1351.6212
    1156    1358.6370
    1157    1368.1275
    1158    1371.6468
    1159    1361.0337
    1160    1331.8511
    1161    1285.7179
    1162    1230.5913
    1163    1178.7636
    1164    1143.1527
    1165    1133.0758
    1166    1150.9232
    1167    1190.9096
    1168    1240.4676
    1169    1283.9842
    1170    1307.7140
    1171    1304.2174
    1172    1274.7808
    1173    1228.9674
    1174    1181.4271
    1175    1147.0289
    1176    1135.9588
    1177    1150.4358
    1178    1184.1583
    1179    1224.6633
    1180    1257.7985
    1181    1272.7841
    1182    1266.1293
    1183    1243.0291
    1184    1215.6922
    1185    1199.0950
    1186    1205.5702
    1187    1240.1099
    1188    1298.0958
    1189    1366.3300
    1190    1427.0650
    1191    1463.6670
    1192    1466.0345
    1193    1434.0388
    1194    1377.7359
    1195    1313.7882
    1196    1259.0536
    1197    1224.6389
    1198    1213.4352
    1199    1220.8918
    1200    1237.5431
    1201    1252.5477
    1202    1257.4366
    1203    1248.8504
    1204    1229.2783
    1205    1205.5920
    1206    1186.0267
    1207    1176.8793
    1208    1180.2830
    1209    1193.9025
    1210    1212.4774
    1211    1230.3308
    1212    1243.6485
    1213    1251.6132
    1214    1256.0547
    1215    1259.9210
    1216    1265.3537
    1217    1272.2952
    1218    1278.3051
    1219    1279.7073
    1220    1273.5353
    1221    1259.3478
    1222    1239.9976
    1223    1220.9068
    1224    1208.0606
    1225    1205.5186
    1226    1213.5052
    1227    1227.9615
    1228    1241.8740
    1229    1247.9477
    1230    1241.6063
    1231    1223.1150
    1232    1197.9557
    1233    1175.2449
    1234    1164.7084
    1235    1173.2743
    1236    1202.5050
    1237    1247.8356
    1238    1299.9211
    1239    1347.6145
    1240    1381.4828
    1241    1396.6262
    1242    1393.8625
    1243    1378.9406
    1244    1360.0996
    1245    1344.8778
    1246    1337.3515
    1247    1336.8212
    1248    1338.3919
    1249    1335.1867
    1250    1321.3365
    1251    1294.5798
    1252    1257.4854
    1253    1216.8852
    1254    1181.7965
    1255    1160.6262
    1256    1158.6295
    1257    1176.4053
    1258    1209.8263
    1259    1251.3561
    1260    1292.3296
    1261    1325.4235
    1262    1346.4250
    1263    1354.7044
    1264    1352.3913
    1265    1342.8255
    1266    1329.0290
    1267    1312.7877
    1268    1294.5474
    1269    1273.9600
    1270    1250.7255
    1271    1225.3840
    1272    1199.7781
    1273    1176.9470
    1274    1160.3751
    1275    1152.8638
    1276    1155.5462
    1277    1167.5261
    1278    1186.3107
    1279    1208.8155
    1280    1232.4221
    1281    1255.5763
    1282    1277.6668
    1283    1298.3071
    1284    1316.4672
    1285    1329.9838
    1286    1335.8249
    1287    1331.1149
    1288    1314.5507
    1289    1287.5908
    1290    1254.8449
    1291    1223.3409
    1292    1200.7586
    1293    1193.0839
    1294    1202.4454
    1295    1225.9994
    1296    1256.5025
    1297    1284.6038
    1298    1302.1149
    1299    1305.0217
    1300    1295.0324
    1301    1278.9827
    1302    1266.2187
    1303    1264.8844
    1304    1278.5159
    1305    1304.3071
    1306    1333.8033
    1307    1355.8312
    1308    1360.5872
    1309    1343.3561
    1310    1306.4694
    1311    1258.8032
    1312    1213.0052
    1313    1181.3914
    1314    1171.8132
    1315    1184.8954
    1316    1213.8790
    1317    1247.3644
    1318    1273.7299
    1319    1285.2177
    1320    1280.1757
    1321    1262.8868
    1322    1241.2944
    1323    1223.6190
    1324    1215.1689
    1325    1216.5538
    1326    1223.9371
    1327    1231.1040
    1328    1232.3113
    1329    1224.6651
    1330    1209.1295
    1331    1189.9544
    1332    1172.9297
    1333    1163.2456
    1334    1163.7689
    1335    1174.2936
    1336    1191.9253
    1337    1212.3272
    1338    1231.2972
    1339    1246.0838
    1340    1256.0055
    1341    1262.2510
    1342    1267.0524
    1343    1272.6287
    1344    1280.3046
    1345    1290.0822
    1346    1300.7352
    1347    1310.3076
    1348    1316.7929
    1349    1318.7736
    1350    1315.8318
    1351    1308.6309
    1352    1298.6863
    1353    1288.0461
    1354    1279.2418
    1355    1275.3863
    1356    1278.8950
    1357    1288.0918
    1358    1296.1530
    1359    1295.4511
    1360    1282.1855
    1361    1257.5490
    1362    1226.6400
    1363    1196.5717
    1364    1174.3134
    1365    1164.7177
    1366    1169.2691
    1367    1185.9258
    1368    1210.0506
    1369    1236.0590
    1370    1259.2070
    1371    1276.8962
    1372    1289.0877
    1373    1297.7614
    1374    1305.6878
    1375    1314.9579
    1376    1325.7846
    1377    1336.0363
    1378    1341.7107
    1379    1338.2295
    1380    1322.1300
    1381    1292.5684
    1382    1252.1018
    1383    1206.4206
    1384    1163.0502
    1385    1129.4243
    1386    1110.9102
    1387    1109.3941
    1388    1122.8298
    1389    1145.8695
    1390    1171.3845
    1391    1192.4339
    1392    1204.1247
    1393    1204.8538
    1394    1196.6150
    1395    1184.3192
    1396    1174.3284
    1397    1172.6006
    1398    1182.9220
    1399    1205.6834
    1400    1237.5721
    1401    1272.3435
    1402    1302.5330
    1403    1321.6478
    1404    1326.1657
    1405    1316.7381
    1406    1298.1935
    1407    1278.2142
    1408    1264.8962
    1409    1263.8456
    1410    1275.8215
    1411    1295.9011
    1412    1314.6773
    1413    1321.2511
    1414    1307.0745
    1415    1269.3123
    1416    1212.4901
    1417    1147.7226
    1418    1089.6677
    1419    1052.1422
    1420    1043.8538
    1421    1065.6769
    1422    1110.3902
    1423    1164.9468
    1424    1214.5367
    1425    1247.1523
    1426    1257.2314
    1427    1247.2116
    1428    1226.4793
    1429    1208.0221
    1430    1203.8690
    1431    1220.8291
    1432    1258.0066
    1433    1306.9756
    1434    1354.4985
    1435    1386.7671
    1436    1393.7374
    1437    1372.2220
    1438    1326.8761
    1439    1268.8648
    1440    1212.6938
    1441    1172.1945
    1442    1156.8064
    1443    1169.1564
    1444    1204.5234
    1445    1252.2796
    1446    1298.8952
    1447    1331.7049
    1448    1342.3911
    1449    1329.1853
    1450    1297.1378
    1451    1256.3815
    1452    1218.9485
    1453    1195.1156
    1454    1190.3720
    1455    1203.8967
    1456    1228.9712
    1457    1255.1892
    1458    1271.7985
    1459    1271.1489
    1460    1251.1748
    1461    1216.1174
    1462    1175.2536
    1463    1140.0576
    1464    1120.6938
    1465    1122.9399
    1466    1146.4744
    1467    1185.0601
    1468    1228.5605
    1469    1266.1332
    1470    1289.5429
    1471    1295.5303
    1472    1286.5209
    1473    1269.5099
    1474    1253.5341
    1475    1246.5703
    1476    1252.8578
    1477    1271.4951
    1478    1296.7177
    1479    1319.7255
    1480    1331.4234
    1481    1325.1856
    1482    1298.8345
    1483    1255.3161
    1484    1201.9679
    1485    1148.6375
    1486    1105.2029
    1487    1079.1727
    1488    1073.9603
    1489    1088.2206
    1490    1116.3891
    1491    1150.3034
    1492    1181.5251
    1493    1203.7399
    1494    1214.5397
    1495    1216.0286
    1496    1214.0155
    1497    1215.9948
    1498    1228.5033
    1499    1254.6751
    1500    1292.7885
    1501    1336.3322
    1502    1375.6514
    1503    1400.7167
    1504    1404.1518
    1505    1383.5441
    1506    1342.2998
    1507    1288.8070
    1508    1234.2348
    1509    1189.6816
    1510    1163.3983
    1511    1158.5606
    1512    1172.0004
    1513    1194.8042
    1514    1215.4477
    1515    1224.2561
    1516    1216.9159
    1517    1195.7435
    1518    1168.6832
    1519    1146.5579
    1520    1139.4224
    1521    1153.0916
    1522    1186.9190
    1523    1233.5944
    1524    1281.0973
    1525    1316.2610
    1526    1328.8332
    1527    1314.7309
    1528    1277.4318
    1529    1227.0284
    1530    1177.2113
    1531    1141.0844
    1532    1127.1342
    1533    1136.6699
    1534    1163.5928
    1535    1196.5813
    1536    1222.9700
    1537    1233.0332
    1538    1223.2443
    1539    1197.4404
    1540    1165.5110
    1541    1140.0601
    1542    1132.1631
    1543    1147.6640
    1544    1185.2748
    1545    1237.0525
    1546    1290.9474
    1547    1334.4579
    1548    1358.2616
    1549    1358.8145
    1550    1339.0870
    1551    1307.1280
    1552    1273.0505
    1553    1245.6589
    1554    1229.9308
    1555    1226.0667
    1556    1230.2059
    1557    1236.3655
    1558    1238.8305
    1559    1234.1778
    1560    1222.3274
    1561    1206.3721
    1562    1191.3608
    1563    1182.5115
    1564    1183.4704
    1565    1195.1434
    1566    1215.3620
    1567    1239.4047
    1568    1261.2175
    1569    1275.0359
    1570    1276.9419
    1571    1265.8718
    1572    1243.8384
    1573    1215.3984
    1574    1186.5586
    1575    1163.3591
    1576    1150.4116
    1577    1149.7771
    1578    1160.5516
    1579    1179.2944
    1580    1201.1194
    1581    1221.0529
    1582    1235.2452
    1583    1241.8371
    1584    1241.4265
    1585    1236.9604
    1586    1232.8148
    1587    1233.1671
    1588    1240.2319
    1589    1253.0776
    1590    1267.5446
    1591    1277.4089
    1592    1276.4885
    1593    1261.0174
    1594    1231.4460
    1595    1192.9365
    1596    1154.2517
    1597    1125.3050
    1598    1114.1463
    1599    1124.3794
    1600    1153.8853
    1601    1195.3033
    1602    1238.1551
    1603    1271.9793
    1604    1289.4957
    1605    1288.7565
    1606    1273.5355
    1607    1251.7818
    1608    1232.6890
    1609    1223.4322
    1610    1226.7205
    1611    1239.9624
    1612    1256.2756
    1613    1266.9751
    1614    1264.7030
    1615    1246.1522
    1616    1213.4686
    1617    1173.8571
    1618    1137.4830
    1619    1114.3337
    1620    1111.0349
    1621    1128.6795
    1622    1162.4033
    1623    1202.8518
    1624    1239.0204
    1625    1261.4540
    1626    1264.7660
    1627    1248.8428
    1628    1218.5868
    1629    1182.3561
    1630    1149.4600
    1631    1127.4216
    1632    1119.9566
    1633    1126.3872
    1634    1142.5564
    1635    1162.6866
    1636    1181.4178
    1637    1195.3852
    1638    1203.9468
    1639    1208.9505
    1640    1213.6899
    1641    1221.3989
    1642    1233.7762
    1643    1250.0563
    1644    1267.0165
    1645    1279.9169
    1646    1283.9952
    1647    1275.9688
    1648    1255.0980
    1649    1223.5161
    1650    1185.7521
    1651    1147.5677
    1652    1114.4478
    1653    1090.2240
    1654    1076.2713
    1655    1071.5246
    1656    1073.2667
    1657    1078.3736
    1658    1084.5138
    1659    1090.8338
    1660    1097.8600
    1661    1106.7360
    1662    1118.2576
    1663    1132.2338
    1664    1147.4036
    1665    1161.7900
    1666    1173.2620
    1667    1180.1230
    1668    1181.5951
    1669    1178.0651
    1670    1170.9880
    1671    1162.4668
    1672    1154.6644
    1673    1149.2718
    1674    1147.2092
    1675    1148.6397
    1676    1153.2461
    1677    1160.6196
    1678    1170.5688
    1679    1183.1851
    1680    1198.6063
    1681    1216.5647
    1682    1235.9342
    1683    1254.5079
    1684    1269.1855
    1685    1276.5953
    1686    1273.9946
    1687    1260.1507
    1688    1235.9024
    1689    1204.1847
    1690    1169.4567
    1691    1136.6512
    1692    1109.9424
    1693    1091.7161
    1694    1082.0953
    1695    1079.1982
    1696    1080.0437
    1697    1081.7801
    1698    1082.7915
    1699    1083.2641
    1700    1085.0020
    1701    1090.5573
    1702    1102.0013
    1703    1119.8119
    1704    1142.2944
    1705    1165.7761
    1706    1185.5399
    1707    1197.2348
    1708    1198.3189
    1709    1189.0197
    1710    1172.4199
    1711    1153.5730
    1712    1137.9452
    1713    1129.7327
    1714    1130.6572
    1715    1139.6560
    1716    1153.5453
    1717    1168.3904
    1718    1181.0592
    1719    1190.3770
    1720    1197.4549
    1721    1205.0780
    1722    1216.3840
    1723    1233.3259
    1724    1255.5192
    1725    1279.9277
    1726    1301.5446
    1727    1314.8547
    1728    1315.5539
    1729    1301.9179
    1730    1275.3551
    1731    1239.9883
    1732    1201.4540
    1733    1165.3597
    1734    1135.9195
    1735    1115.1824
    1736    1103.0269
    1737    1097.8210
    1738    1097.4353
    1739    1100.1976
    1740    1105.4381
    1741    1113.4462
    1742    1124.9188
    1743    1140.2123
    1744    1158.7770
    1745    1179.0646
    1746    1198.9513
    1747    1216.4779
    1748    1230.5300
    1749    1241.0793
    1750    1248.8329
    1751    1254.4644
    1752    1257.8340
    1753    1257.6184
    1754    1251.5751
    1755    1237.3941
    1756    1213.8312
    1757    1181.6653
    1758    1144.0716
    1759    1106.1870
    1760    1073.9664
    1761    1052.6710
    1762    1045.4770
    1763    1052.6504
    1764    1071.5446
    1765    1097.4360
    1766    1124.9542
    1767    1149.6857
    1768    1169.4286
    1769    1184.6286
    1770    1197.8146
    1771    1212.2233
    1772    1230.1246
    1773    1251.4804
    1774    1273.4476
    1775    1290.9596
    1776    1298.2440
    1777    1290.8073
    1778    1267.1974
    1779    1229.9185
    1780    1185.1222
    1781    1141.1148
    1782    1106.1293
    1783    1086.0561
    1784    1082.8601
    1785    1094.1959
    1786    1114.3317
    1787    1136.0658
    1788    1152.9981
    1789    1161.4295
    1790    1161.3025
    1791    1155.9254
    1792    1150.6124
    1793    1150.7094
    1794    1159.6615
    1795    1177.7556
    1796    1201.9560
    1797    1226.8800
    1798    1246.5484
    1799    1256.2917
    1800    1254.1429
    1801    1241.2930
    1802    1221.5423
    1803    1200.0432
    1804    1181.8284
    1805    1170.6029
    1806    1168.1147
    1807    1174.1733
    1808    1187.1496
    1809    1204.6465
    1810    1224.0387
    1811    1242.7414
    1812    1258.2805
    1813    1268.4016
    1814    1271.3998
    1815    1266.6335
    1816    1254.9734
    1817    1238.8936
    1818    1222.0249
    1819    1208.2093
    1820    1200.3249
    1821    1199.3088
    1822    1203.7745
    1823    1210.3895
    1824    1214.9436
    1825    1213.8517
    1826    1205.6647
    1827    1192.0565
    1828    1177.7484
    1829    1169.0615
    1830    1171.3832
    1831    1186.6887
    1832    1212.4267
    1833    1242.1927
    1834    1267.6656
    1835    1281.0775
    1836    1277.5967
    1837    1256.9673
    1838    1223.8095
    1839    1186.3490
    1840    1153.8861
    1841    1133.8645
    1842    1129.5815
    1843    1139.3657
    1844    1157.4825
    1845    1176.3745
    1846    1189.3616
    1847    1192.7749
    1848    1186.7977
    1849    1174.9435
    1850    1162.6073
    1851    1155.2206
    1852    1156.4403
    1853    1166.8360
    1854    1183.5413
    1855    1201.0652
    1856    1213.0353
    1857    1214.2594
    1858    1202.3776
    1859    1178.6079
    1860    1147.7032
    1861    1117.6187
    1862    1098.1753
    1863    1096.0653
    1864    1108.8969
    1865    1127.3045
    1866    1142.2496
    1867    1148.6546
    1868    1145.5035
    1869    1135.0291
    1870    1121.5478
    1871    1109.9676
    1872    1104.2576
    1873    1106.3283
    1874    1115.6279
    1875    1129.5225
    1876    1144.2887
    1877    1156.4162
    1878    1163.8062
    1879    1166.4675
    1880    1166.4255
    1881    1166.8197
    1882    1170.4647
    1883    1178.4367
    1884    1189.3598
    1885    1199.7944
    1886    1205.5106
    1887    1203.0524
    1888    1191.0284
    1889    1170.7314
    1890    1145.8985
    1891    1121.6742
    1892    1103.0953
    1893    1093.5865
    1894    1093.9753
    1895    1102.3848
    1896    1115.1256
    1897    1128.3829
    1898    1140.0833
    1899    1150.8134
    1900    1162.7924
    1901    1177.7143
    1902    1195.6955
    1903    1215.6116
    1904    1235.3838
    1905    1251.9487
    1906    1261.6169
    1907    1261.0801
    1908    1248.6838
    1909    1225.3510
    1910    1194.6648
    1911    1161.9745
    1912    1132.8213
    1913    1111.2925
    1914    1098.9617
    1915    1094.8109
    1916    1096.0684
    1917    1099.5317
    1918    1102.8178
    1919    1105.0941
    1920    1107.0872
    1921    1110.4663
    1922    1116.9415
    1923    1127.4794
    1924    1141.9107
    1925    1158.9778
    1926    1176.7038
    1927    1192.9049
    1928    1205.6692
    1929    1213.6546
    1930    1216.1393
    1931    1212.8841
    1932    1203.9889
    1933    1189.9126
    1934    1171.6648
    1935    1151.0213
    1936    1130.5408
    1937    1113.2260
    1938    1101.8573
    1939    1098.2066
    1940    1102.4329
    1941    1112.9246
    1942    1126.7011
    1943    1140.2352
    1944    1150.4052
    1945    1155.2342
    1946    1154.2122
    1947    1148.1729
    1948    1138.8433
    1949    1128.2587
    1950    1118.2243
    1951    1109.9686
    1952    1104.0752
    1953    1100.6458
    1954    1099.5475
    1955    1100.5909
    1956    1103.5661
    1957    1108.2029
    1958    1114.1635
    1959    1121.0924
    1960    1128.6271
    1961    1136.2952
    1962    1143.3468
    1963    1148.6683
    1964    1150.8872
    1965    1148.6777
    1966    1141.1718
    1967    1128.3128
    1968    1111.0125
    1969    1091.0489
    1970    1070.7489
    1971    1052.5650
    1972    1038.6671
    1973    1030.6365
    1974    1029.3017
    1975    1034.7271
    1976    1046.3324
    1977    1063.0748
    1978    1083.6106
    1979    1106.3864
    1980    1129.7246
    1981    1152.0104
    1982    1171.9790
    1983    1188.9237
    1984    1202.6380
    1985    1213.0924
    1986    1220.0537
    1987    1222.9121
    1988    1220.8499
    1989    1213.2984
    1990    1200.4518
    1991    1183.6053
    1992    1165.1344
    1993    1148.0838
    1994    1135.4345
    1995    1129.2789
    1996    1130.2000
    1997    1137.1060
    1998    1147.5980
    1999    1158.7604
    2000    1168.1124
