#Frame              T
       1    3016.0608
       2    2937.6871
       3    2781.0972
       4    2576.7486
       5    2360.6444
       6    2164.8789
       7    2010.4025
       8    1903.8348
       9    1838.6466
      10    1799.7879
      11    1770.0607
      12    1736.2488
      13    1693.2497
      14    1645.1524
      15    1603.1904
      16    1581.4413
      17    1591.7070
      18    1639.0568
      19    1719.2523
      20    1818.8043
      21    1917.7590
      22    1994.4899
      23    2031.1684
      24    2018.3922
      25    1957.8249
      26    1862.9869
      27    1759.7081
      28    1682.0042
      29    1651.5448
      30    1664.2943
      31    1706.8785
      32    1766.9113
      33    1831.9145
      34    1889.5872
      35    1930.1667
      36    1948.5496
      37    1945.0761
      38    1924.8314
      39    1895.8039
      40    1866.4794
      41    1843.5029
      42    1829.9728
      43    1824.7330
      44    1822.8266
      45    1817.0253
      46    1800.1243
      47    1767.4422
      48    1718.8212
      49    1659.4931
      50    1599.4332
      51    1551.2048
      52    1526.6841
      53    1533.4523
      54    1571.9032
      55    1634.1741
      56    1705.5969
      57    1768.4890
      58    1807.1266
      59    1812.2875
      60    1783.9413
      61    1731.2765
      62    1670.0497
      63    1617.9516
      64    1589.2429
      65    1590.2280
      66    1617.1445
      67    1657.4732
      68    1694.3687
      69    1712.5569
      70    1703.5100
      71    1668.2267
      72    1616.8810
      73    1565.5099
      74    1530.7455
      75    1524.2789
      76    1548.9225
      77    1597.5765
      78    1655.3747
      79    1704.2355
      80    1728.3495
      81    1718.9286
      82    1676.7865
      83    1612.0208
      84    1540.9957
      85    1481.6321
      86    1448.4405
      87    1448.6907
      88    1480.7072
      89    1534.6707
      90    1595.5864
      91    1647.4916
      92    1677.6791
      93    1679.8591
      94    1655.5870
      95    1613.6667
      96    1567.5385
      97    1531.1795
      98    1514.6796
      99    1520.9554
     100    1544.7524
     101    1574.2931
     102    1595.0445
     103    1594.4636
     104    1566.3025
     105    1513.1079
     106    1445.9846
     107    1381.5380
     108    1336.8672
     109    1324.1998
     110    1346.9500
     111    1398.5640
     112    1464.5975
     113    1527.3217
     114    1571.2649
     115    1587.7741
     116    1577.1491
     117    1547.8654
     118    1513.4095
     119    1487.8546
     120    1481.5040
     121    1497.8677
     122    1532.8531
     123    1576.3614
     124    1615.6952
     125    1639.6020
     126    1641.6186
     127    1621.7231
     128    1585.9185
     129    1544.0502
     130    1506.6537
     131    1481.8449
     132    1473.1932
     133    1479.1500
     134    1494.0452
     135    1510.1849
     136    1520.3254
     137    1519.8277
     138    1507.9407
     139    1487.9190
     140    1465.9697
     141    1449.3411
     142    1444.1094
     143    1453.3343
     144    1476.1076
     145    1507.7463
     146    1541.0683
     147    1568.4246
     148    1583.9332
     149    1585.2446
     150    1574.2499
     151    1556.4448
     152    1539.1197
     153    1528.9509
     154    1529.8036
     155    1541.5082
     156    1560.0876
     157    1579.3824
     158    1593.4463
     159    1598.7615
     160    1595.4125
     161    1586.8144
     162    1578.1539
     163    1574.1702
     164    1577.1478
     165    1585.9293
     166    1596.3730
     167    1603.0780
     168    1601.6511
     169    1590.5628
     170    1571.8346
     171    1550.2961
     172    1531.7653
     173    1520.9180
     174    1519.6974
     175    1526.8294
     176    1538.5162
     177    1549.9392
     178    1556.9336
     179    1557.1996
     180    1550.6640
     181    1539.0133
     182    1524.7149
     183    1509.9852
     184    1496.0951
     185    1483.2404
     186    1470.9900
     187    1459.0753
     188    1448.1173
     189    1439.8777
     190    1436.8470
     191    1441.2943
     192    1454.1963
     193    1474.5346
     194    1499.3199
     195    1524.3433
     196    1545.3330
     197    1559.0490
     198    1563.9612
     199    1560.3654
     200    1549.9960
     201    1535.3499
     202    1518.9900
     203    1503.0595
     204    1489.0740
     205    1477.9688
     206    1470.3124
     207    1466.5547
     208    1467.1258
     209    1472.3307
     210    1482.1635
     211    1496.2005
     212    1513.5464
     213    1532.7686
     214    1551.8484
     215    1568.2768
     216    1579.4114
     217    1583.0890
     218    1578.3317
     219    1565.8308
     220    1547.8583
     221    1527.4777
     222    1507.2894
     223    1488.2800
     224    1469.4032
     225    1448.2388
     226    1422.5606
     227    1392.1438
     228    1359.9294
     229    1331.8960
     230    1315.4931
     231    1317.0741
     232    1339.2130
     233    1378.9549
     234    1427.8454
     235    1473.9931
     236    1505.6365
     237    1515.0311
     238    1501.2600
     239    1470.8472
     240    1435.7643
     241    1409.3479
     242    1401.5259
     243    1415.1426
     244    1444.8563
     245    1479.1425
     246    1504.7072
     247    1511.6800
     248    1497.6105
     249    1468.7253
     250    1437.8885
     251    1419.9271
     252    1425.9490
     253    1458.7357
     254    1511.0055
     255    1567.3552
     256    1609.3038
     257    1621.6570
     258    1597.9137
     259    1542.7469
     260    1470.6821
     261    1401.5250
     262    1354.2623
     263    1341.3775
     264    1364.6587
     265    1413.5422
     266    1468.4391
     267    1509.0610
     268    1522.7048
     269    1508.1765
     270    1474.9032
     271    1438.5160
     272    1414.7103
     273    1413.5087
     274    1435.8625
     275    1473.6627
     276    1513.0031
     277    1539.3790
     278    1542.8801
     279    1521.5384
     280    1481.7378
     281    1435.6891
     282    1397.0017
     283    1376.0008
     284    1376.4543
     285    1394.8143
     286    1422.1148
     287    1447.6770
     288    1463.1645
     289    1465.4553
     290    1457.3124
     291    1445.7289
     292    1438.7539
     293    1442.1344
     294    1457.0026
     295    1479.3811
     296    1501.6695
     297    1515.5936
     298    1515.4564
     299    1500.3856
     300    1474.7081
     301    1446.3589
     302    1423.9185
     303    1413.3593
     304    1415.7005
     305    1426.5427
     306    1437.8604
     307    1441.4879
     308    1432.8629
     309    1413.3103
     310    1389.8025
     311    1372.2510
     312    1369.4220
     313    1385.1189
     314    1416.1993
     315    1453.3061
     316    1484.1086
     317    1497.8337
     318    1489.3226
     319    1461.0358
     320    1422.2156
     321    1385.5165
     322    1362.3705
     323    1358.8479
     324    1373.6110
     325    1398.7510
     326    1423.1574
     327    1437.0739
     328    1436.0189
     329    1422.5167
     330    1404.9506
     331    1394.0681
     332    1398.6614
     333    1422.2155
     334    1461.6770
     335    1508.4759
     336    1551.2943
     337    1579.8656
     338    1588.6309
     339    1578.5945
     340    1556.4284
     341    1531.3423
     342    1511.2505
     343    1499.8544
     344    1495.7821
     345    1493.9936
     346    1488.6809
     347    1476.2664
     348    1457.1266
     349    1435.3643
     350    1416.8770
     351    1406.6638
     352    1406.5038
     353    1413.9223
     354    1422.8662
     355    1425.8701
     356    1416.8824
     357    1393.6380
     358    1358.6622
     359    1318.5540
     360    1281.8741
     361    1256.3997
     362    1246.6805
     363    1252.7406
     364    1270.3895
     365    1293.0047
     366    1314.0405
     367    1329.2593
     368    1337.8888
     369    1342.4013
     370    1347.1412
     371    1356.3457
     372    1372.2541
     373    1393.9649
     374    1417.4752
     375    1436.9636
     376    1446.8981
     377    1444.2237
     378    1429.8550
     379    1408.9550
     380    1389.6369
     381    1380.1157
     382    1385.3426
     383    1404.8978
     384    1433.2754
     385    1462.2374
     386    1484.0846
     387    1494.6204
     388    1494.7624
     389    1490.2023
     390    1489.1609
     391    1499.0084
     392    1522.9970
     393    1558.4184
     394    1597.0391
     395    1627.7764
     396    1640.6515
     397    1630.5031
     398    1598.9874
     399    1554.0697
     400    1507.1498
     401    1468.9454
     402    1445.7462
     403    1437.5038
     404    1438.4302
     405    1439.7787
     406    1433.6344
     407    1416.1816
     408    1389.2041
     409    1359.3820
     410    1335.7434
     411    1326.1792
     412    1334.2393
     413    1357.4222
     414    1387.6840
     415    1414.0548
     416    1426.5545
     417    1420.0620
     418    1396.4710
     419    1363.7636
     420    1332.2326
     421    1310.3575
     422    1302.5906
     423    1308.9095
     424    1325.3607
     425    1345.4853
     426    1362.3758
     427    1370.6352
     428    1367.6020
     429    1353.6775
     430    1331.9358
     431    1307.2315
     432    1285.0299
     433    1270.2097
     434    1266.0842
     435    1273.8342
     436    1292.4616
     437    1319.2228
     438    1350.3295
     439    1381.6867
     440    1409.5319
     441    1431.0014
     442    1444.6602
     443    1450.8977
     444    1451.9469
     445    1451.3101
     446    1452.6093
     447    1458.2145
     448    1468.2231
     449    1480.3130
     450    1490.6046
     451    1495.1915
     452    1491.7090
     453    1480.3474
     454    1463.9382
     455    1447.0811
     456    1434.6009
     457    1429.8595
     458    1433.5022
     459    1443.1094
     460    1453.9100
     461    1460.3463
     462    1457.9964
     463    1445.2156
     464    1423.8764
     465    1398.8347
     466    1376.2150
     467    1361.1548
     468    1355.9763
     469    1359.5252
     470    1367.7726
     471    1375.2851
     472    1377.0520
     473    1370.1532
     474    1354.7825
     475    1334.2694
     476    1314.0472
     477    1299.8640
     478    1295.8012
     479    1302.7472
     480    1317.8809
     481    1335.4415
     482    1348.6360
     483    1352.0929
     484    1343.9689
     485    1326.8643
     486    1307.1051
     487    1292.6007
     488    1290.0522
     489    1302.5362
     490    1328.3394
     491    1361.4664
     492    1393.6676
     493    1417.2769
     494    1427.8258
     495    1425.4418
     496    1414.4836
     497    1401.5618
     498    1392.7617
     499    1391.2234
     500    1396.0693
     501    1403.0850
     502    1406.8028
     503    1403.0500
     504    1390.8281
     505    1372.7345
     506    1353.7989
     507    1339.3488
     508    1332.9168
     509    1335.0976
     510    1343.7537
     511    1355.3594
     512    1366.8301
     513    1376.9805
     514    1386.9210
     515    1399.1854
     516    1415.9936
     517    1437.4776
     518    1460.7717
     519    1480.4999
     520    1490.5954
     521    1486.7410
     522    1468.3923
     523    1439.4513
     524    1407.1960
     525    1379.7850
     526    1363.2797
     527    1359.3470
     528    1364.5922
     529    1371.8533
     530    1373.0048
     531    1362.1801
     532    1338.0951
     533    1304.5611
     534    1269.0492
     535    1239.9739
     536    1223.7947
     537    1223.0321
     538    1235.8665
     539    1257.3422
     540    1281.5834
     541    1304.0549
     542    1322.9617
     543    1339.3020
     544    1355.7058
     545    1374.6761
     546    1397.0392
     547    1421.2699
     548    1443.9111
     549    1460.8293
     550    1468.7157
     551    1466.1914
     552    1454.1320
     553    1435.1927
     554    1412.8396
     555    1390.3232
     556    1369.9592
     557    1352.9286
     558    1339.5812
     559    1330.0011
     560    1324.4810
     561    1323.6108
     562    1327.9024
     563    1337.1324
     564    1349.7916
     565    1363.0171
     566    1373.1841
     567    1377.0264
     568    1372.8741
     569    1361.4875
     570    1346.0847
     571    1331.4693
     572    1322.5024
     573    1322.4247
     574    1331.5968
     575    1347.1062
     576    1363.4406
     577    1374.0786
     578    1373.5772
     579    1359.5296
     580    1333.7468
     581    1302.1632
     582    1273.3297
     583    1255.8519
     584    1255.5610
     585    1273.3794
     586    1304.6585
     587    1340.3080
     588    1369.4413
     589    1382.7696
     590    1375.6729
     591    1349.9289
     592    1313.4234
     593    1277.7974
     594    1254.6852
     595    1251.7680
     596    1270.0459
     597    1303.3902
     598    1340.6593
     599    1369.7214
     600    1381.9529
     601    1375.5379
     602    1356.2852
     603    1335.5820
     604    1326.1819
     605    1337.3617
     606    1371.2654
     607    1421.8352
     608    1476.7552
     609    1521.6590
     610    1544.9791
     611    1541.6263
     612    1514.2307
     613    1471.7232
     614    1426.0016
     615    1387.9726
     616    1364.2714
     617    1355.7144
     618    1357.9387
     619    1363.7713
     620    1366.1827
     621    1360.6440
     622    1346.1974
     623    1325.1570
     624    1301.8342
     625    1280.9310
     626    1266.2514
     627    1260.1064
     628    1263.3603
     629    1275.7521
     630    1296.1032
     631    1322.2777
     632    1351.0666
     633    1378.2776
     634    1399.2202
     635    1409.6218
     636    1406.8328
     637    1390.9455
     638    1365.2921
     639    1335.8849
     640    1309.7521
     641    1292.6692
     642    1287.1621
     643    1291.6379
     644    1301.0542
     645    1308.9072
     646    1309.7998
     647    1301.6368
     648    1286.6240
     649    1270.6787
     650    1261.4446
     651    1265.6062
     652    1286.4174
     653    1322.2585
     654    1366.6889
     655    1410.0266
     656    1442.0181
     657    1454.8094
     658    1445.3167
     659    1416.2493
     660    1375.4307
     661    1333.5428
     662    1300.9162
     663    1284.3017
     664    1284.6764
     665    1296.9089
     666    1311.5294
     667    1318.0787
     668    1308.8920
     669    1282.0190
     670    1242.3498
     671    1200.6496
     672    1170.7251
     673    1165.2779
     674    1191.4925
     675    1247.8603
     676    1323.5918
     677    1401.1292
     678    1461.1759
     679    1488.7113
     680    1477.9829
     681    1434.6582
     682    1374.2018
     683    1316.8506
     684    1280.8147
     685    1276.0519
     686    1300.8872
     687    1342.7993
     688    1383.1351
     689    1404.0148
     690    1394.8908
     691    1356.4181
     692    1300.3350
     693    1245.4605
     694    1211.2448
     695    1211.1080
     696    1247.8511
     697    1312.6705
     698    1388.0477
     699    1453.4657
     700    1492.0801
     701    1496.3313
     702    1470.6548
     703    1429.3418
     704    1389.2498
     705    1362.4408
     706    1354.1539
     707    1363.8927
     708    1386.4862
     709    1413.6445
     710    1436.4660
     711    1448.0641
     712    1445.2980
     713    1429.1525
     714    1403.9529
     715    1375.9500
     716    1351.7732
     717    1337.0183
     718    1335.0777
     719    1346.3243
     720    1367.8208
     721    1393.7586
     722    1416.6981
     723    1429.4587
     724    1427.2019
     725    1409.0873
     726    1378.9119
     727    1344.3977
     728    1315.1837
     729    1300.0058
     730    1303.8947
     731    1326.3534
     732    1361.2780
     733    1398.8028
     734    1428.4712
     735    1442.5846
     736    1438.5473
     737    1419.4419
     738    1392.7056
     739    1367.4136
     740    1351.1214
     741    1347.3372
     742    1354.4562
     743    1366.4854
     744    1375.2630
     745    1373.3542
     746    1356.6104
     747    1325.5669
     748    1285.3252
     749    1244.0914
     750    1210.9116
     751    1193.2664
     752    1195.1384
     753    1216.0143
     754    1251.0945
     755    1292.7019
     756    1332.4837
     757    1363.6868
     758    1382.8017
     759    1390.1784
     760    1389.5297
     761    1386.5000
     762    1386.6796
     763    1393.5995
     764    1407.3156
     765    1424.1105
     766    1437.5415
     767    1440.5990
     768    1428.2636
     769    1399.5081
     770    1357.9867
     771    1311.2154
     772    1268.6002
     773    1238.9104
     774    1227.8204
     775    1236.1766
     776    1259.6207
     777    1289.9953
     778    1318.2860
     779    1337.9939
     780    1347.4527
     781    1350.0799
     782    1352.5040
     783    1361.3613
     784    1380.0686
     785    1406.8698
     786    1434.9841
     787    1454.8460
     788    1457.5882
     789    1438.4082
     790    1398.5369
     791    1345.1270
     792    1289.2102
     793    1242.5255
     794    1214.3218
     795    1209.0720
     796    1225.5845
     797    1257.5920
     798    1295.7585
     799    1330.7539
     800    1356.3430
     801    1371.0765
     802    1377.8811
     803    1381.9589
     804    1388.0903
     805    1398.4409
     806    1411.6308
     807    1423.2959
     808    1427.9181
     809    1421.3409
     810    1402.9789
     811    1376.3900
     812    1347.5899
     813    1322.6082
     814    1306.2259
     815    1301.6198
     816    1309.9511
     817    1330.0084
     818    1358.2744
     819    1389.5293
     820    1417.9694
     821    1438.6627
     822    1448.9046
     823    1448.9125
     824    1441.5001
     825    1430.7914
     826    1420.4399
     827    1412.0460
     828    1404.4351
     829    1394.1659
     830    1377.1474
     831    1350.7508
     832    1315.5495
     833    1275.9171
     834    1239.1710
     835    1213.5117
     836    1205.4040
     837    1217.2519
     838    1246.2234
     839    1284.8238
     840    1323.1807
     841    1352.2256
     842    1366.5199
     843    1365.6726
     844    1353.9200
     845    1338.1299
     846    1325.0557
     847    1318.8834
     848    1319.9738
     849    1325.1780
     850    1329.4683
     851    1328.2050
     852    1319.2560
     853    1304.2372
     854    1288.3352
     855    1278.6669
     856    1281.7565
     857    1301.0646
     858    1335.4584
     859    1379.1823
     860    1423.4088
     861    1458.8459
     862    1478.4569
     863    1479.3173
     864    1463.0651
     865    1434.9717
     866    1402.1143
     867    1371.2865
     868    1347.2281
     869    1331.5910
     870    1322.8471
     871    1317.1505
     872    1309.9100
     873    1297.6126
     874    1279.3145
     875    1257.3021
     876    1236.6598
     877    1223.8626
     878    1224.8618
     879    1243.1979
     880    1278.5071
     881    1325.8347
     882    1376.3085
     883    1419.2982
     884    1445.3209
     885    1448.5842
     886    1428.3734
     887    1389.0261
     888    1338.6270
     889    1286.8409
     890    1242.4984
     891    1211.5836
     892    1196.1372
     893    1194.3216
     894    1201.5487
     895    1212.2711
     896    1221.8387
     897    1227.8403
     898    1230.5615
     899    1232.5256
     900    1237.3798
     901    1248.5871
     902    1268.3754
     903    1297.1509
     904    1333.3006
     905    1373.2261
     906    1411.6304
     907    1442.2119
     908    1458.8742
     909    1457.3128
     910    1436.5720
     911    1400.0039
     912    1355.1134
     913    1312.0549
     914    1281.0204
     915    1269.2111
     916    1278.4090
     917    1304.0921
     918    1336.5939
     919    1364.0965
     920    1376.5389
     921    1369.0958
     922    1343.9540
     923    1309.6831
     924    1278.3481
     925    1261.3365
     926    1265.3366
     927    1289.8857
     928    1327.3833
     929    1365.5937
     930    1391.7839
     931    1397.0360
     932    1379.1830
     933    1343.3287
     934    1299.8770
     935    1260.9887
     936    1236.8245
     937    1232.6991
     938    1247.7987
     939    1275.7281
     940    1306.7278
     941    1330.8592
     942    1341.1012
     943    1335.3425
     944    1316.6818
     945    1292.0569
     946    1269.7555
     947    1256.6708
     948    1256.1759
     949    1267.2349
     950    1284.9441
     951    1302.2431
     952    1312.1915
     953    1310.1000
     954    1294.9130
     955    1269.4815
     956    1239.6599
     957    1212.4814
     958    1193.9707
     959    1187.3284
     960    1192.0916
     961    1204.5018
     962    1218.8778
     963    1229.5209
     964    1232.5825
     965    1227.3244
     966    1216.3816
     967    1204.9277
     968    1199.0086
     969    1203.5906
     970    1220.9392
     971    1249.7793
     972    1285.4392
     973    1321.0340
     974    1349.5455
     975    1366.1426
     976    1369.6734
     977    1362.6104
     978    1349.6395
     979    1335.7493
     980    1324.6588
     981    1317.9796
     982    1315.1622
     983    1314.1146
     984    1312.2265
     985    1307.4152
     986    1298.8180
     987    1286.9501
     988    1273.3615
     989    1260.0297
     990    1248.7739
     991    1240.8825
     992    1236.9878
     993    1237.0876
     994    1240.5814
     995    1246.2432
     996    1252.1755
     997    1255.9109
     998    1254.8773
     999    1247.2552
    1000    1233.0613
    1001    1214.1041
    1002    1194.6575
    1003    1179.9113
    1004    1174.6375
    1005    1181.6706
    1006    1200.8839
    1007    1229.0759
    1008    1260.8774
    1009    1290.4108
    1010    1313.1361
    1011    1327.2291
    1012    1333.9879
    1013    1337.1136
    1014    1341.1165
    1015    1349.3987
    1016    1362.6835
    1017    1378.3772
    1018    1391.1717
    1019    1394.7774
    1020    1384.2194
    1021    1357.8235
    1022    1318.1371
    1023    1271.4310
    1024    1225.9684
    1025    1189.6693
    1026    1167.9572
    1027    1162.4647
    1028    1170.9421
    1029    1188.3123
    1030    1208.4670
    1031    1226.2173
    1032    1238.7809
    1033    1246.3684
    1034    1251.7275
    1035    1258.8521
    1036    1271.3080
    1037    1290.7393
    1038    1316.0349
    1039    1343.3560
    1040    1366.9239
    1041    1380.3475
    1042    1378.3781
    1043    1358.8217
    1044    1323.7980
    1045    1279.5245
    1046    1234.5915
    1047    1197.4532
    1048    1174.0209
    1049    1166.0326
    1050    1170.6588
    1051    1181.5511
    1052    1191.1071
    1053    1193.2228
    1054    1185.5126
    1055    1170.1644
    1056    1153.1372
    1057    1142.0426
    1058    1143.4575
    1059    1160.5499
    1060    1191.7638
    1061    1231.0161
    1062    1269.4364
    1063    1298.1580
    1064    1311.2237
    1065    1307.5189
    1066    1290.9764
    1067    1268.9748
    1068    1249.5730
    1069    1238.6359
    1070    1237.9165
    1071    1244.7405
    1072    1253.3362
    1073    1257.2612
    1074    1252.0199
    1075    1236.8904
    1076    1215.2615
    1077    1193.3740
    1078    1178.0266
    1079    1174.1884
    1080    1183.3695
    1081    1203.2298
    1082    1228.4362
    1083    1252.3939
    1084    1269.2355
    1085    1275.4317
    1086    1270.5710
    1087    1257.1693
    1088    1239.7118
    1089    1223.3242
    1090    1212.4931
    1091    1210.1284
    1092    1217.0867
    1093    1232.1301
    1094    1252.2569
    1095    1273.3190
    1096    1290.8585
    1097    1301.0490
    1098    1301.5832
    1099    1292.2840
    1100    1275.2471
    1101    1254.4410
    1102    1234.8080
    1103    1221.0125
    1104    1216.1087
    1105    1220.5279
    1106    1231.7901
    1107    1245.1789
    1108    1255.2619
    1109    1257.7854
    1110    1251.2709
    1111    1237.7079
    1112    1222.0609
    1113    1210.7529
    1114    1209.6309
    1115    1222.0502
    1116    1247.6308
    1117    1282.0796
    1118    1318.1708
    1119    1347.6234
    1120    1363.3243
    1121    1361.2366
    1122    1341.4481
    1123    1308.1100
    1124    1268.3268
    1125    1230.3279
    1126    1201.3968
    1127    1186.0701
    1128    1185.0729
    1129    1195.3048
    1130    1210.9559
    1131    1225.4460
    1132    1233.5321
    1133    1232.8656
    1134    1224.5571
    1135    1212.7004
    1136    1203.0857
    1137    1201.4491
    1138    1211.6498
    1139    1234.2423
    1140    1265.9279
    1141    1300.1989
    1142    1329.0980
    1143    1345.5457
    1144    1345.4527
    1145    1328.9122
    1146    1300.0989
    1147    1265.9186
    1148    1233.8836
    1149    1209.9580
    1150    1197.1150
    1151    1195.0480
    1152    1200.9939
    1153    1211.1821
    1154    1222.1107
    1155    1231.0442
    1156    1235.9564
    1157    1235.7020
    1158    1230.5048
    1159    1222.0937
    1160    1213.2041
    1161    1206.7479
    1162    1205.0044
    1163    1208.9937
    1164    1218.1046
    1165    1230.0631
    1166    1241.3298
    1167    1247.9613
    1168    1246.8042
    1169    1236.7161
    1170    1219.3706
    1171    1199.2406
    1172    1182.5782
    1173    1175.5380
    1174    1181.9696
    1175    1201.6395
    1176    1229.6338
    1177    1257.3688
    1178    1275.0428
    1179    1274.8172
    1180    1253.6495
    1181    1214.7386
    1182    1166.9226
    1183    1122.0709
    1184    1091.2639
    1185    1081.0799
    1186    1091.3666
    1187    1115.4014
    1188    1142.4954
    1189    1162.1263
    1190    1168.0351
    1191    1160.6275
    1192    1146.6733
    1193    1136.4347
    1194    1139.4612
    1195    1160.7265
    1196    1198.4631
    1197    1244.3750
    1198    1286.1658
    1199    1311.5821
    1200    1312.5900
    1201    1288.1842
    1202    1244.7797
    1203    1194.0222
    1204    1148.8392
    1205    1119.2179
    1206    1109.2645
    1207    1116.5323
    1208    1133.6850
    1209    1151.6893
    1210    1163.2486
    1211    1165.2538
    1212    1159.4937
    1213    1151.5569
    1214    1148.4694
    1215    1155.9983
    1216    1176.5827
    1217    1208.5510
    1218    1246.7767
    1219    1284.4024
    1220    1314.9368
    1221    1333.9717
    1222    1340.0220
    1223    1334.3480
    1224    1320.0186
    1225    1300.6983
    1226    1279.6403
    1227    1259.1518
    1228    1240.5261
    1229    1224.2448
    1230    1210.2268
    1231    1198.0078
    1232    1186.8574
    1233    1175.9302
    1234    1164.5304
    1235    1152.4842
    1236    1140.4923
    1237    1130.2757
    1238    1124.3547
    1239    1125.4337
    1240    1135.5433
    1241    1155.2057
    1242    1182.8493
    1243    1214.6807
    1244    1245.1336
    1245    1267.9682
    1246    1277.8690
    1247    1272.1272
    1248    1251.8276
    1249    1222.0222
    1250    1190.6630
    1251    1166.4731
    1252    1156.3302
    1253    1162.9919
    1254    1183.9739
    1255    1212.1059
    1256    1237.7300
    1257    1251.9263
    1258    1249.7102
    1259    1232.0895
    1260    1206.1941
    1261    1183.2822
    1262    1175.0631
    1263    1189.3343
    1264    1226.4421
    1265    1278.2504
    1266    1330.4266
    1267    1367.1909
    1268    1376.6253
    1269    1354.6901
    1270    1306.6759
    1271    1245.5721
    1272    1187.8031
    1273    1147.7130
    1274    1132.6981
    1275    1140.7523
    1276    1161.3897
    1277    1179.7205
    1278    1182.2875
    1279    1162.4981
    1280    1123.4829
    1281    1077.1838
    1282    1040.1435
    1283    1027.7270
    1284    1048.7557
    1285    1102.2251
    1286    1177.2197
    1287    1256.1367
    1288    1320.1523
    1289    1355.0807
    1290    1355.6250
    1291    1326.6223
    1292    1280.9384
    1293    1234.8518
    1294    1202.5751
    1295    1191.7924
    1296    1201.6636
    1297    1223.8599
    1298    1246.1319
    1299    1257.0151
    1300    1249.9295
    1301    1225.2832
    1302    1190.0085
    1303    1154.9213
    1304    1130.9924
    1305    1125.8593
    1306    1141.6263
    1307    1174.4659
    1308    1215.9807
    1309    1255.8188
    1310    1284.6917
    1311    1296.8679
    1312    1291.4664
    1313    1272.3038
    1314    1246.4998
    1315    1222.3538
    1316    1207.1466
    1317    1205.4138
    1318    1217.9032
    1319    1241.2212
    1320    1268.4937
    1321    1291.3804
    1322    1302.7984
    1323    1299.1001
    1324    1280.9961
    1325    1253.2145
    1326    1223.1257
    1327    1198.6568
    1328    1185.9904
    1329    1187.7123
    1330    1202.0190
    1331    1223.2740
    1332    1243.7480
    1333    1255.9390
    1334    1254.7571
    1335    1239.0585
    1336    1212.2348
    1337    1181.6005
    1338    1156.5048
    1339    1145.5641
    1340    1153.8239
    1341    1180.7766
    1342    1220.0613
    1343    1261.1721
    1344    1292.6428
    1345    1305.5376
    1346    1296.0940
    1347    1266.7723
    1348    1225.4791
    1349    1183.2418
    1350    1151.0252
    1351    1136.6172
    1352    1142.4969
    1353    1165.2996
    1354    1196.9913
    1355    1227.3322
    1356    1246.8706
    1357    1249.6773
    1358    1235.1721
    1359    1208.5354
    1360    1179.3916
    1361    1158.9213
    1362    1156.1889
    1363    1174.9126
    1364    1211.8548
    1365    1257.4734
    1366    1298.6913
    1367    1322.9040
    1368    1321.9386
    1369    1294.6733
    1370    1247.4581
    1371    1192.2134
    1372    1142.8149
    1373    1110.8981
    1374    1102.4039
    1375    1115.9786
    1376    1143.7351
    1377    1174.1000
    1378    1195.7733
    1379    1201.4755
    1380    1190.2478
    1381    1167.5706
    1382    1143.2852
    1383    1128.0405
    1384    1129.4944
    1385    1149.5786
    1386    1183.7479
    1387    1222.4055
    1388    1253.9724
    1389    1268.5538
    1390    1261.0200
    1391    1232.5560
    1392    1190.2449
    1393    1144.8854
    1394    1107.7778
    1395    1087.5077
    1396    1087.6979
    1397    1106.3228
    1398    1136.6616
    1399    1169.4946
    1400    1195.8737
    1401    1209.6740
    1402    1209.2023
    1403    1197.3967
    1404    1180.5784
    1405    1166.1966
    1406    1160.3380
    1407    1165.8040
    1408    1181.3126
    1409    1201.9749
    1410    1220.8334
    1411    1231.0017
    1412    1227.7915
    1413    1210.2175
    1414    1181.4270
    1415    1147.9085
    1416    1117.6903
    1417    1098.0218
    1418    1093.2032
    1419    1103.2339
    1420    1123.7655
    1421    1147.4503
    1422    1166.2887
    1423    1174.1668
    1424    1168.7112
    1425    1151.8625
    1426    1129.0367
    1427    1107.2566
    1428    1092.9693
    1429    1090.2819
    1430    1100.0509
    1431    1119.8520
    1432    1144.6927
    1433    1168.4284
    1434    1185.7058
    1435    1193.7401
    1436    1193.0298
    1437    1186.6789
    1438    1178.7885
    1439    1172.7976
    1440    1170.4999
    1441    1171.9757
    1442    1176.1530
    1443    1181.5504
    1444    1186.8314
    1445    1191.0095
    1446    1193.3555
    1447    1193.2217
    1448    1190.0255
    1449    1183.4960
    1450    1174.0888
    1451    1163.3178
    1452    1153.7442
    1453    1148.5025
    1454    1150.4345
    1455    1161.0689
    1456    1179.7855
    1457    1203.5472
    1458    1227.4795
    1459    1246.2713
    1460    1255.9095
    1461    1254.9767
    1462    1244.9417
    1463    1229.3723
    1464    1212.4481
    1465    1197.3920
    1466    1185.4349
    1467    1175.7202
    1468    1166.1095
    1469    1154.4580
    1470    1139.7320
    1471    1122.5084
    1472    1104.7327
    1473    1088.9479
    1474    1077.3658
    1475    1071.1508
    1476    1070.1590
    1477    1073.1974
    1478    1078.6638
    1479    1085.2793
    1480    1092.6028
    1481    1101.1039
    1482    1111.7694
    1483    1125.4085
    1484    1141.9588
    1485    1160.0979
    1486    1177.3658
    1487    1190.8249
    1488    1198.0656
    1489    1198.2005
    1490    1192.4503
    1491    1184.0132
    1492    1177.1833
    1493    1175.9760
    1494    1182.7311
    1495    1197.1867
    1496    1216.3668
    1497    1235.3837
    1498    1248.9552
    1499    1253.1680
    1500    1246.8947
    1501    1232.3555
    1502    1214.5714
    1503    1199.8132
    1504    1193.4887
    1505    1198.1600
    1506    1212.4126
    1507    1231.0563
    1508    1246.6737
    1509    1252.0102
    1510    1242.3990
    1511    1217.4209
    1512    1181.2452
    1513    1141.5024
    1514    1107.0032
    1515    1085.0270
    1516    1079.0762
    1517    1087.8302
    1518    1105.6200
    1519    1124.2736
    1520    1135.7784
    1521    1134.9633
    1522    1121.3136
    1523    1099.2274
    1524    1076.5144
    1525    1061.6126
    1526    1060.5284
    1527    1074.6132
    1528    1099.9838
    1529    1128.7818
    1530    1151.8339
    1531    1161.8019
    1532    1155.7306
    1533    1136.0816
    1534    1109.8825
    1535    1086.3146
    1536    1073.6203
    1537    1076.4155
    1538    1094.2952
    1539    1122.1765
    1540    1152.2440
    1541    1176.7894
    1542    1190.9034
    1543    1194.0003
    1544    1189.6518
    1545    1183.8761
    1546    1182.6557
    1547    1189.6736
    1548    1205.0947
    1549    1225.7131
    1550    1246.2744
    1551    1261.3793
    1552    1267.2746
    1553    1262.9451
    1554    1250.2262
    1555    1232.9960
    1556    1215.8098
    1557    1202.4524
    1558    1194.8783
    1559    1192.8493
    1560    1194.3304
    1561    1196.4172
    1562    1196.4087
    1563    1192.6433
    1564    1184.8681
    1565    1174.1166
    1566    1162.2203
    1567    1151.1776
    1568    1142.5903
    1569    1137.3176
    1570    1135.4190
    1571    1136.3536
    1572    1139.3208
    1573    1143.6030
    1574    1148.7940
    1575    1154.9019
    1576    1162.3495
    1577    1171.8031
    1578    1183.6463
    1579    1197.2006
    1580    1210.3849
    1581    1220.3378
    1582    1224.5910
    1583    1222.0349
    1584    1213.2634
    1585    1200.2983
    1586    1185.8951
    1587    1172.7453
    1588    1162.8050
    1589    1156.8723
    1590    1154.4752
    1591    1154.1284
    1592    1153.9197
    1593    1152.2636
    1594    1148.5124
    1595    1143.1528
    1596    1137.4972
    1597    1133.0227
    1598    1130.6720
    1599    1130.4150
    1600    1131.2443
    1601    1131.5726
    1602    1129.8363
    1603    1125.0349
    1604    1116.9836
    1605    1106.2036
    1606    1093.5566
    1607    1079.8624
    1608    1065.7234
    1609    1051.6693
    1610    1038.5091
    1611    1027.6426
    1612    1021.0575
    1613    1020.9049
    1614    1028.7694
    1615    1044.9322
    1616    1067.9530
    1617    1094.7923
    1618    1121.5310
    1619    1144.4974
    1620    1161.4058
    1621    1172.0595
    1622    1178.3233
    1623    1183.3585
    1624    1190.3481
    1625    1201.1325
    1626    1215.2371
    1627    1229.6979
    1628    1239.8523
    1629    1240.9013
    1630    1229.7202
    1631    1206.2472
    1632    1173.9075
    1633    1138.8757
    1634    1108.3748
    1635    1088.5523
    1636    1082.6338
    1637    1089.9830
    1638    1106.4085
    1639    1125.6396
    1640    1141.4841
    1641    1149.9064
    1642    1150.2729
    1643    1145.3284
    1644    1139.9525
    1645    1139.2027
    1646    1146.3550
    1647    1161.6004
    1648    1181.8152
    1649    1201.4630
    1650    1214.3150
    1651    1215.4182
    1652    1202.6845
    1653    1177.6051
    1654    1144.8900
    1655    1111.1474
    1656    1083.0384
    1657    1065.4708
    1658    1060.3623
    1659    1066.3152
    1660    1079.2659
    1661    1093.9072
    1662    1105.4594
    1663    1111.2431
    1664    1111.5357
    1665    1109.3879
    1666    1109.4389
    1667    1116.1371
    1668    1132.0093
    1669    1156.5793
    1670    1186.2722
    1671    1215.3215
    1672    1237.4051
    1673    1247.5257
    1674    1243.5421
    1675    1226.8231
    1676    1201.7756
    1677    1174.4116
    1678    1150.4643
    1679    1133.7359
    1680    1125.2322
    1681    1123.3157
    1682    1124.7113
    1683    1125.8901
    1684    1124.2986
    1685    1119.0462
    1686    1110.9450
    1687    1102.0159
    1688    1094.7158
    1689    1091.1632
    1690    1092.5871
    1691    1099.1108
    1692    1109.8501
    1693    1123.2427
    1694    1137.4804
    1695    1150.9185
    1696    1162.3719
    1697    1171.2424
    1698    1177.4795
    1699    1181.4153
    1700    1183.5472
    1701    1184.3368
    1702    1184.0585
    1703    1182.7061
    1704    1179.9542
    1705    1175.2217
    1706    1167.9001
    1707    1157.7299
    1708    1145.1560
    1709    1131.4445
    1710    1118.4593
    1711    1108.1608
    1712    1101.9824
    1713    1100.2947
    1714    1102.1715
    1715    1105.6218
    1716    1108.2761
    1717    1108.3046
    1718    1105.2031
    1719    1100.1162
    1720    1095.4959
    1721    1094.1292
    1722    1097.8546
    1723    1106.4959
    1724    1117.5415
    1725    1126.8285
    1726    1130.0278
    1727    1124.3385
    1728    1109.6734
    1729    1088.8517
    1730    1066.7239
    1731    1048.5734
    1732    1038.3864
    1733    1037.6170
    1734    1044.8995
    1735    1056.7775
    1736    1069.1244
    1737    1078.6693
    1738    1084.0478
    1739    1086.0412
    1740    1087.0060
    1741    1089.8002
    1742    1096.6615
    1743    1108.4406
    1744    1124.3912
    1745    1142.4621
    1746    1159.8819
    1747    1173.7924
    1748    1181.7758
    1749    1182.2317
    1750    1174.6273
    1751    1159.6579
    1752    1139.3020
    1753    1116.7042
    1754    1095.7729
    1755    1080.4327
    1756    1073.6407
    1757    1076.4391
    1758    1087.4040
    1759    1102.7865
    1760    1117.4210
    1761    1126.2039
    1762    1125.6977
    1763    1115.3225
    1764    1097.6776
    1765    1077.8219
    1766    1061.6951
    1767    1054.1969
    1768    1057.5909
    1769    1070.8194
    1770    1089.9769
    1771    1109.7802
    1772    1125.5116
    1773    1134.7437
    1774    1138.2277
    1775    1139.6150
    1776    1144.0928
    1777    1156.3835
    1778    1178.8038
    1779    1210.0663
    1780    1245.2629
    1781    1277.0554
    1782    1297.6873
    1783    1301.1680
    1784    1284.9565
    1785    1250.6538
    1786    1203.5455
    1787    1151.1786
    1788    1101.4145
    1789    1060.5201
    1790    1031.8148
    1791    1015.2371
    1792    1007.9264
    1793    1005.6199
    1794    1004.3953
    1795    1002.1941
    1796     999.6323
    1797     999.8057
    1798    1007.1022
    1799    1025.3801
    1800    1056.1912
    1801    1097.7390
    1802    1144.9521
    1803    1190.6444
    1804    1227.4114
    1805    1249.7203
    1806    1255.5328
    1807    1246.8877
    1808    1229.1571
    1809    1209.1787
    1810    1192.9301
    1811    1183.6135
    1812    1180.8558
    1813    1181.2613
    1814    1180.0520
    1815    1173.1630
    1816    1159.0363
    1817    1139.4721
    1818    1119.2166
    1819    1104.3924
    1820    1100.3059
    1821    1109.4447
    1822    1130.4524
    1823    1158.4844
    1824    1186.7707
    1825    1208.7831
    1826    1220.2553
    1827    1220.3667
    1828    1211.6729
    1829    1198.8632
    1830    1186.8983
    1831    1179.2799
    1832    1177.0580
    1833    1178.8333
    1834    1181.6416
    1835    1182.3217
    1836    1178.8188
    1837    1170.8856
    1838    1159.8851
    1839    1147.8634
    1840    1136.4813
    1841    1126.4064
    1842    1117.3343
    1843    1108.4144
    1844    1098.7887
    1845    1088.0608
    1846    1076.5787
    1847    1065.4216
    1848    1056.0857
    1849    1050.0053
    1850    1048.1155
    1851    1050.6311
    1852    1057.1011
    1853    1066.6733
    1854    1078.4281
    1855    1091.6250
    1856    1105.7520
    1857    1120.3576
    1858    1134.7694
    1859    1147.8893
    1860    1158.2442
    1861    1164.3240
    1862    1165.0752
    1863    1160.3130
    1864    1150.8489
    1865    1138.2924
    1866    1124.6353
    1867    1111.8091
    1868    1101.3833
    1869    1094.4657
    1870    1091.7434
    1871    1093.5221
    1872    1099.6621
    1873    1109.4207
    1874    1121.3361
    1875    1133.2990
    1876    1142.8913
    1877    1147.9433
    1878    1147.1392
    1879    1140.4311
    1880    1129.0692
    1881    1115.2126
    1882    1101.2495
    1883    1089.0727
    1884    1079.5642
    1885    1072.4571
    1886    1066.5945
    1887    1060.4788
    1888    1052.9153
    1889    1043.5449
    1890    1033.1056
    1891    1023.3655
    1892    1016.7592
    1893    1015.8256
    1894    1022.5796
    1895    1037.9489
    1896    1061.3863
    1897    1090.7429
    1898    1122.4506
    1899    1152.0539
    1900    1175.0680
    1901    1188.0143
    1902    1189.3618
    1903    1180.0649
    1904    1163.4731
    1905    1144.5557
    1906    1128.5836
    1907    1119.6042
    1908    1119.1784
    1909    1125.8268
    1910    1135.4597
    1911    1142.7012
    1912    1142.7009
    1913    1132.8509
    1914    1113.8628
    1915    1089.8270
    1916    1067.1361
    1917    1052.4920
    1918    1050.5909
    1919    1062.2999
    1920    1084.0508
    1921    1108.7628
    1922    1128.0471
    1923    1134.9646
    1924    1126.4026
    1925    1104.2240
    1926    1074.7865
    1927    1046.9711
    1928    1029.3711
    1929    1027.5792
    1930    1042.4568
    1931    1069.9423
    1932    1102.4292
    1933    1131.2276
    1934    1149.3092
    1935    1153.4735
    1936    1145.2741
    1937    1130.4135
    1938    1116.7961
    1939    1111.8507
    1940    1119.9793
    1941    1140.9474
    1942    1169.7699
    1943    1198.1784
    1944    1217.2179
    1945    1220.1111
    1946    1204.4723
    1947    1173.1891
    1948    1133.7269
    1949    1096.0745
    1950    1069.9266
    1951    1061.8806
    1952    1073.4229
    1953    1100.3278
    1954    1133.7815
    1955    1163.0520
    1956    1178.9318
    1957    1176.7935
    1958    1158.1744
    1959    1130.2989
    1960    1103.6459
    1961    1088.3223
    1962    1090.4893
    1963    1110.1160
    1964    1140.8872
    1965    1172.2908
    1966    1193.1595
    1967    1195.4542
    1968    1177.0196
    1969    1142.3658
    1970    1101.1898
    1971    1065.1240
    1972    1043.8267
    1973    1041.7636
    1974    1056.8012
    1975    1081.0950
    1976    1103.9483
    1977    1115.6210
    1978    1110.7365
    1979    1090.1061
    1980    1060.3742
    1981    1031.6569
    1982    1014.0331
    1983    1014.1045
    1984    1032.7973
    1985    1065.1162
    1986    1101.8676
    1987    1132.6655
    1988    1149.1391
    1989    1147.3054
    1990    1128.4432
    1991    1098.3422
    1992    1065.2861
    1993    1037.4866
    1994    1020.7998
    1995    1017.4000
    1996    1025.7000
    1997    1041.3897
    1998    1059.1423
    1999    1074.4187
    2000    1084.8255
