#Frame              T
       1    1153.4542
       2    1129.3549
       3    1110.3902
       4    1142.2634
       5    1133.4502
       6    1113.7774
       7    1155.5488
       8    1156.7374
       9    1051.4277
      10    1048.8408
      11    1010.5642
      12     978.5633
      13    1015.3473
      14    1085.5565
      15     999.6114
      16    1043.8351
      17     973.5540
      18     944.4895
      19    1052.8669
      20     928.2743
      21     973.2458
      22     988.5949
      23    1026.6684
      24     912.7579
      25     820.0392
      26     955.0378
      27     852.3297
      28     963.5995
      29     927.9110
      30     976.4536
      31     951.4052
      32     881.1384
      33     950.2297
      34     906.6964
      35     970.2444
      36     865.7692
      37     796.1106
      38     782.1810
      39     820.0745
      40     941.6388
      41     847.2308
      42     761.7991
      43     859.4488
      44     821.0557
      45     811.0690
      46     879.7452
      47     969.7705
      48     885.9692
      49     803.7290
      50     714.9678
      51     854.1517
      52     898.5449
      53     925.4285
      54     863.7131
      55     879.1268
      56     770.7068
      57     806.1180
      58     771.8533
      59     785.1570
      60     882.0183
      61     775.2015
      62     731.0989
      63     659.0841
      64     743.2137
      65     727.0307
      66     800.9331
      67     749.5814
      68     761.9481
      69     790.5651
      70     693.6902
      71     753.0903
      72     723.4365
      73     736.2761
      74     748.6884
      75     758.4569
      76     704.0711
      77     685.6527
      78     676.3965
      79     770.5311
      80     738.1263
      81     775.4664
      82     700.3776
      83     696.2504
      84     735.2085
      85     747.1551
      86     671.7510
      87     691.6616
      88     682.7149
      89     631.1824
      90     639.0139
      91     627.5091
      92     611.2544
      93     576.1404
      94     680.8421
      95     653.5519
      96     652.9050
      97     645.4443
      98     557.3264
      99     615.2650
     100     627.0421
     101     641.2643
     102     727.8016
     103     645.8730
     104     623.5540
     105     612.7417
     106     639.4947
     107     632.5233
     108     585.3113
     109     588.3712
     110     635.3009
     111     605.9330
     112     647.6383
     113     629.2145
     114     626.9613
     115     652.4662
     116     611.7958
     117     625.1591
     118     636.5140
     119     590.1556
     120     613.1065
     121     595.3374
     122     547.4181
     123     581.7174
     124     522.7545
     125     628.3385
     126     530.6015
     127     588.7448
     128     506.5531
     129     577.9630
     130     576.1552
     131     534.2448
     132     577.5941
     133     541.5894
     134     574.6123
     135     591.3002
     136     620.5092
     137     494.8736
     138     481.8070
     139     536.6812
     140     587.1741
     141     572.8374
     142     620.9379
     143     585.3470
     144     539.8875
     145     545.1696
     146     519.1249
     147     564.6020
     148     541.4479
     149     572.8945
     150     562.0220
     151     538.5195
     152     551.5361
     153     513.0719
     154     570.0078
     155     542.1565
     156     541.4438
     157     500.2986
     158     515.1071
     159     482.7544
     160     543.8818
     161     500.8525
     162     531.3388
     163     510.6408
     164     528.8084
     165     505.5631
     166     495.9786
     167     490.7811
     168     474.9691
     169     518.1530
     170     508.1605
     171     479.3674
     172     469.4217
     173     485.6131
     174     517.1649
     175     529.6662
     176     506.7242
     177     505.2219
     178     500.6373
     179     541.2091
     180     525.8865
     181     528.3103
     182     466.0226
     183     487.6840
     184     474.9569
     185     486.1804
     186     471.2581
     187     527.6509
     188     488.6606
     189     460.5682
     190     521.8176
     191     498.7424
     192     521.4906
     193     480.1515
     194     496.5471
     195     471.8427
     196     520.5394
     197     467.1239
     198     478.6422
     199     482.7896
     200     492.9172
     201     437.0069
     202     505.6696
     203     482.4526
     204     497.6818
     205     479.9140
     206     501.4502
     207     446.7362
     208     466.1896
     209     445.8275
     210     449.9943
     211     491.9861
     212     494.8214
     213     479.1378
     214     450.1897
     215     449.6715
     216     449.9910
     217     478.1355
     218     471.4567
     219     465.5348
     220     478.6240
     221     451.5310
     222     454.0611
     223     438.6631
     224     426.0038
     225     428.8247
     226     438.8240
     227     473.2159
     228     440.8144
     229     452.2698
     230     404.5199
     231     433.4813
     232     426.3728
     233     451.2199
     234     459.5980
     235     450.0769
     236     440.5585
     237     414.4649
     238     430.2535
     239     436.2683
     240     423.1005
     241     450.1278
     242     408.1878
     243     439.7173
     244     441.4027
     245     377.4539
     246     431.4618
     247     401.9982
     248     427.7786
     249     413.4446
     250     448.5292
     251     434.6259
     252     395.5744
     253     436.4501
     254     408.1719
     255     447.3644
     256     455.3084
     257     377.2189
     258     386.0887
     259     396.2133
     260     427.5757
     261     410.5388
     262     432.7145
     263     419.8733
     264     424.0005
     265     438.8669
     266     398.1975
     267     385.7837
     268     405.9648
     269     441.2817
     270     410.6065
     271     387.8019
     272     389.0645
     273     400.1013
     274     405.8334
     275     409.3929
     276     417.4541
     277     448.6399
     278     395.7957
     279     408.4196
     280     412.9906
     281     378.7925
     282     385.8616
     283     374.6227
     284     422.9548
     285     362.3533
     286     368.7148
     287     416.8604
     288     431.4401
     289     438.4424
     290     433.2103
     291     463.9604
     292     443.3928
     293     433.3837
     294     401.4906
     295     372.0504
     296     380.6958
     297     452.8355
     298     390.4818
     299     395.9527
     300     397.5611
     301     406.4725
     302     363.1766
     303     399.9664
     304     392.0054
     305     396.1012
     306     404.9150
     307     386.2623
     308     352.9837
     309     424.8852
     310     413.4707
     311     397.4910
     312     355.5266
     313     366.1929
     314     421.9569
     315     399.9439
     316     426.7427
     317     361.1364
     318     394.8774
     319     406.4204
     320     378.9855
     321     427.8686
     322     400.6864
     323     404.7334
     324     417.7800
     325     461.1171
     326     408.6883
     327     453.7428
     328     452.1858
     329     446.9891
     330     407.7928
     331     414.3890
     332     355.9398
     333     386.8885
     334     388.4884
     335     445.1661
     336     357.8417
     337     401.2730
     338     438.4493
     339     382.7891
     340     426.6085
     341     410.4883
     342     345.1009
     343     375.7087
     344     414.0877
     345     405.5912
     346     379.9590
     347     377.6878
     348     378.2437
     349     412.1017
     350     398.0221
     351     375.0717
     352     377.0706
     353     385.7100
     354     359.2686
     355     362.4326
     356     399.0232
     357     376.1638
     358     361.7553
     359     369.6617
     360     355.6683
     361     313.2333
     362     348.6498
     363     327.7271
     364     393.5940
     365     326.5734
     366     365.5256
     367     353.2213
     368     349.0401
     369     366.0570
     370     378.6365
     371     362.5157
     372     361.7858
     373     349.8010
     374     304.0462
     375     360.0547
     376     324.6186
     377     380.0341
     378     383.1594
     379     384.5331
     380     363.8850
     381     337.3283
     382     363.6363
     383     361.4983
     384     398.5687
     385     372.8455
     386     375.5104
     387     344.5106
     388     360.5971
     389     385.3288
     390     403.1006
     391     386.8529
     392     383.6162
     393     365.6231
     394     348.7753
     395     340.7990
     396     344.8186
     397     386.0362
     398     369.2549
     399     375.0827
     400     342.1784
