#Frame              T
       1    1115.5350
       2    1044.3613
       3    1138.1900
       4     959.0516
       5    1065.5813
       6    1152.2284
       7    1110.1619
       8    1011.9458
       9     978.6175
      10    1166.1188
      11    1055.8892
      12    1062.7598
      13    1111.6825
      14    1111.2874
      15     968.1786
      16    1025.2673
      17    1058.1697
      18     934.7186
      19     969.7841
      20     928.2068
      21     928.7297
      22    1000.3829
      23     932.1165
      24    1005.3791
      25     918.2203
      26     957.1446
      27     920.9750
      28     901.0719
      29     891.3496
      30     952.4774
      31     931.1605
      32     835.0908
      33     819.1001
      34     974.3535
      35     904.9044
      36     940.5142
      37     888.5087
      38     871.3064
      39     893.4778
      40     746.4334
      41     777.6076
      42     758.7800
      43     824.5602
      44     847.4976
      45     768.9286
      46     841.5564
      47     806.2087
      48     774.7761
      49     879.8231
      50     774.3782
      51     837.9313
      52     743.8084
      53     777.3254
      54     776.7448
      55     805.0047
      56     807.8839
      57     787.4143
      58     825.3424
      59     784.4844
      60     796.4555
      61     743.3719
      62     767.8834
      63     736.2603
      64     791.1538
      65     783.5179
      66     646.4616
      67     696.5545
      68     668.9673
      69     728.6841
      70     673.7302
      71     741.0052
      72     651.8634
      73     708.0953
      74     684.1372
      75     638.4429
      76     708.7218
      77     690.1363
      78     779.0346
      79     734.5913
      80     734.6501
      81     756.4902
      82     710.1539
      83     692.6084
      84     698.2343
      85     690.9013
      86     667.3540
      87     670.5103
      88     686.0856
      89     632.5991
      90     636.6769
      91     658.7783
      92     673.6618
      93     664.1982
      94     639.9952
      95     620.2252
      96     615.6782
      97     660.9632
      98     615.8872
      99     576.5376
     100     586.1436
     101     590.2592
     102     651.1133
     103     616.2599
     104     609.1492
     105     599.3027
     106     577.8214
     107     636.0769
     108     592.7367
     109     588.1848
     110     548.2196
     111     603.2469
     112     580.3981
     113     560.8477
     114     524.7127
     115     569.8698
     116     502.7685
     117     555.8812
     118     525.7913
     119     558.3615
     120     539.0203
     121     564.9496
     122     570.5868
     123     559.3724
     124     568.0588
     125     571.5628
     126     556.8377
     127     524.6054
     128     550.1629
     129     551.8217
     130     527.9858
     131     553.9748
     132     463.9244
     133     453.5486
     134     497.8118
     135     544.5670
     136     557.9762
     137     561.5861
     138     511.2914
     139     524.7849
     140     499.0094
     141     470.5002
     142     502.1151
     143     500.6732
     144     478.6510
     145     485.3500
     146     526.1577
     147     488.9991
     148     499.6689
     149     487.2161
     150     463.7885
     151     513.5179
     152     495.6029
     153     479.8160
     154     466.8289
     155     497.1047
     156     518.3725
     157     502.4147
     158     465.3189
     159     424.0699
     160     421.0016
     161     452.8653
     162     475.5860
     163     473.8711
     164     483.6231
     165     444.7647
     166     479.0896
     167     440.5844
     168     485.3273
     169     460.1916
     170     463.8342
     171     453.5902
     172     496.4241
     173     483.9951
     174     445.5714
     175     477.5122
     176     468.1284
     177     406.6252
     178     391.9944
     179     442.7946
     180     475.0538
     181     446.1159
     182     420.1107
     183     434.0735
     184     501.1806
     185     413.1608
     186     444.0841
     187     421.5372
     188     440.7217
     189     446.1828
     190     389.7263
     191     450.2578
     192     425.8766
     193     479.6114
     194     405.7384
     195     482.6081
     196     418.7957
     197     426.3915
     198     423.3839
     199     428.9539
     200     425.0352
     201     406.8242
     202     400.0382
     203     473.2496
     204     414.2045
     205     416.8309
     206     441.6318
     207     420.0146
     208     423.2808
     209     414.9796
     210     464.6917
     211     428.9403
     212     433.2083
     213     455.2040
     214     457.1974
     215     408.9422
     216     413.7460
     217     363.8291
     218     427.3108
     219     424.2363
     220     429.9993
     221     384.8625
     222     397.5788
     223     460.3488
     224     465.8814
     225     489.7782
     226     445.1572
     227     424.7258
     228     440.1277
     229     384.0846
     230     411.9557
     231     433.8818
     232     459.5922
     233     439.9351
     234     426.2143
     235     446.7378
     236     425.3654
     237     452.4858
     238     418.9230
     239     427.4073
     240     395.2554
     241     423.5365
     242     426.6486
     243     384.5103
     244     387.8247
     245     393.3922
     246     401.1610
     247     413.5469
     248     407.6960
     249     410.8721
     250     382.7757
     251     433.2471
     252     394.1104
     253     421.1446
     254     404.3972
     255     381.0429
     256     409.7206
     257     415.7004
     258     419.4838
     259     409.7855
     260     420.4840
     261     407.6970
     262     417.3854
     263     434.6321
     264     405.0484
     265     433.0561
     266     406.2854
     267     415.3699
     268     387.8211
     269     405.6941
     270     404.8784
     271     424.4482
     272     434.4879
     273     389.4392
     274     445.2774
     275     414.8998
     276     442.3551
     277     435.0970
     278     450.8785
     279     420.4006
     280     422.6218
     281     416.6604
     282     396.7524
     283     408.8144
     284     392.1881
     285     355.7132
     286     395.6530
     287     383.2804
     288     389.9970
     289     367.4469
     290     402.0585
     291     380.2032
     292     354.5357
     293     344.0706
     294     340.0824
     295     399.3375
     296     382.1856
     297     364.1107
     298     322.1318
     299     350.9599
     300     363.0240
     301     344.8929
     302     351.9284
     303     343.2933
     304     342.7742
     305     375.1826
     306     351.8050
     307     357.4601
     308     359.2488
     309     375.4496
     310     358.5848
     311     329.6291
     312     327.1356
     313     317.6022
     314     325.0444
     315     358.5531
     316     355.5627
     317     332.4740
     318     362.6740
     319     374.9657
     320     366.5771
     321     342.9262
     322     361.5314
     323     354.5851
     324     363.3291
     325     342.9508
     326     347.2808
     327     341.1073
     328     345.9063
     329     348.8922
     330     343.0991
     331     367.8448
     332     333.9537
     333     391.7928
     334     366.3445
     335     352.3859
     336     347.1451
     337     355.2981
     338     374.4763
     339     340.6215
     340     351.3658
     341     312.0339
     342     334.5015
     343     330.0308
     344     333.1941
     345     302.9054
     346     353.3088
     347     325.8986
     348     349.9048
     349     331.6208
     350     378.1079
     351     344.7209
     352     368.8599
     353     367.1366
     354     405.1843
     355     333.1758
     356     387.5544
     357     361.6641
     358     391.1334
     359     337.8237
     360     385.3849
     361     351.8342
     362     350.6264
     363     345.8546
     364     362.0589
     365     338.1827
     366     348.7142
     367     379.9715
     368     354.9756
     369     367.6039
     370     347.9410
     371     372.3298
     372     377.2831
     373     384.5447
     374     395.3846
     375     362.1581
     376     333.0522
     377     340.5814
     378     350.5099
     379     326.7840
     380     341.9504
     381     345.3624
     382     337.7683
     383     296.0528
     384     377.3487
     385     326.5850
     386     340.1957
     387     344.1254
     388     348.4765
     389     370.5975
     390     372.5538
     391     346.5271
     392     318.5038
     393     346.4711
     394     325.7124
     395     348.2398
     396     354.9864
     397     346.1824
     398     366.0523
     399     332.9601
     400     318.0536
