#Frame              T
       1    2989.3336
       2    2891.7047
       3    2728.1498
       4    2529.6276
       5    2328.4060
       6    2149.7418
       7    2006.4105
       8    1897.6226
       9    1812.3636
      10    1735.7395
      11    1655.9867
      12    1569.7049
      13    1483.5853
      14    1412.1710
      15    1372.5725
      16    1378.0578
      17    1432.7510
      18    1529.2188
      19    1649.7041
      20    1770.5431
      21    1868.2976
      22    1925.6732
      23    1935.4904
      24    1901.7083
      25    1837.4554
      26    1760.8907
      27    1690.2198
      28    1639.2635
      29    1614.6406
      30    1615.0966
      31    1632.8825
      32    1656.6151
      33    1674.7458
      34    1678.7953
      35    1665.6587
      36    1638.4797
      37    1605.7656
      38    1578.7792
      39    1567.8236
      40    1578.5817
      41    1609.8014
      42    1653.2120
      43    1695.8127
      44    1723.8657
      45    1727.3554
      46    1703.4783
      47    1658.0026
      48    1603.9488
      49    1557.9062
      50    1535.0645
      51    1544.4910
      52    1586.1288
      53    1650.5428
      54    1721.6976
      55    1781.9920
      56    1817.7145
      57    1822.9403
      58    1800.6946
      59    1761.2827
      60    1718.5560
      61    1685.4101
      62    1669.9397
      63    1673.3599
      64    1690.2078
      65    1710.5914
      66    1723.6435
      67    1721.0390
      68    1699.5415
      69    1661.9391
      70    1616.2169
      71    1573.2915
      72    1543.9512
      73    1535.7985
      74    1550.9646
      75    1585.2460
      76    1629.0617
      77    1670.1212
      78    1697.0193
      79    1702.5633
      80    1685.7683
      81    1651.9491
      82    1610.9307
      83    1573.9612
      84    1550.2705
      85    1544.3569
      86    1554.8575
      87    1575.3759
      88    1596.9916
      89    1611.5628
      90    1614.5892
      91    1606.4899
      92    1591.8530
      93    1577.2011
      94    1568.3131
      95    1568.0090
      96    1575.0760
      97    1584.7275
      98    1590.4508
      99    1586.5389
     100    1570.3351
     101    1543.3206
     102    1510.6235
     103    1479.1614
     104    1455.1797
     105    1442.2148
     106    1440.2866
     107    1446.5416
     108    1456.9474
     109    1468.2396
     110    1479.2955
     111    1491.4576
     112    1507.7457
     113    1531.3244
     114    1563.8094
     115    1604.0707
     116    1647.9993
     117    1689.3493
     118    1721.3639
     119    1738.6184
     120    1738.4644
     121    1721.6252
     122    1691.7809
     123    1654.3228
     124    1614.7646
     125    1577.4211
     126    1544.7625
     127    1517.5029
     128    1495.1465
     129    1476.6329
     130    1460.8349
     131    1446.8290
     132    1434.0025
     133    1422.1171
     134    1411.4132
     135    1402.7296
     136    1397.5338
     137    1397.6985
     138    1404.9349
     139    1419.9538
     140    1441.7141
     141    1467.2318
     142    1492.2130
     143    1512.3160
     144    1524.5100
     145    1527.9941
     146    1524.3607
     147    1517.0147
     148    1510.0705
     149    1507.0690
     150    1509.8730
     151    1518.0762
     152    1529.1319
     153    1539.1572
     154    1544.1271
     155    1541.0634
     156    1528.8850
     157    1508.7021
     158    1483.5182
     159    1457.4497
     160    1434.6735
     161    1418.3646
     162    1409.8676
     163    1408.3185
     164    1410.8474
     165    1413.3746
     166    1411.8964
     167    1403.9704
     168    1389.9327
     169    1373.2889
     170    1359.9877
     171    1356.7727
     172    1369.0991
     173    1399.1260
     174    1444.3913
     175    1497.8143
     176    1549.3209
     177    1588.7487
     178    1609.0893
     179    1608.8992
     180    1592.8999
     181    1570.3952
     182    1551.9553
     183    1545.5379
     184    1553.4901
     185    1571.6013
     186    1590.5844
     187    1599.4753
     188    1589.7338
     189    1558.5915
     190    1510.4430
     191    1455.7427
     192    1407.7170
     193    1377.9942
     194    1372.7536
     195    1390.8659
     196    1424.6428
     197    1462.7395
     198    1494.0286
     199    1511.0786
     200    1512.1099
     201    1500.9318
     202    1485.0716
     203    1472.9069
     204    1470.8691
     205    1481.6365
     206    1503.7877
     207    1532.7915
     208    1562.7706
     209    1588.3355
     210    1605.9348
     211    1614.4537
     212    1615.0615
     213    1610.5428
     214    1604.4287
     215    1600.1718
     216    1600.4278
     217    1606.4459
     218    1617.6218
     219    1631.3494
     220    1643.3196
     221    1648.3765
     222    1641.8712
     223    1621.2319
     224    1587.2411
     225    1544.4620
     226    1500.4594
     227    1463.8977
     228    1442.0339
     229    1438.4595
     230    1451.9075
     231    1476.6095
     232    1504.1177
     233    1525.9637
     234    1536.2054
     235    1532.9941
     236    1518.6867
     237    1498.6009
     238    1478.9553
     239    1464.7395
     240    1458.1710
     241    1458.1474
     242    1460.7873
     243    1460.8362
     244    1453.4922
     245    1436.0939
     246    1409.1935
     247    1376.7113
     248    1345.1018
     249    1321.6822
     250    1312.5224
     251    1320.5675
     252    1344.7018
     253    1380.0764
     254    1419.4357
     255    1454.9073
     256    1479.7915
     257    1490.0326
     258    1485.1019
     259    1468.0809
     260    1444.8508
     261    1422.5358
     262    1407.5892
     263    1404.0618
     264    1412.5707
     265    1430.3115
     266    1452.1618
     267    1472.5461
     268    1487.4179
     269    1495.6066
     270    1499.0058
     271    1501.5556
     272    1507.4480
     273    1519.2547
     274    1536.6824
     275    1556.4023
     276    1573.0197
     277    1580.8081
     278    1575.5592
     279    1555.9061
     280    1523.7145
     281    1483.4976
     282    1441.1562
     283    1402.5294
     284    1372.2399
     285    1353.1323
     286    1346.3112
     287    1351.5605
     288    1367.8169
     289    1393.4274
     290    1426.1592
     291    1463.1362
     292    1500.9710
     293    1536.2119
     294    1565.9813
     295    1588.5419
     296    1603.5577
     297    1611.9658
     298    1615.4372
     299    1615.5380
     300    1612.9207
     301    1607.0046
     302    1596.4398
     303    1580.2194
     304    1558.9038
     305    1535.2846
     306    1514.0087
     307    1500.1687
     308    1497.3702
     309    1506.0823
     310    1523.0355
     311    1542.0335
     312    1555.9845
     313    1559.4206
     314    1550.5201
     315    1531.8076
     316    1509.2330
     317    1489.9836
     318    1479.8834
     319    1481.3455
     320    1492.5923
     321    1508.3929
     322    1522.0511
     323    1527.9244
     324    1523.5003
     325    1510.2161
     326    1492.7560
     327    1477.1970
     328    1468.7844
     329    1470.1579
     330    1480.5956
     331    1496.4442
     332    1512.4773
     333    1523.6241
     334    1526.4518
     335    1519.9511
     336    1505.4945
     337    1486.1331
     338    1465.5587
     339    1447.1046
     340    1433.0574
     341    1424.3996
     342    1420.9465
     343    1421.7161
     344    1425.3461
     345    1430.4047
     346    1435.5321
     347    1439.4574
     348    1441.0133
     349    1439.2712
     350    1433.8102
     351    1425.0004
     352    1414.1342
     353    1403.2722
     354    1394.7737
     355    1390.6243
     356    1391.7546
     357    1397.5912
     358    1406.0333
     359    1413.9447
     360    1418.0845
     361    1416.2370
     362    1408.1747
     363    1396.0758
     364    1384.1432
     365    1377.4408
     366    1380.2906
     367    1394.7504
     368    1419.6839
     369    1450.7446
     370    1481.3190
     371    1504.2067
     372    1513.6071
     373    1506.8707
     374    1485.4997
     375    1455.0174
     376    1423.5889
     377    1399.6894
     378    1389.4926
     379    1394.8422
     380    1412.5413
     381    1435.2894
     382    1454.0808
     383    1461.3376
     384    1453.7135
     385    1433.4822
     386    1407.8431
     387    1386.2542
     388    1376.7473
     389    1382.7398
     390    1401.6815
     391    1426.0215
     392    1445.9832
     393    1453.0490
     394    1442.9510
     395    1417.1769
     396    1382.4874
     397    1348.6061
     398    1324.9202
     399    1317.4003
     400    1326.8620
     401    1349.1393
     402    1376.9656
     403    1402.7234
     404    1420.9920
     405    1430.0058
     406    1431.6446
     407    1430.1217
     408    1430.0111
     409    1434.4637
     410    1444.2991
     411    1458.1305
     412    1473.1758
     413    1486.2548
     414    1494.5773
     415    1496.1840
     416    1490.0735
     417    1476.1601
     418    1455.2310
     419    1429.1315
     420    1401.4561
     421    1378.3926
     422    1367.3184
     423    1371.5592
     424    1387.6329
     425    1409.2923
     426    1431.4514
     427    1450.7505
     428    1465.2217
     429    1474.1149
     430    1477.6989
     431    1477.3146
     432    1475.7684
     433    1477.1182
     434    1485.1765
     435    1501.4806
     436    1524.0545
     437    1547.6962
     438    1565.6558
     439    1572.0136
     440    1563.8957
     441    1542.7467
     442    1514.0469
     443    1485.2623
     444    1462.8425
     445    1450.0255
     446    1446.4372
     447    1448.9438
     448    1452.9928
     449    1454.1037
     450    1449.2195
     451    1437.5662
     452    1420.7763
     453    1402.2761
     454    1386.1655
     455    1375.9543
     456    1373.5187
     457    1378.5492
     458    1388.6036
     459    1399.7563
     460    1407.7386
     461    1409.3447
     462    1403.7135
     463    1392.9991
     464    1382.0581
     465    1377.1089
     466    1383.6885
     467    1404.5619
     468    1438.3548
     469    1479.5448
     470    1519.9146
     471    1550.9845
     472    1566.5788
     473    1564.6698
     474    1547.8577
     475    1522.2483
     476    1495.0791
     477    1471.9966
     478    1455.0839
     479    1442.4111
     480    1429.2405
     481    1410.3883
     482    1382.8735
     483    1347.9040
     484    1311.4102
     485    1282.7355
     486    1271.7037
     487    1285.0127
     488    1323.3959
     489    1380.8535
     490    1446.3825
     491    1507.5008
     492    1554.1384
     493    1581.4424
     494    1590.5350
     495    1587.0303
     496    1577.9633
     497    1568.4367
     498    1559.4071
     499    1547.5035
     500    1526.9108
     501    1492.4936
     502    1442.8650
     503    1382.1177
     504    1319.4518
     505    1266.6370
     506    1234.0886
     507    1227.1527
     508    1244.3370
     509    1278.1620
     510    1317.9704
     511    1353.4450
     512    1377.6281
     513    1388.5203
     514    1388.8391
     515    1384.1734
     516    1380.3272
     517    1380.8836
     518    1385.8540
     519    1391.8485
     520    1393.6514
     521    1386.5863
     522    1368.7757
     523    1342.4315
     524    1313.6829
     525    1290.9921
     526    1282.6761
     527    1294.3310
     528    1326.9451
     529    1376.2995
     530    1433.9012
     531    1489.2228
     532    1532.5602
     533    1557.6115
     534    1563.0088
     535    1552.3605
     536    1532.7674
     537    1512.2381
     538    1496.8242
     539    1488.4784
     540    1484.4321
     541    1478.3712
     542    1463.0357
     543    1433.3748
     544    1389.1232
     545    1335.7270
     546    1283.0918
     547    1242.5571
     548    1223.3246
     549    1229.5930
     550    1259.1118
     551    1303.4447
     552    1350.0466
     553    1385.8001
     554    1401.0346
     555    1392.6557
     556    1365.1891
     557    1329.2593
     558    1297.9453
     559    1282.2721
     560    1287.4508
     561    1311.2383
     562    1345.0182
     563    1377.1733
     564    1397.4118
     565    1400.3002
     566    1386.7232
     567    1362.9751
     568    1338.0514
     569    1320.2151
     570    1314.1236
     571    1319.4206
     572    1331.1113
     573    1341.4979
     574    1343.0145
     575    1330.9860
     576    1305.3525
     577    1270.7872
     578    1235.2544
     579    1207.6376
     580    1195.3254
     581    1202.4708
     582    1229.2574
     583    1272.1656
     584    1325.0027
     585    1380.3440
     586    1431.0080
     587    1471.2696
     588    1497.6449
     589    1509.2101
     590    1507.4439
     591    1495.6383
     592    1477.9685
     593    1458.4233
     594    1439.8578
     595    1423.4378
     596    1408.6491
     597    1393.9084
     598    1377.5989
     599    1359.1271
     600    1339.5506
     601    1321.5334
     602    1308.6489
     603    1304.2431
     604    1310.2018
     605    1326.0423
     606    1348.6903
     607    1373.1178
     608    1393.6468
     609    1405.4452
     610    1405.7009
     611    1394.1835
     612    1373.1474
     613    1346.6894
     614    1319.7035
     615    1296.7002
     616    1280.8292
     617    1273.3990
     618    1273.9440
     619    1280.6916
     620    1291.2002
     621    1302.9669
     622    1313.9438
     623    1323.0283
     624    1330.5406
     625    1338.3659
     626    1349.3461
     627    1365.9198
     628    1388.5337
     629    1414.5527
     630    1438.2579
     631    1452.1467
     632    1449.2508
     633    1425.7619
     634    1383.0321
     635    1328.1300
     636    1272.5235
     637    1229.0946
     638    1208.3217
     639    1214.8946
     640    1246.0108
     641    1292.0846
     642    1339.7749
     643    1376.3610
     644    1393.9475
     645    1391.9702
     646    1377.0543
     647    1360.2320
     648    1352.5250
     649    1360.5301
     650    1383.7047
     651    1414.4497
     652    1441.0098
     653    1452.0898
     654    1441.3822
     655    1410.2274
     656    1367.3705
     657    1325.9414
     658    1298.8374
     659    1294.2593
     660    1313.0217
     661    1348.5457
     662    1389.4239
     663    1423.5289
     664    1442.1208
     665    1442.4616
     666    1428.0722
     667    1406.6987
     668    1386.9430
     669    1374.9396
     670    1372.2943
     671    1375.9411
     672    1379.8520
     673    1377.8608
     674    1366.4391
     675    1346.3193
     676    1322.3459
     677    1301.6771
     678    1291.0753
     679    1294.3298
     680    1310.7612
     681    1335.3370
     682    1360.3402
     683    1377.9711
     684    1382.9590
     685    1374.2770
     686    1355.3947
     687    1333.0044
     688    1314.6648
     689    1306.1861
     690    1309.6931
     691    1323.0573
     692    1340.9016
     693    1356.7584
     694    1365.5850
     695    1365.7225
     696    1359.6012
     697    1352.9080
     698    1352.4586
     699    1363.5037
     700    1387.4484
     701    1420.8772
     702    1456.3300
     703    1484.6535
     704    1498.1371
     705    1493.3227
     706    1472.4592
     707    1443.0071
     708    1415.1979
     709    1398.3164
     710    1397.0026
     711    1409.2266
     712    1427.0097
     713    1439.5789
     714    1437.5559
     715    1416.6133
     716    1379.3262
     717    1334.5304
     718    1294.3173
     719    1269.7192
     720    1266.6891
     721    1283.9227
     722    1313.3920
     723    1343.4205
     724    1363.1126
     725    1366.4354
     726    1354.3791
     727    1334.3981
     728    1317.4101
     729    1313.5585
     730    1328.4062
     731    1360.9889
     732    1404.3712
     733    1448.3569
     734    1483.2052
     735    1502.8762
     736    1506.5566
     737    1497.9711
     738    1482.9591
     739    1466.5428
     740    1450.8775
     741    1434.9695
     742    1416.1418
     743    1392.3509
     744    1364.1034
     745    1334.9948
     746    1310.6337
     747    1296.4406
     748    1295.2130
     749    1305.4622
     750    1321.4760
     751    1335.4836
     752    1341.0389
     753    1335.8776
     754    1322.9085
     755    1309.0185
     756    1302.2591
     757    1308.5488
     758    1329.1688
     759    1360.0316
     760    1393.0126
     761    1418.8336
     762    1430.4176
     763    1425.4507
     764    1407.2138
     765    1383.3929
     766    1363.3270
     767    1354.6854
     768    1360.7234
     769    1379.0044
     770    1401.9952
     771    1419.4011
     772    1421.6149
     773    1403.1945
     774    1365.0930
     775    1314.6377
     776    1263.1473
     777    1222.2772
     778    1200.6392
     779    1201.5572
     780    1222.1984
     781    1254.3357
     782    1286.7947
     783    1309.0033
     784    1314.4939
     785    1303.1167
     786    1281.1117
     787    1258.9146
     788    1247.3855
     789    1253.7849
     790    1278.9773
     791    1316.9268
     792    1356.6675
     793    1386.0529
     794    1396.0770
     795    1384.3182
     796    1356.1080
     797    1322.7139
     798    1297.1045
     799    1289.0117
     800    1301.3200
     801    1329.2104
     802    1362.3210
     803    1388.9776
     804    1400.8034
     805    1395.9173
     806    1379.5024
     807    1361.4951
     808    1352.3075
     809    1358.2964
     810    1378.8527
     811    1406.4271
     812    1429.7476
     813    1439.0409
     814    1430.1923
     815    1404.7823
     816    1367.9276
     817    1327.6869
     818    1293.8239
     819    1273.9918
     820    1270.1204
     821    1277.6748
     822    1288.0242
     823    1292.4968
     824    1286.1641
     825    1269.7998
     826    1249.3620
     827    1233.3815
     828    1229.4098
     829    1240.9449
     830    1266.0082
     831    1297.8415
     832    1327.3655
     833    1346.3895
     834    1350.3401
     835    1339.5474
     836    1318.7283
     837    1295.0088
     838    1275.3291
     839    1264.2130
     840    1262.6250
     841    1268.1548
     842    1276.2586
     843    1281.9936
     844    1281.6181
     845    1273.6076
     846    1258.8878
     847    1240.3318
     848    1221.7723
     849    1206.8695
     850    1198.1386
     851    1196.3640
     852    1200.5263
     853    1208.2776
     854    1216.8592
     855    1224.1879
     856    1229.7282
     857    1234.8113
     858    1242.2151
     859    1255.1322
     860    1275.8809
     861    1304.8390
     862    1340.0129
     863    1377.4230
     864    1412.1522
     865    1439.6435
     866    1456.7671
     867    1462.2958
     868    1456.7634
     869    1441.9387
     870    1420.2485
     871    1394.2207
     872    1365.7863
     873    1335.7292
     874    1304.2081
     875    1272.3509
     876    1243.3362
     877    1221.7747
     878    1211.7975
     879    1215.0416
     880    1229.5570
     881    1250.1611
     882    1270.1656
     883    1283.8289
     884    1288.5548
     885    1285.9066
     886    1280.9356
     887    1280.0097
     888    1287.9495
     889    1305.6312
     890    1329.0991
     891    1350.6698
     892    1361.7046
     893    1355.9928
     894    1332.3761
     895    1295.5189
     896    1254.4525
     897    1219.4279
     898    1198.2735
     899    1193.6732
     900    1202.4056
     901    1216.8268
     902    1227.9856
     903    1229.1007
     904    1218.0348
     905    1197.8715
     906    1175.5129
     907    1158.9711
     908    1154.4362
     909    1164.1771
     910    1185.9302
     911    1213.8863
     912    1240.8096
     913    1260.4326
     914    1269.2529
     915    1267.1801
     916    1257.0030
     917    1243.1204
     918    1230.1923
     919    1222.1632
     920    1221.7288
     921    1230.0909
     922    1246.8759
     923    1270.1778
     924    1296.8019
     925    1322.8126
     926    1344.4276
     927    1359.0865
     928    1366.3317
     929    1368.1059
     930    1368.2050
     931    1370.9575
     932    1379.5387
     933    1394.5571
     934    1413.5191
     935    1431.4610
     936    1442.5509
     937    1442.0560
     938    1427.9350
     939    1401.5108
     940    1367.0645
     941    1330.5428
     942    1297.8243
     943    1273.0902
     944    1257.8430
     945    1250.8949
     946    1249.2771
     947    1249.6450
     948    1249.5716
     949    1248.2363
     950    1246.3275
     951    1245.3432
     952    1246.7072
     953    1251.1248
     954    1258.4132
     955    1267.7495
     956    1278.0797
     957    1288.3700
     958    1297.5676
     959    1304.3507
     960    1306.9449
     961    1303.2899
     962    1291.6838
     963    1271.7353
     964    1245.1995
     965    1216.2152
     966    1190.6250
     967    1174.4295
     968    1171.8242
     969    1183.5651
     970    1206.3771
     971    1233.7932
     972    1258.2289
     973    1273.5634
     974    1277.2444
     975    1271.0906
     976    1260.4755
     977    1252.1995
     978    1251.8527
     979    1261.6618
     980    1279.6152
     981    1300.1696
     982    1316.2639
     983    1321.8815
     984    1314.2421
     985    1294.8493
     986    1269.0807
     987    1244.4888
     988    1228.4581
     989    1226.0469
     990    1238.7132
     991    1264.1681
     992    1297.1781
     993    1330.9713
     994    1358.9266
     995    1376.1505
     996    1380.5015
     997    1372.8110
     998    1356.3667
     999    1335.8953
    1000    1316.3089
    1001    1301.4146
    1002    1292.9527
    1003    1290.1176
    1004    1289.8413
    1005    1287.8253
    1006    1280.0975
    1007    1264.6626
    1008    1242.6696
    1009    1218.5556
    1010    1198.8563
    1011    1189.9163
    1012    1195.3649
    1013    1214.4592
    1014    1241.9696
    1015    1269.6457
    1016    1288.8031
    1017    1293.2258
    1018    1281.3831
    1019    1257.0829
    1020    1228.2237
    1021    1204.0440
    1022    1191.8850
    1023    1194.6902
    1024    1210.1780
    1025    1231.9791
    1026    1252.2525
    1027    1264.7373
    1028    1267.0429
    1029    1261.3321
    1030    1253.2047
    1031    1249.2792
    1032    1254.4521
    1033    1269.9057
    1034    1292.6014
    1035    1316.4331
    1036    1334.5430
    1037    1341.8458
    1038    1336.7700
    1039    1321.6029
    1040    1301.4485
    1041    1282.3123
    1042    1269.0867
    1043    1264.1673
    1044    1267.1411
    1045    1275.4945
    1046    1285.8769
    1047    1295.3219
    1048    1301.9927
    1049    1305.3369
    1050    1305.7939
    1051    1304.3370
    1052    1302.0580
    1053    1299.8864
    1054    1298.4540
    1055    1298.0663
    1056    1298.7177
    1057    1300.0752
    1058    1301.4631
    1059    1301.9380
    1060    1300.5217
    1061    1296.5693
    1062    1290.1319
    1063    1282.1655
    1064    1274.4510
    1065    1269.1971
    1066    1268.3832
    1067    1273.0260
    1068    1282.6350
    1069    1295.1205
    1070    1307.2521
    1071    1315.5504
    1072    1317.3313
    1073    1311.5666
    1074    1299.3012
    1075    1283.4879
    1076    1268.2634
    1077    1257.8305
    1078    1255.2648
    1079    1261.5866
    1080    1275.3895
    1081    1293.1270
    1082    1309.9448
    1083    1320.8353
    1084    1321.9218
    1085    1311.6477
    1086    1291.4946
    1087    1265.8602
    1088    1241.0779
    1089    1223.8629
    1090    1219.4567
    1091    1229.8164
    1092    1252.4943
    1093    1280.9009
    1094    1306.1788
    1095    1320.1356
    1096    1318.1847
    1097    1301.2041
    1098    1275.5880
    1099    1251.3668
    1100    1238.9255
    1101    1245.3314
    1102    1271.3933
    1103    1310.3918
    1104    1349.2842
    1105    1372.7525
    1106    1368.9757
    1107    1334.5498
    1108    1276.2852
    1109    1209.2194
    1110    1151.6656
    1111    1119.0782
    1112    1118.9010
    1113    1148.2446
    1114    1195.2495
    1115    1243.6442
    1116    1278.8040
    1117    1293.0251
    1118    1288.0563
    1119    1273.9946
    1120    1264.9957
    1121    1273.4159
    1122    1304.6389
    1123    1354.6615
    1124    1411.3379
    1125    1458.5829
    1126    1481.8093
    1127    1472.6876
    1128    1431.6675
    1129    1367.4715
    1130    1293.8626
    1131    1225.0169
    1132    1171.2845
    1133    1136.8445
    1134    1119.8783
    1135    1114.8549
    1136    1115.7738
    1137    1118.9682
    1138    1124.3526
    1139    1134.7285
    1140    1153.6968
    1141    1183.3216
    1142    1222.6034
    1143    1267.2834
    1144    1310.9356
    1145    1346.8781
    1146    1370.1587
    1147    1378.8728
    1148    1374.3957
    1149    1360.5598
    1150    1342.1930
    1151    1323.5940
    1152    1307.4789
    1153    1294.7107
    1154    1284.7521
    1155    1276.4920
    1156    1269.0316
    1157    1262.1453
    1158    1256.3269
    1159    1252.4974
    1160    1251.5534
    1161    1253.9283
    1162    1259.3192
    1163    1266.6388
    1164    1274.1739
    1165    1279.8857
    1166    1281.7906
    1167    1278.4424
    1168    1269.4575
    1169    1255.8837
    1170    1240.1731
    1171    1225.6691
    1172    1215.7355
    1173    1212.7898
    1174    1217.5695
    1175    1228.8857
    1176    1244.0071
    1177    1259.6150
    1178    1273.0466
    1179    1283.3037
    1180    1291.2737
    1181    1298.9369
    1182    1307.8669
    1183    1317.8205
    1184    1326.2220
    1185    1328.8319
    1186    1321.3213
    1187    1301.1322
    1188    1268.9162
    1189    1228.9270
    1190    1188.0746
    1191    1153.9052
    1192    1132.3020
    1193    1125.8374
    1194    1133.3773
    1195    1150.9751
    1196    1173.6235
    1197    1197.1421
    1198    1219.4503
    1199    1240.7246
    1200    1262.4463
    1201    1285.7993
    1202    1310.1711
    1203    1332.4537
    1204    1347.5910
    1205    1350.2947
    1206    1337.2559
    1207    1308.8091
    1208    1269.2113
    1209    1225.3745
    1210    1184.5994
    1211    1152.3232
    1212    1130.8287
    1213    1119.4709
    1214    1116.2637
    1215    1119.7564
    1216    1129.4846
    1217    1144.6488
    1218    1163.3524
    1219    1183.6375
    1220    1204.3143
    1221    1224.5314
    1222    1243.1182
    1223    1258.5610
    1224    1269.5258
    1225    1275.4164
    1226    1276.5602
    1227    1273.9376
    1228    1268.6426
    1229    1261.3773
    1230    1252.2540
    1231    1241.0374
    1232    1227.7605
    1233    1213.4109
    1234    1200.2870
    1235    1191.7058
    1236    1191.0353
    1237    1200.3519
    1238    1219.2766
    1239    1244.5547
    1240    1270.6936
    1241    1291.5538
    1242    1302.3759
    1243    1301.5014
    1244    1291.0945
    1245    1276.4698
    1246    1264.1016
    1247    1258.9740
    1248    1262.4575
    1249    1271.7338
    1250    1280.9682
    1251    1283.6320
    1252    1275.0548
    1253    1254.2981
    1254    1224.6832
    1255    1192.7954
    1256    1166.3578
    1257    1151.7676
    1258    1152.1803
    1259    1166.7531
    1260    1191.1931
    1261    1219.2781
    1262    1244.7367
    1263    1262.8809
    1264    1271.6071
    1265    1271.5997
    1266    1265.7246
    1267    1257.7689
    1268    1251.0558
    1269    1247.6879
    1270    1248.6103
    1271    1253.8894
    1272    1262.6788
    1273    1272.9935
    1274    1281.7430
    1275    1285.3374
    1276    1280.8140
    1277    1267.0975
    1278    1245.8266
    1279    1221.2633
    1280    1199.1323
    1281    1184.7158
    1282    1180.9034
    1283    1186.9957
    1284    1198.8095
    1285    1210.1159
    1286    1214.9296
    1287    1209.8558
    1288    1195.6331
    1289    1177.1884
    1290    1162.0324
    1291    1157.5329
    1292    1168.1231
    1293    1193.5392
    1294    1228.7423
    1295    1265.5444
    1296    1295.3233
    1297    1311.8081
    1298    1312.9204
    1299    1301.0259
    1300    1281.5989
    1301    1260.9231
    1302    1243.7829
    1303    1232.0403
    1304    1224.5407
    1305    1218.2156
    1306    1209.7965
    1307    1197.4005
    1308    1181.3901
    1309    1164.2499
    1310    1149.6316
    1311    1141.0299
    1312    1140.6338
    1313    1148.7534
    1314    1163.9195
    1315    1183.4918
    1316    1204.4740
    1317    1224.2392
    1318    1240.9743
    1319    1253.7992
    1320    1262.6383
    1321    1267.9701
    1322    1270.5714
    1323    1271.3128
    1324    1271.0102
    1325    1270.2887
    1326    1269.3936
    1327    1267.9989
    1328    1265.1915
    1329    1259.8212
    1330    1251.1413
    1331    1239.4255
    1332    1226.1959
    1333    1213.9027
    1334    1205.1432
    1335    1201.7319
    1336    1203.9920
    1337    1210.5816
    1338    1218.9484
    1339    1226.2382
    1340    1230.3055
    1341    1230.4099
    1342    1227.3296
    1343    1222.8591
    1344    1218.9260
    1345    1216.7265
    1346    1216.2792
    1347    1216.6051
    1348    1216.4646
    1349    1215.3217
    1350    1214.0609
    1351    1215.0165
    1352    1221.1391
    1353    1234.5511
    1354    1255.1325
    1355    1279.8599
    1356    1303.3426
    1357    1319.4542
    1358    1323.4451
    1359    1313.6586
    1360    1292.1120
    1361    1263.6878
    1362    1234.2849
    1363    1208.7235
    1364    1189.2796
    1365    1175.4271
    1366    1164.8091
    1367    1154.9365
    1368    1144.8038
    1369    1135.6622
    1370    1130.5801
    1371    1132.9850
    1372    1144.8718
    1373    1165.5415
    1374    1191.4855
    1375    1217.5102
    1376    1238.5875
    1377    1251.5934
    1378    1256.1595
    1379    1254.2765
    1380    1248.9035
    1381    1242.2851
    1382    1234.8080
    1383    1224.9468
    1384    1210.3164
    1385    1189.3442
    1386    1162.7663
    1387    1134.1935
    1388    1109.3296
    1389    1094.0391
    1390    1092.0324
    1391    1103.2119
    1392    1123.4763
    1393    1146.1184
    1394    1164.2385
    1395    1173.1927
    1396    1172.1237
    1397    1164.0251
    1398    1154.3638
    1399    1148.8180
    1400    1150.9856
    1401    1160.9223
    1402    1175.0677
    1403    1187.6052
    1404    1192.7431
    1405    1187.0234
    1406    1170.7499
    1407    1148.0144
    1408    1125.3965
    1409    1109.9046
    1410    1106.8848
    1411    1118.4888
    1412    1143.0622
    1413    1175.5957
    1414    1209.1454
    1415    1236.8695
    1416    1254.0510
    1417    1259.4079
    1418    1255.2606
    1419    1246.5048
    1420    1238.6837
    1421    1235.8099
    1422    1238.8457
    1423    1245.4808
    1424    1251.1417
    1425    1250.6835
    1426    1240.2209
    1427    1218.6623
    1428    1188.4976
    1429    1155.4524
    1430    1126.9325
    1431    1109.6632
    1432    1107.3681
    1433    1119.4052
    1434    1140.9492
    1435    1164.7024
    1436    1183.5156
    1437    1192.9567
    1438    1192.8417
    1439    1187.0877
    1440    1181.8745
    1441    1182.7866
    1442    1192.0780
    1443    1207.2383
    1444    1221.5891
    1445    1226.8288
    1446    1216.5881
    1447    1189.5346
    1448    1150.6573
    1449    1110.0552
    1450    1079.5800
    1451    1068.5868
    1452    1080.4542
    1453    1111.2686
    1454    1151.2291
    1455    1188.2496
    1456    1212.3584
    1457    1219.1688
    1458    1211.0713
    1459    1195.7222
    1460    1182.5067
    1461    1178.4841
    1462    1185.5168
    1463    1199.7561
    1464    1213.6289
    1465    1219.4093
    1466    1212.8234
    1467    1195.1788
    1468    1173.1552
    1469    1156.3108
    1470    1153.2507
    1471    1168.0720
    1472    1198.7640
    1473    1238.2647
    1474    1277.3881
    1475    1308.0613
    1476    1325.6437
    1477    1329.7821
    1478    1323.7644
    1479    1312.7023
    1480    1301.2503
    1481    1291.7673
    1482    1283.6434
    1483    1273.9991
    1484    1259.3970
    1485    1237.7910
    1486    1209.8620
    1487    1179.1606
    1488    1151.0297
    1489    1130.7773
    1490    1121.8456
    1491    1124.6623
    1492    1136.5665
    1493    1152.7691
    1494    1167.9496
    1495    1177.9006
    1496    1180.6740
    1497    1176.8915
    1498    1169.1689
    1499    1160.9043
    1500    1154.8928
    1501    1152.2665
    1502    1152.1371
    1503    1152.0542
    1504    1149.0966
    1505    1141.1742
    1506    1128.0504
    1507    1111.7080
    1508    1095.9222
    1509    1085.1628
    1510    1083.1540
    1511    1091.5492
    1512    1109.1742
    1513    1132.1752
    1514    1155.1219
    1515    1172.7716
    1516    1181.8998
    1517    1182.5118
    1518    1177.9162
    1519    1173.5255
    1520    1174.7327
    1521    1184.6044
    1522    1202.3013
    1523    1222.9627
    1524    1239.2917
    1525    1244.3780
    1526    1234.7337
    1527    1212.2932
    1528    1184.4184
    1529    1161.6659
    1530    1153.9928
    1531    1166.8261
    1532    1198.6083
    1533    1240.9268
    1534    1281.3066
    1535    1307.6467
    1536    1312.6022
    1537    1296.2313
    1538    1265.8824
    1539    1233.3313
    1540    1210.1914
    1541    1203.2953
    1542    1211.9119
    1543    1228.1034
    1544    1240.2072
    1545    1237.9125
    1546    1216.7281
    1547    1180.0347
    1548    1138.0051
    1549    1103.9077
    1550    1089.2819
    1551    1099.8406
    1552    1133.5480
    1553    1181.4834
    1554    1231.1176
    1555    1270.7543
    1556    1293.4041
    1557    1298.5813
    1558    1291.4564
    1559    1279.9343
    1560    1271.0213
    1561    1267.9913
    1562    1269.3640
    1563    1269.8908
    1564    1262.9851
    1565    1243.5945
    1566    1210.4583
    1567    1167.0134
    1568    1120.7144
    1569    1080.7994
    1570    1054.8319
    1571    1045.6017
    1572    1050.7797
    1573    1065.2611
    1574    1083.8280
    1575    1102.7704
    1576    1120.4696
    1577    1137.1323
    1578    1153.8725
    1579    1171.5270
    1580    1189.6753
    1581    1206.2670
    1582    1218.0244
    1583    1221.4825
    1584    1214.2610
    1585    1196.0913
    1586    1169.2510
    1587    1138.3037
    1588    1109.2615
    1589    1088.2658
    1590    1079.8558
    1591    1085.2361
    1592    1101.5712
    1593    1123.0536
    1594    1143.1839
    1595    1157.0393
    1596    1162.7509
    1597    1161.9063
    1598    1158.8182
    1599    1158.8559
    1600    1166.3489
    1601    1182.7700
    1602    1205.8630
    1603    1230.0905
    1604    1248.3339
    1605    1254.3292
    1606    1245.0033
    1607    1221.8529
    1608    1190.7570
    1609    1160.0879
    1610    1137.6702
    1611    1127.8649
    1612    1130.2118
    1613    1140.1699
    1614    1151.3268
    1615    1158.0279
    1616    1157.4805
    1617    1150.6109
    1618    1141.3609
    1619    1134.6789
    1620    1134.0765
    1621    1139.9044
    1622    1149.1771
    1623    1156.9754
    1624    1158.7130
    1625    1152.2364
    1626    1138.8797
    1627    1123.0537
    1628    1110.5561
    1629    1106.3039
    1630    1112.4342
    1631    1127.5490
    1632    1147.3858
    1633    1166.6052
    1634    1180.9060
    1635    1188.5444
    1636    1190.6197
    1637    1190.0516
    1638    1189.7723
    1639    1190.9977
    1640    1192.3832
    1641    1190.4532
    1642    1181.1188
    1643    1161.6166
    1644    1132.0416
    1645    1095.8591
    1646    1059.2058
    1647    1029.1931
    1648    1011.6955
    1649    1009.3936
    1650    1021.0561
    1651    1042.5255
    1652    1068.7213
    1653    1095.5068
    1654    1120.7089
    1655    1144.1190
    1656    1166.6500
    1657    1189.0882
    1658    1211.0177
    1659    1230.4163
    1660    1244.1156
    1661    1248.9320
    1662    1242.9680
    1663    1226.4910
    1664    1201.9974
    1665    1173.4765
    1666    1145.2678
    1667    1121.0523
    1668    1103.3353
    1669    1093.3940
    1670    1091.4195
    1671    1096.7508
    1672    1108.3187
    1673    1125.1278
    1674    1146.3109
    1675    1170.6347
    1676    1195.9093
    1677    1218.8275
    1678    1235.4695
    1679    1242.3232
    1680    1237.4333
    1681    1221.1984
    1682    1196.4436
    1683    1167.6786
    1684    1139.8002
    1685    1116.7533
    1686    1100.6512
    1687    1091.6173
    1688    1088.3037
    1689    1088.8193
    1690    1091.6905
    1691    1096.4839
    1692    1103.8612
    1693    1115.0684
    1694    1131.1118
    1695    1151.9859
    1696    1176.2628
    1697    1201.1872
    1698    1223.2307
    1699    1238.9252
    1700    1245.7005
    1701    1242.4968
    1702    1230.0099
    1703    1210.5495
    1704    1187.5879
    1705    1165.1112
    1706    1146.8836
    1707    1135.7325
    1708    1132.9667
    1709    1138.0921
    1710    1148.9839
    1711    1162.5426
    1712    1175.6605
    1713    1186.1560
    1714    1193.3452
    1715    1198.0475
    1716    1202.0316
    1717    1207.1198
    1718    1214.2859
    1719    1223.1123
    1720    1231.8402
    1721    1238.0135
    1722    1239.4489
    1723    1235.1141
    1724    1225.5549
    1725    1212.7267
    1726    1199.3460
    1727    1188.0830
    1728    1180.9379
    1729    1179.0235
    1730    1182.7343
    1731    1192.0741
    1732    1206.8366
    1733    1226.4398
    1734    1249.4463
    1735    1273.0624
    1736    1293.0201
    1737    1304.1677
    1738    1301.7842
    1739    1283.2443
    1740    1249.3782
    1741    1204.8534
    1742    1157.2162
    1743    1114.7649
    1744    1083.9031
    1745    1066.8899
    1746    1060.9223
    1747    1059.1736
    1748    1053.6752
    1749    1038.9907
    1750    1015.0758
    1751     988.0213
    1752     968.2339
    1753     966.6461
    1754     990.3645
    1755    1039.4456
    1756    1106.1028
    1757    1176.7546
    1758    1236.2336
    1759    1272.6372
    1760    1281.0499
    1761    1264.7843
    1762    1233.7098
    1763    1200.3357
    1764    1175.1519
    1765    1163.0173
    1766    1161.9619
    1767    1164.7661
    1768    1162.5412
    1769    1148.7638
    1770    1122.1576
    1771    1087.3629
    1772    1053.2551
    1773    1029.6655
    1774    1023.8175
    1775    1037.8124
    1776    1068.0337
    1777    1106.5628
    1778    1143.9639
    1779    1172.3388
    1780    1187.5686
    1781    1190.0551
    1782    1183.9035
    1783    1175.0438
    1784    1169.0684
    1785    1169.5343
    1786    1177.1786
    1787    1190.1361
    1788    1204.9142
    1789    1217.6981
    1790    1225.5482
    1791    1227.1559
    1792    1223.0357
    1793    1215.2235
    1794    1206.6592
    1795    1200.4492
    1796    1199.1521
    1797    1204.1725
    1798    1215.3374
    1799    1230.7352
    1800    1246.8896
    1801    1259.3158
    1802    1263.4057
    1803    1255.4800
    1804    1233.7649
    1805    1199.0335
    1806    1154.7134
    1807    1106.3711
    1808    1060.6408
    1809    1023.8251
    1810    1000.5260
    1811     992.6913
    1812     999.3635
    1813    1017.2030
    1814    1041.5970
    1815    1067.9751
    1816    1092.8953
    1817    1114.6723
    1818    1133.5664
    1819    1151.5704
    1820    1171.6733
    1821    1196.5345
    1822    1226.8747
    1823    1260.2334
    1824    1290.7756
    1825    1310.4855
    1826    1311.5521
    1827    1289.2343
    1828    1244.1831
    1829    1183.2655
    1830    1118.3593
    1831    1063.2841
    1832    1029.7537
    1833    1023.7191
    1834    1043.4220
    1835    1079.9442
    1836    1120.1560
    1837    1151.1229
    1838    1164.4785
    1839    1159.2171
    1840    1141.8696
    1841    1123.9609
    1842    1117.6110
    1843    1130.8505
    1844    1164.3336
    1845    1210.6644
    1846    1256.6430
    1847    1287.6735
    1848    1292.7881
    1849    1268.4842
    1850    1219.9914
    1851    1159.5469
    1852    1102.3943
    1853    1062.0239
    1854    1046.3020
    1855    1055.6780
    1856    1083.8632
    1857    1120.4863
    1858    1154.5557
    1859    1177.4737
    1860    1184.8686
    1861    1177.1384
    1862    1158.7963
    1863    1136.7661
    1864    1118.0826
    1865    1107.7584
    1866    1107.4806
    1867    1115.4242
    1868    1127.0618
    1869    1136.6363
    1870    1138.8769
    1871    1130.5660
    1872    1111.6131
    1873    1085.3597
    1874    1057.9718
    1875    1036.9802
    1876    1029.2569
    1877    1038.9283
    1878    1065.8717
    1879    1105.3886
    1880    1149.3057
    1881    1188.2325
    1882    1214.2558
    1883    1223.2129
    1884    1215.8238
    1885    1197.3319
    1886    1175.7387
    1887    1159.1694
    1888    1153.2217
    1889    1159.2122
    1890    1173.9400
    1891    1191.0435
    1892    1203.4250
    1893    1205.8357
    1894    1196.6886
    1895    1178.4999
    1896    1156.8890
    1897    1138.5622
    1898    1129.0191
    1899    1130.7488
    1900    1142.4547
    1901    1159.4756
    1902    1175.2191
    1903    1183.1705
    1904    1178.9002
    1905    1161.4930
    1906    1133.9593
    1907    1102.4940
    1908    1074.7736
    1909    1057.7838
    1910    1055.8238
    1911    1069.2995
    1912    1094.6694
    1913    1125.5423
    1914    1154.5847
    1915    1175.6571
    1916    1185.5467
    1917    1184.7640
    1918    1177.1325
    1919    1168.2690
    1920    1163.4172
    1921    1165.3515
    1922    1173.1110
    1923    1182.1043
    1924    1185.6887
    1925    1177.7411
    1926    1155.2990
    1927    1120.2286
    1928    1079.1663
    1929    1041.6077
    1930    1016.8188
    1931    1010.7923
    1932    1024.4047
    1933    1053.2606
    1934    1089.0390
    1935    1121.8595
    1936    1143.1958
    1937    1148.5776
    1938    1138.9461
    1939    1119.9252
    1940    1099.3607
    1941    1084.2709
    1942    1078.4447
    1943    1081.4926
    1944    1089.5527
    1945    1097.2457
    1946    1100.0521
    1947    1096.1110
    1948    1086.6581
    1949    1075.0177
    1950    1064.9995
    1951    1059.7715
    1952    1061.4529
    1953    1071.0224
    1954    1088.2539
    1955    1111.6596
    1956    1138.4818
    1957    1164.7978
    1958    1185.8670
    1959    1196.8619
    1960    1193.9808
    1961    1175.7371
    1962    1143.9949
    1963    1104.2433
    1964    1064.7645
    1965    1034.7107
    1966    1021.5563
    1967    1028.7287
    1968    1054.2797
    1969    1091.1817
    1970    1129.3220
    1971    1158.6423
    1972    1172.4104
    1973    1169.4708
    1974    1154.5948
    1975    1136.6926
    1976    1125.4495
    1977    1127.6020
    1978    1144.2725
    1979    1170.3661
    1980    1196.2684
    1981    1211.2259
    1982    1207.1966
    1983    1181.8235
    1984    1139.5172
    1985    1090.3140
    1986    1046.9102
    1987    1020.8468
    1988    1019.0597
    1989    1041.8764
    1990    1083.0604
    1991    1131.8295
    1992    1176.1162
    1993    1205.9765
    1994    1216.1041
    1995    1206.8081
    1996    1183.3320
    1997    1153.8697
    1998    1126.9411
    1999    1108.9094
    2000    1102.3217
