#Frame              T
       1    1152.7361
       2    1107.0459
       3    1162.2565
       4    1171.7645
       5    1152.0553
       6    1148.5905
       7    1002.4843
       8     983.8116
       9    1006.4069
      10     951.0122
      11    1006.8272
      12     990.3612
      13     950.7432
      14    1004.1252
      15    1048.3624
      16    1003.1541
      17     933.3226
      18     956.0454
      19    1015.2783
      20     910.6574
      21     895.8034
      22     841.5258
      23     905.7516
      24     955.4646
      25     952.7006
      26     852.1197
      27     850.7988
      28     874.5481
      29     858.1808
      30     790.5009
      31     815.9643
      32     867.3844
      33     860.7313
      34     806.2778
      35     777.2860
      36     770.3800
      37     891.9024
      38     817.8184
      39     834.4007
      40     797.3409
      41     718.1637
      42     762.1935
      43     742.0056
      44     742.4247
      45     761.5221
      46     747.3806
      47     716.7423
      48     694.3120
      49     765.7710
      50     767.9473
      51     750.5204
      52     688.0327
      53     719.2681
      54     790.9352
      55     763.3358
      56     773.5633
      57     747.5206
      58     750.6118
      59     685.5363
      60     757.1555
      61     678.3760
      62     750.9199
      63     619.3968
      64     662.1912
      65     606.3826
      66     706.8956
      67     713.8213
      68     712.8947
      69     715.1442
      70     703.3428
      71     616.7053
      72     649.4380
      73     676.2910
      74     691.9610
      75     675.5167
      76     660.2732
      77     697.8106
      78     637.0601
      79     725.3675
      80     672.7273
      81     687.5557
      82     686.2476
      83     666.3708
      84     625.6429
      85     580.4601
      86     675.3863
      87     638.3847
      88     738.5677
      89     682.7017
      90     678.8064
      91     636.9099
      92     643.4491
      93     606.6815
      94     620.5831
      95     620.1355
      96     607.8236
      97     626.8344
      98     622.2523
      99     588.0126
     100     562.0672
     101     607.9669
     102     578.3372
     103     546.5902
     104     655.0676
     105     581.6707
     106     630.0652
     107     491.3593
     108     538.2744
     109     475.8560
     110     565.9835
     111     529.8773
     112     543.1622
     113     500.4846
     114     508.9355
     115     563.8607
     116     491.0790
     117     559.3362
     118     564.9037
     119     513.0295
     120     548.2159
     121     557.4254
     122     542.0536
     123     525.7385
     124     494.5991
     125     483.7958
     126     545.1153
     127     596.5751
     128     530.6352
     129     534.8363
     130     539.1696
     131     561.2206
     132     526.2767
     133     528.5417
     134     487.7744
     135     530.9834
     136     520.2426
     137     510.8835
     138     471.8191
     139     520.3662
     140     464.1530
     141     545.0550
     142     495.3081
     143     489.8466
     144     511.0486
     145     478.9379
     146     474.6336
     147     491.9472
     148     479.4882
     149     521.2979
     150     537.5131
     151     525.9409
     152     546.1289
     153     525.7491
     154     492.2486
     155     464.6260
     156     449.4025
     157     499.6049
     158     531.0719
     159     495.7117
     160     462.0587
     161     494.8836
     162     457.0282
     163     451.4588
     164     434.7977
     165     427.9939
     166     461.9173
     167     430.3080
     168     426.7760
     169     437.1217
     170     438.9576
     171     510.9632
     172     445.3889
     173     477.8817
     174     443.9885
     175     435.6029
     176     451.1021
     177     451.0342
     178     482.2138
     179     428.6012
     180     504.1093
     181     477.9968
     182     490.5327
     183     469.0659
     184     476.1017
     185     504.4291
     186     491.1029
     187     519.5260
     188     424.5351
     189     493.2504
     190     510.6436
     191     486.0959
     192     476.7439
     193     458.1220
     194     492.6511
     195     473.8547
     196     442.4955
     197     441.0897
     198     461.9541
     199     478.4270
     200     482.1446
     201     462.3455
     202     478.3279
     203     494.0134
     204     464.8483
     205     477.8219
     206     444.7807
     207     448.6816
     208     473.1646
     209     426.9776
     210     416.8618
     211     422.9084
     212     471.4460
     213     441.0963
     214     460.0900
     215     455.0514
     216     496.2173
     217     456.2458
     218     437.9697
     219     465.5862
     220     445.3153
     221     485.7173
     222     452.6952
     223     436.2519
     224     409.2306
     225     427.6079
     226     430.0596
     227     483.4662
     228     466.7230
     229     447.9482
     230     464.2312
     231     466.9916
     232     404.4512
     233     419.3124
     234     410.9698
     235     424.7321
     236     440.7225
     237     430.8556
     238     421.6646
     239     456.4648
     240     432.7746
     241     425.2103
     242     421.0949
     243     416.8445
     244     422.5006
     245     435.4228
     246     397.6439
     247     447.8476
     248     417.7157
     249     461.6147
     250     425.8363
     251     415.4524
     252     436.8586
     253     383.2821
     254     381.7918
     255     423.6574
     256     388.3351
     257     391.0201
     258     344.1003
     259     391.8646
     260     384.2213
     261     384.9914
     262     402.7336
     263     369.8303
     264     409.9673
     265     394.9837
     266     424.8254
     267     421.8270
     268     406.0429
     269     420.8531
     270     402.1080
     271     398.8618
     272     381.0376
     273     401.4303
     274     401.9626
     275     351.5704
     276     375.0925
     277     359.6085
     278     402.1513
     279     389.0946
     280     407.9876
     281     392.8334
     282     376.1969
     283     380.3506
     284     384.0554
     285     370.8806
     286     370.0043
     287     370.1112
     288     388.8468
     289     386.6301
     290     368.0354
     291     342.6843
     292     387.5008
     293     403.7574
     294     367.6866
     295     406.4566
     296     400.4888
     297     402.5970
     298     415.7368
     299     387.4736
     300     331.2160
     301     393.8408
     302     401.3648
     303     370.4147
     304     373.4363
     305     348.5820
     306     363.3655
     307     368.3539
     308     362.8766
     309     368.9825
     310     402.1008
     311     379.3698
     312     381.9521
     313     366.7351
     314     381.7891
     315     416.1047
     316     402.6986
     317     395.7416
     318     386.0307
     319     383.4783
     320     350.9625
     321     388.4164
     322     373.4684
     323     380.5425
     324     359.8252
     325     354.6112
     326     386.0277
     327     374.2577
     328     384.0089
     329     373.5260
     330     357.1361
     331     362.4708
     332     359.5961
     333     402.8523
     334     403.2961
     335     403.1192
     336     380.0102
     337     370.4290
     338     353.6051
     339     368.7354
     340     352.2339
     341     373.1575
     342     384.4145
     343     374.4535
     344     358.7245
     345     372.0780
     346     386.6982
     347     366.3210
     348     401.2746
     349     358.3947
     350     367.8027
     351     352.2950
     352     353.8610
     353     377.6949
     354     370.5648
     355     380.0603
     356     394.0103
     357     389.3582
     358     365.1198
     359     355.3992
     360     362.7873
     361     381.0273
     362     396.9259
     363     376.4133
     364     372.1557
     365     391.8134
     366     348.3913
     367     394.2038
     368     385.7006
     369     346.0385
     370     373.4110
     371     375.4401
     372     367.0302
     373     380.6814
     374     372.5999
     375     371.5349
     376     348.3938
     377     370.3935
     378     367.6306
     379     378.0936
     380     348.4529
     381     350.8058
     382     330.1175
     383     359.2665
     384     390.1210
     385     358.6595
     386     363.4527
     387     377.2968
     388     348.1791
     389     362.7388
     390     364.7795
     391     356.0812
     392     396.0616
     393     348.2100
     394     332.9559
     395     374.8823
     396     363.2251
     397     329.7088
     398     361.6106
     399     324.6003
     400     371.1500
