#Frame              T
       1    3002.9160
       2    2908.3191
       3    2736.2475
       4    2522.3755
       5    2307.7724
       6    2127.2820
       7    2000.4644
       8    1928.0686
       9    1894.7558
      10    1876.6090
      11    1850.6199
      12    1802.9655
      13    1733.4934
      14    1655.1564
      15    1588.8755
      16    1555.7593
      17    1569.3853
      18    1630.6872
      19    1727.0169
      20    1835.5554
      21    1929.8637
      22    1987.4320
      23    1995.8305
      24    1955.6227
      25    1879.3180
      26    1786.9602
      27    1700.0222
      28    1635.7153
      29    1603.4706
      30    1604.2635
      31    1631.8926
      32    1674.6488
      33    1717.7362
      34    1747.8497
      35    1757.9004
      36    1748.6444
      37    1727.0684
      38    1703.2246
      39    1686.8517
      40    1684.5790
      41    1698.1970
      42    1724.2381
      43    1754.8687
      44    1779.8782
      45    1789.3600
      46    1776.5115
      47    1739.8427
      48    1684.1357
      49    1619.7321
      50    1560.1626
      51    1518.6314
      52    1504.2656
      53    1519.2509
      54    1557.8334
      55    1607.6741
      56    1653.2975
      57    1680.6459
      58    1681.3310
      59    1655.2273
      60    1610.5324
      61    1561.1653
      62    1522.2507
      63    1505.1031
      64    1513.3593
      65    1541.6422
      66    1577.3369
      67    1604.9739
      68    1611.7705
      69    1592.4308
      70    1551.5028
      71    1502.3366
      72    1462.7690
      73    1448.7882
      74    1468.4633
      75    1518.6438
      76    1585.7848
      77    1650.3042
      78    1692.7533
      79    1699.8499
      80    1668.6151
      81    1607.3369
      82    1532.9912
      83    1465.8718
      84    1423.1559
      85    1413.5638
      86    1434.9554
      87    1475.6755
      88    1519.1386
      89    1549.9584
      90    1559.3953
      91    1548.2017
      92    1525.9375
      93    1507.1273
      94    1505.7227
      95    1529.8710
      96    1578.8242
      97    1643.0218
      98    1707.2692
      99    1755.8516
     100    1777.7090
     101    1769.7674
     102    1737.2869
     103    1691.3180
     104    1644.4755
     105    1606.7280
     106    1582.7029
     107    1571.2714
     108    1567.2654
     109    1564.4392
     110    1558.4254
     111    1548.5732
     112    1538.0641
     113    1532.4042
     114    1536.9642
     115    1554.5741
     116    1584.0648
     117    1620.2697
     118    1655.4446
     119    1681.5937
     120    1692.8946
     121    1687.4329
     122    1667.7247
     123    1639.8795
     124    1611.6846
     125    1590.2024
     126    1579.6572
     127    1580.3266
     128    1588.7969
     129    1599.4258
     130    1606.4217
     131    1605.7656
     132    1596.3375
     133    1579.9167
     134    1560.1725
     135    1541.1387
     136    1525.8010
     137    1515.2903
     138    1508.8452
     139    1504.3901
     140    1499.4177
     141    1491.8538
     142    1480.6665
     143    1466.1314
     144    1449.7853
     145    1434.1409
     146    1422.2397
     147    1417.0621
     148    1420.8776
     149    1434.6117
     150    1457.3656
     151    1486.2572
     152    1516.7472
     153    1543.4993
     154    1561.6359
     155    1568.0267
     156    1562.1789
     157    1546.4322
     158    1525.4101
     159    1504.8555
     160    1490.0844
     161    1484.4340
     162    1488.1971
     163    1498.4607
     164    1509.9850
     165    1516.8742
     166    1514.5307
     167    1501.2921
     168    1479.2778
     169    1454.3612
     170    1435.4646
     171    1432.6534
     172    1452.4013
     173    1492.0675
     174    1540.6708
     175    1585.5479
     176    1617.4208
     177    1631.9517
     178    1629.5899
     179    1614.5134
     180    1592.8198
     181    1570.3551
     182    1550.8152
     183    1534.7057
     184    1519.4807
     185    1500.8354
     186    1474.7451
     187    1439.5396
     188    1397.2155
     189    1353.3973
     190    1315.8714
     191    1292.2247
     192    1287.5263
     193    1302.8949
     194    1335.3398
     195    1378.8061
     196    1426.0414
     197    1470.6379
     198    1508.5172
     199    1538.3849
     200    1561.1450
     201    1578.6673
     202    1592.4837
     203    1602.9393
     204    1609.0792
     205    1609.2316
     206    1601.9764
     207    1587.0139
     208    1565.5469
     209    1540.0248
     210    1513.4186
     211    1488.3849
     212    1466.6779
     213    1449.0028
     214    1435.2962
     215    1425.2638
     216    1418.9094
     217    1416.8090
     218    1419.9547
     219    1429.1688
     220    1444.3098
     221    1463.6631
     222    1483.8946
     223    1500.7444
     224    1510.2957
     225    1510.3770
     226    1501.5207
     227    1487.0355
     228    1472.0538
     229    1461.8272
     230    1459.8511
     231    1466.5436
     232    1479.0119
     233    1492.0671
     234    1500.1588
     235    1499.5485
     236    1489.9124
     237    1474.7166
     238    1460.0968
     239    1452.5220
     240    1456.0569
     241    1470.3762
     242    1490.4414
     243    1508.0500
     244    1514.6724
     245    1504.5400
     246    1476.8416
     247    1436.2041
     248    1391.2875
     249    1352.0464
     250    1326.6705
     251    1319.2772
     252    1329.0741
     253    1351.1944
     254    1378.9038
     255    1406.4217
     256    1430.9993
     257    1452.7059
     258    1472.3386
     259    1490.2509
     260    1506.7043
     261    1521.8701
     262    1535.2646
     263    1545.6158
     264    1551.4372
     265    1551.8732
     266    1547.2643
     267    1539.0912
     268    1529.2985
     269    1519.3431
     270    1509.5029
     271    1498.8913
     272    1486.2549
     273    1471.2024
     274    1455.2437
     275    1442.0289
     276    1436.4794
     277    1442.9543
     278    1463.0969
     279    1494.3506
     280    1530.0321
     281    1561.2741
     282    1580.2272
     283    1583.1624
     284    1572.0089
     285    1553.6325
     286    1537.2897
     287    1531.2900
     288    1539.9167
     289    1561.6421
     290    1589.4750
     291    1613.4688
     292    1624.4614
     293    1617.6267
     294    1594.4662
     295    1562.3452
     296    1531.6197
     297    1511.5182
     298    1506.6379
     299    1515.4647
     300    1531.2219
     301    1544.4987
     302    1546.6863
     303    1533.0402
     304    1504.2989
     305    1466.2965
     306    1427.7637
     307    1397.1881
     308    1379.9569
     309    1376.8461
     310    1384.2517
     311    1395.7900
     312    1404.5690
     313    1405.6570
     314    1398.1997
     315    1386.0872
     316    1376.4283
     317    1376.3820
     318    1389.8332
     319    1415.4172
     320    1446.7606
     321    1474.8852
     322    1491.8223
     323    1493.9640
     324    1483.7479
     325    1468.9031
     326    1459.4539
     327    1463.5988
     328    1484.1106
     329    1516.8008
     330    1551.8186
     331    1577.3704
     332    1584.3751
     333    1570.1585
     334    1539.6839
     335    1503.7768
     336    1474.9478
     337    1462.3908
     338    1468.1397
     339    1486.0260
     340    1503.9663
     341    1508.7362
     342    1491.3700
     343    1451.0714
     344    1396.0748
     345    1341.0605
     346    1302.0404
     347    1290.6051
     348    1309.6590
     349    1352.2090
     350    1403.6889
     351    1447.0720
     352    1469.0197
     353    1464.7286
     354    1439.5083
     355    1406.4761
     356    1381.3708
     357    1376.5192
     358    1396.1565
     359    1434.7518
     360    1478.9262
     361    1512.2687
     362    1521.2925
     363    1500.3849
     364    1453.9426
     365    1394.9281
     366    1340.3978
     367    1305.6716
     368    1299.2596
     369    1320.3310
     370    1359.4947
     371    1402.4509
     372    1435.0911
     373    1448.2041
     374    1440.2382
     375    1417.3404
     376    1390.8815
     377    1373.4868
     378    1374.9672
     379    1399.1904
     380    1442.4324
     381    1494.0429
     382    1540.0073
     383    1567.9655
     384    1571.2335
     385    1550.4846
     386    1512.9765
     387    1469.8418
     388    1432.3915
     389    1408.6296
     390    1401.0493
     391    1406.3176
     392    1416.8241
     393    1423.4909
     394    1418.8872
     395    1399.6700
     396    1367.6680
     397    1329.3789
     398    1294.0143
     399    1270.4162
     400    1263.7020
     401    1273.4551
     402    1294.8376
     403    1321.5606
     404    1348.4543
     405    1372.5412
     406    1392.8143
     407    1409.3123
     408    1422.0981
     409    1430.6448
     410    1433.8914
     411    1430.8840
     412    1421.6308
     413    1407.6599
     414    1391.8862
     415    1377.6960
     416    1367.5702
     417    1361.8955
     418    1358.6648
     419    1354.3724
     420    1345.7576
     421    1331.5620
     422    1313.4773
     423    1295.8751
     424    1284.4443
     425    1284.2412
     426    1297.8655
     427    1324.3663
     428    1359.0432
     429    1394.1942
     430    1421.2267
     431    1433.9138
     432    1431.0334
     433    1416.7895
     434    1398.9740
     435    1385.8442
     436    1382.9749
     437    1391.2397
     438    1406.6867
     439    1422.3478
     440    1431.2083
     441    1429.1014
     442    1416.3930
     443    1397.8409
     444    1380.7359
     445    1372.0489
     446    1375.6825
     447    1390.8893
     448    1412.4560
     449    1432.5684
     450    1443.6368
     451    1440.9775
     452    1424.3447
     453    1397.7837
     454    1367.9703
     455    1341.7932
     456    1324.1615
     457    1316.8068
     458    1318.3430
     459    1325.3835
     460    1334.1897
     461    1342.1910
     462    1348.7842
     463    1355.1224
     464    1363.0393
     465    1373.6538
     466    1386.3190
     467    1398.4079
     468    1406.0577
     469    1405.5879
     470    1395.0405
     471    1375.2246
     472    1349.8066
     473    1324.3116
     474    1304.3323
     475    1293.6383
     476    1292.9902
     477    1300.1227
     478    1310.8213
     479    1320.6636
     480    1326.8582
     481    1329.5705
     482    1332.1183
     483    1339.7277
     484    1357.1673
     485    1386.1992
     486    1423.9821
     487    1463.2384
     488    1494.2940
     489    1508.2940
     490    1500.3809
     491    1471.5746
     492    1428.5657
     493    1381.4637
     494    1340.3231
     495    1311.7650
     496    1296.9706
     497    1291.8319
     498    1289.2331
     499    1282.5658
     500    1269.0073
     501    1251.1304
     502    1236.1097
     503    1232.7777
     504    1247.7174
     505    1282.1093
     506    1330.7671
     507    1383.7020
     508    1429.4057
     509    1458.5027
     510    1466.4874
     511    1454.6899
     512    1429.2559
     513    1398.6065
     514    1370.3723
     515    1348.9141
     516    1334.3235
     517    1323.2282
     518    1311.0041
     519    1294.3816
     520    1273.3344
     521    1251.4809
     522    1234.8922
     523    1229.8260
     524    1240.2840
     525    1266.3298
     526    1303.8196
     527    1345.6569
     528    1384.1143
     529    1413.3392
     530    1431.0815
     531    1438.9824
     532    1441.3449
     533    1442.9348
     534    1446.7479
     535    1452.6543
     536    1457.4501
     537    1456.2703
     538    1444.8030
     539    1421.4087
     540    1388.2238
     541    1350.7374
     542    1316.0709
     543    1290.7691
     544    1278.9266
     545    1281.1512
     546    1294.5952
     547    1314.0528
     548    1333.8056
     549    1349.6026
     550    1360.0591
     551    1366.9365
     552    1374.1718
     553    1386.0077
     554    1404.9388
     555    1430.2876
     556    1457.9871
     557    1481.6560
     558    1494.5821
     559    1491.9162
     560    1472.3299
     561    1438.5580
     562    1396.6117
     563    1353.9562
     564    1317.4036
     565    1291.5000
     566    1277.7335
     567    1274.3751
     568    1276.9844
     569    1280.0400
     570    1279.3106
     571    1273.5786
     572    1264.9295
     573    1257.8241
     574    1257.3828
     575    1267.3861
     576    1288.6791
     577    1318.6024
     578    1351.6957
     579    1381.3965
     580    1402.1234
     581    1411.0079
     582    1408.6972
     583    1398.9822
     584    1387.4100
     585    1379.3681
     586    1378.2862
     587    1384.5439
     588    1395.4599
     589    1406.3546
     590    1412.3047
     591    1409.9543
     592    1398.7031
     593    1380.8428
     594    1360.6039
     595    1342.5084
     596    1329.7142
     597    1323.0326
     598    1321.0183
     599    1321.0397
     600    1320.8177
     601    1319.7050
     602    1319.1177
     603    1321.9163
     604    1330.9738
     605    1347.5156
     606    1370.0153
     607    1394.2899
     608    1414.9251
     609    1427.3923
     610    1429.7990
     611    1423.4535
     612    1412.0384
     613    1399.8242
     614    1389.7433
     615    1382.1646
     616    1374.9271
     617    1364.6856
     618    1349.0090
     619    1328.2419
     620    1306.1917
     621    1289.2740
     622    1284.4348
     623    1296.6436
     624    1326.8842
     625    1371.3896
     626    1422.4217
     627    1470.3712
     628    1506.4843
     629    1525.2336
     630    1525.4846
     631    1510.2533
     632    1485.3307
     633    1457.0912
     634    1430.0438
     635    1405.1412
     636    1379.6722
     637    1348.7790
     638    1307.9658
     639    1255.7729
     640    1195.6981
     641    1136.4196
     642    1089.8340
     643    1067.3876
     644    1075.9377
     645    1114.7694
     646    1175.2172
     647    1243.3389
     648    1304.4978
     649    1347.8677
     650    1369.2003
     651    1371.0828
     652    1360.8481
     653    1347.1071
     654    1336.3035
     655    1330.6256
     656    1327.9674
     657    1323.7520
     658    1313.6803
     659    1296.1512
     660    1273.3926
     661    1250.9240
     662    1235.6653
     663    1233.4695
     664    1247.0386
     665    1274.9780
     666    1312.2865
     667    1352.0105
     668    1387.3635
     669    1413.4901
     670    1428.2702
     671    1432.0103
     672    1426.3393
     673    1412.9427
     674    1392.7979
     675    1366.3040
     676    1334.1812
     677    1298.5875
     678    1263.7231
     679    1235.3888
     680    1219.4519
     681    1219.7494
     682    1236.3162
     683    1264.7578
     684    1297.1984
     685    1324.5966
     686    1339.6443
     687    1339.2404
     688    1325.6374
     689    1305.7571
     690    1288.7767
     691    1282.7350
     692    1291.3658
     693    1312.4285
     694    1338.2896
     695    1358.6265
     696    1364.2840
     697    1350.8562
     698    1320.6752
     699    1282.4481
     700    1248.6165
     701    1231.3135
     702    1238.2893
     703    1270.2074
     704    1320.2539
     705    1376.2140
     706    1424.3335
     707    1453.6241
     708    1459.1307
     709    1443.0901
     710    1413.6962
     711    1382.0524
     712    1358.4188
     713    1348.9761
     714    1354.0992
     715    1368.6536
     716    1384.1587
     717    1391.9992
     718    1386.5264
     719    1366.9936
     720    1337.7105
     721    1306.4221
     722    1281.5281
     723    1269.1455
     724    1271.0493
     725    1284.1831
     726    1301.8630
     727    1316.1661
     728    1320.5743
     729    1311.9021
     730    1290.9192
     731    1261.6318
     732    1229.6446
     733    1200.3002
     734    1177.2855
     735    1162.1425
     736    1154.6997
     737    1154.0502
     738    1159.5214
     739    1171.1660
     740    1189.5878
     741    1215.2192
     742    1247.4143
     743    1283.8078
     744    1320.3285
     745    1352.0133
     746    1374.4176
     747    1385.0786
     748    1384.3828
     749    1375.4236
     750    1362.8545
     751    1351.1581
     752    1342.9858
     753    1338.1920
     754    1333.9576
     755    1326.0048
     756    1310.5217
     757    1286.1068
     758    1254.9759
     759    1222.8980
     760    1197.7572
     761    1187.1390
     762    1195.7231
     763    1223.4014
     764    1264.8910
     765    1311.0790
     766    1351.6810
     767    1378.3053
     768    1386.8728
     769    1378.5828
     770    1359.1448
     771    1336.6267
     772    1318.7295
     773    1310.3851
     774    1312.3822
     775    1321.3837
     776    1331.3168
     777    1335.7012
     778    1330.1178
     779    1313.9539
     780    1290.8386
     781    1267.6732
     782    1252.6322
     783    1252.7244
     784    1271.4296
     785    1306.9386
     786    1351.9460
     787    1395.7780
     788    1428.0621
     789    1442.0217
     790    1436.0966
     791    1413.7059
     792    1381.5490
     793    1347.1371
     794    1316.4096
     795    1292.2349
     796    1274.2330
     797    1259.8060
     798    1245.8016
     799    1230.0704
     800    1212.3808
     801    1194.4914
     802    1179.5172
     803    1170.8887
     804    1171.2846
     805    1181.9022
     806    1202.2895
     807    1230.6824
     808    1264.5289
     809    1300.8808
     810    1336.5095
     811    1367.8719
     812    1391.2012
     813    1402.9653
     814    1400.6839
     815    1383.8223
     816    1354.3605
     817    1316.7723
     818    1277.3250
     819    1242.8750
     820    1219.5856
     821    1211.8845
     822    1221.2963
     823    1244.6079
     824    1273.1078
     825    1295.7487
     826    1304.6390
     827    1298.5059
     828    1282.6852
     829    1266.6326
     830    1260.1887
     831    1269.7637
     832    1295.6644
     833    1331.5424
     834    1366.2857
     835    1387.8171
     836    1387.5204
     837    1363.6914
     838    1322.6904
     839    1277.2636
     840    1242.5183
     841    1230.9290
     842    1248.1570
     843    1291.2157
     844    1349.6232
     845    1409.0264
     846    1455.9062
     847    1481.6753
     848    1484.8090
     849    1470.3876
     850    1447.3580
     851    1424.6203
     852    1407.5085
     853    1396.0955
     854    1385.9269
     855    1370.6750
     856    1345.4480
     857    1309.3807
     858    1266.5503
     859    1224.9447
     860    1193.9338
     861    1181.2266
     862    1190.4094
     863    1219.8560
     864    1263.2469
     865    1311.4468
     866    1355.1710
     867    1387.6233
     868    1406.1686
     869    1412.4077
     870    1410.6946
     871    1405.7954
     872    1400.6620
     873    1395.1938
     874    1386.4823
     875    1370.4378
     876    1344.1316
     877    1307.8901
     878    1266.2425
     879    1227.2245
     880    1200.1354
     881    1192.4839
     882    1207.2446
     883    1241.4965
     884    1287.0557
     885    1332.9746
     886    1369.0761
     887    1389.2651
     888    1393.3871
     889    1386.8783
     890    1378.2592
     891    1375.3810
     892    1381.9198
     893    1395.5749
     894    1408.7336
     895    1411.3788
     896    1395.1308
     897    1356.8886
     898    1300.7144
     899    1237.2818
     900    1181.0412
     901    1145.9260
     902    1140.8537
     903    1166.5042
     904    1214.7144
     905    1270.9548
     906    1318.9726
     907    1345.8016
     908    1345.4613
     909    1320.3506
     910    1280.0630
     911    1238.0655
     912    1207.2480
     913    1195.7585
     914    1204.5707
     915    1227.6465
     916    1254.5318
     917    1274.3292
     918    1279.6544
     919    1269.2959
     920    1248.7307
     921    1228.3150
     922    1219.7049
     923    1231.7066
     924    1267.0203
     925    1321.0151
     926    1382.9273
     927    1439.0136
     928    1476.5873
     929    1487.6331
     930    1470.8988
     931    1431.9233
     932    1381.1193
     933    1330.5945
     934    1290.6850
     935    1267.2492
     936    1260.5229
     937    1265.8477
     938    1275.9124
     939    1283.6800
     940    1284.9821
     941    1279.8809
     942    1272.3477
     943    1268.4944
     944    1274.0986
     945    1292.2550
     946    1321.7852
     947    1356.9595
     948    1388.9175
     949    1408.4431
     950    1408.9416
     951    1388.4091
     952    1349.8456
     953    1300.2359
     954    1248.6192
     955    1203.8685
     956    1172.7340
     957    1158.5492
     958    1160.8673
     959    1176.0579
     960    1198.6589
     961    1223.0307
     962    1244.7995
     963    1261.7423
     964    1273.9900
     965    1283.6061
     966    1293.6749
     967    1307.1050
     968    1325.4379
     969    1348.0582
     970    1372.1715
     971    1393.6065
     972    1408.1009
     973    1412.5816
     974    1406.0631
     975    1389.9865
     976    1367.9632
     977    1344.9865
     978    1326.2702
     979    1315.9739
     980    1316.1400
     981    1326.1241
     982    1342.7067
     983    1360.8816
     984    1375.1207
     985    1380.7662
     986    1375.2114
     987    1358.5877
     988    1333.8031
     989    1305.8530
     990    1280.4525
     991    1262.2897
     992    1253.4469
     993    1252.6581
     994    1255.8034
     995    1257.4944
     996    1253.1346
     997    1240.6979
     998    1221.6311
     999    1200.5745
    1000    1184.0201
    1001    1177.9369
    1002    1186.0301
    1003    1208.0325
    1004    1239.6106
    1005    1273.6178
    1006    1302.3323
    1007    1319.9002
    1008    1324.1770
    1009    1317.3689
    1010    1305.2200
    1011    1294.9369
    1012    1292.5062
    1013    1300.3467
    1014    1316.1893
    1015    1333.6652
    1016    1344.4573
    1017    1341.3043
    1018    1320.8054
    1019    1285.0025
    1020    1241.1112
    1021    1199.4191
    1022    1170.0279
    1023    1159.5737
    1024    1169.1059
    1025    1193.8946
    1026    1225.2395
    1027    1253.6125
    1028    1271.9928
    1029    1278.2094
    1030    1275.4678
    1031    1270.8947
    1032    1272.6260
    1033    1286.4901
    1034    1313.4805
    1035    1348.9715
    1036    1384.0144
    1037    1408.3218
    1038    1413.8835
    1039    1397.9095
    1040    1364.0093
    1041    1321.1631
    1042    1280.8325
    1043    1253.2174
    1044    1243.9742
    1045    1252.5526
    1046    1272.7118
    1047    1294.9869
    1048    1310.1836
    1049    1312.6674
    1050    1302.2533
    1051    1283.9871
    1052    1265.9252
    1053    1255.8000
    1054    1257.8813
    1055    1271.2350
    1056    1290.0005
    1057    1305.5481
    1058    1309.7125
    1059    1297.9202
    1060    1271.0581
    1061    1235.3876
    1062    1200.4949
    1063    1176.0147
    1064    1168.3388
    1065    1178.5495
    1066    1202.3291
    1067    1231.7427
    1068    1258.1365
    1069    1275.0845
    1070    1280.3896
    1071    1276.4930
    1072    1269.1964
    1073    1265.1718
    1074    1269.1763
    1075    1282.0321
    1076    1300.1566
    1077    1316.8543
    1078    1324.8807
    1079    1319.2933
    1080    1299.4736
    1081    1269.5260
    1082    1236.8820
    1083    1209.6397
    1084    1193.6533
    1085    1190.5044
    1086    1197.1494
    1087    1207.3405
    1088    1214.2694
    1089    1213.3686
    1090    1204.1646
    1091    1190.4018
    1092    1178.3699
    1093    1174.1338
    1094    1180.9030
    1095    1197.6605
    1096    1219.5239
    1097    1239.5481
    1098    1251.2068
    1099    1250.6965
    1100    1238.3193
    1101    1218.5091
    1102    1198.4784
    1103    1185.9565
    1104    1186.7761
    1105    1203.1101
    1106    1232.9035
    1107    1270.6525
    1108    1309.2356
    1109    1342.1267
    1110    1365.1950
    1111    1377.4779
    1112    1380.7163
    1113    1377.9627
    1114    1371.9237
    1115    1363.7755
    1116    1352.9337
    1117    1337.7973
    1118    1317.0454
    1119    1290.8613
    1120    1261.5450
    1121    1233.2338
    1122    1210.7662
    1123    1198.0032
    1124    1196.2922
    1125    1203.9763
    1126    1217.4126
    1127    1232.9198
    1128    1248.5354
    1129    1264.7266
    1130    1283.7079
    1131    1307.6314
    1132    1336.5354
    1133    1367.1888
    1134    1393.5008
    1135    1408.3385
    1136    1406.0507
    1137    1384.7747
    1138    1347.6246
    1139    1302.1876
    1140    1258.3627
    1141    1225.2285
    1142    1208.0659
    1143    1206.6995
    1144    1215.8609
    1145    1227.4646
    1146    1233.9258
    1147    1231.2470
    1148    1220.7280
    1149    1208.6063
    1150    1203.6548
    1151    1213.5631
    1152    1241.5094
    1153    1284.3113
    1154    1332.9446
    1155    1375.2831
    1156    1400.1161
    1157    1400.9893
    1158    1378.4572
    1159    1339.9075
    1160    1297.0166
    1161    1261.7171
    1162    1242.0503
    1163    1239.4127
    1164    1248.3428
    1165    1258.9911
    1166    1261.2145
    1167    1248.6407
    1168    1221.2034
    1169    1185.2578
    1170    1151.2473
    1171    1129.8124
    1172    1127.9160
    1173    1146.5405
    1174    1180.7140
    1175    1221.6124
    1176    1259.7768
    1177    1288.2254
    1178    1304.4096
    1179    1310.4161
    1180    1311.4592
    1181    1313.2658
    1182    1319.3825
    1183    1329.5052
    1184    1339.5565
    1185    1343.4157
    1186    1335.5125
    1187    1313.2217
    1188    1278.1984
    1189    1236.2108
    1190    1195.5332
    1191    1164.4166
    1192    1148.5023
    1193    1149.0997
    1194    1163.0033
    1195    1183.9497
    1196    1205.1402
    1197    1221.7927
    1198    1232.7026
    1199    1240.2315
    1200    1248.7799
    1201    1262.3931
    1202    1282.5174
    1203    1306.8891
    1204    1330.0967
    1205    1345.6549
    1206    1348.7253
    1207    1338.3175
    1208    1318.0080
    1209    1294.7987
    1210    1276.4648
    1211    1268.4108
    1212    1271.4666
    1213    1281.7664
    1214    1292.6624
    1215    1297.6195
    1216    1292.8247
    1217    1278.5732
    1218    1258.9860
    1219    1240.2797
    1220    1228.3298
    1221    1226.4848
    1222    1234.4321
    1223    1248.4499
    1224    1262.8828
    1225    1272.2436
    1226    1273.1708
    1227    1265.5410
    1228    1252.3722
    1229    1238.5959
    1230    1229.1842
    1231    1227.3459
    1232    1233.4480
    1233    1245.0438
    1234    1257.9606
    1235    1268.0295
    1236    1272.7934
    1237    1272.5518
    1238    1270.3178
    1239    1270.6629
    1240    1277.8642
    1241    1294.0544
    1242    1318.1176
    1243    1345.8071
    1244    1371.0886
    1245    1388.2427
    1246    1393.9447
    1247    1388.4930
    1248    1375.6343
    1249    1360.9347
    1250    1349.2661
    1251    1342.5749
    1252    1339.1719
    1253    1334.8701
    1254    1325.1880
    1255    1307.4887
    1256    1282.2408
    1257    1253.0017
    1258    1225.2337
    1259    1204.4333
    1260    1194.2841
    1261    1195.5161
    1262    1205.8773
    1263    1221.1907
    1264    1237.0357
    1265    1250.3702
    1266    1260.4611
    1267    1268.7872
    1268    1278.0036
    1269    1290.4291
    1270    1306.6093
    1271    1324.4045
    1272    1339.0536
    1273    1344.6210
    1274    1336.4836
    1275    1313.5552
    1276    1279.0540
    1277    1239.6460
    1278    1203.4809
    1279    1177.7709
    1280    1166.5592
    1281    1169.4854
    1282    1182.2361
    1283    1198.5837
    1284    1213.0527
    1285    1223.0758
    1286    1229.8477
    1287    1237.5485
    1288    1251.1598
    1289    1273.7040
    1290    1304.1499
    1291    1337.0295
    1292    1364.0117
    1293    1376.8024
    1294    1370.2346
    1295    1344.3997
    1296    1305.0207
    1297    1261.8691
    1298    1225.7284
    1299    1204.9203
    1300    1202.6083
    1301    1215.8377
    1302    1236.6901
    1303    1255.1948
    1304    1262.9943
    1305    1256.4537
    1306    1238.0751
    1307    1215.6379
    1308    1199.3035
    1309    1197.7112
    1310    1214.5361
    1311    1246.8652
    1312    1286.0172
    1313    1320.4577
    1314    1339.7087
    1315    1337.8572
    1316    1315.5156
    1317    1279.6322
    1318    1241.2415
    1319    1211.8840
    1320    1199.8743
    1321    1207.6836
    1322    1231.3429
    1323    1262.0196
    1324    1289.0911
    1325    1303.5588
    1326    1300.6479
    1327    1280.8457
    1328    1249.2264
    1329    1213.5068
    1330    1181.6184
    1331    1159.5817
    1332    1150.2081
    1333    1152.8460
    1334    1164.1004
    1335    1179.2092
    1336    1193.6024
    1337    1204.1629
    1338    1209.8526
    1339    1211.5991
    1340    1211.6025
    1341    1212.3790
    1342    1215.8833
    1343    1222.9557
    1344    1233.1771
    1345    1245.0523
    1346    1256.3621
    1347    1264.5549
    1348    1267.1412
    1349    1262.1658
    1350    1248.8168
    1351    1228.0424
    1352    1202.8343
    1353    1177.8456
    1354    1158.3369
    1355    1148.7905
    1356    1151.6858
    1357    1166.8387
    1358    1191.4994
    1359    1221.1478
    1360    1250.7474
    1361    1276.0719
    1362    1294.7010
    1363    1306.3937
    1364    1312.7214
    1365    1316.1083
    1366    1318.6142
    1367    1320.9571
    1368    1322.2387
    1369    1320.5070
    1370    1313.8562
    1371    1301.4776
    1372    1284.1786
    1373    1264.1685
    1374    1244.2877
    1375    1227.0542
    1376    1213.9236
    1377    1205.0097
    1378    1199.3248
    1379    1195.4165
    1380    1192.1608
    1381    1189.4164
    1382    1188.2879
    1383    1190.8993
    1384    1199.7238
    1385    1216.6160
    1386    1241.7719
    1387    1273.0114
    1388    1305.8723
    1389    1334.6938
    1390    1354.2916
    1391    1361.4746
    1392    1355.8311
    1393    1339.6271
    1394    1316.9826
    1395    1292.6446
    1396    1270.7182
    1397    1253.6990
    1398    1242.0666
    1399    1234.5513
    1400    1228.9669
    1401    1223.2919
    1402    1216.5964
    1403    1209.4438
    1404    1203.6038
    1405    1201.1809
    1406    1203.5227
    1407    1210.3839
    1408    1219.7438
    1409    1228.3736
    1410    1232.9322
    1411    1231.1482
    1412    1222.6291
    1413    1209.0305
    1414    1193.5533
    1415    1179.9635
    1416    1171.4652
    1417    1169.8050
    1418    1174.8726
    1419    1184.8857
    1420    1197.0556
    1421    1208.5052
    1422    1217.1522
    1423    1222.2802
    1424    1224.5551
    1425    1225.3989
    1426    1226.0356
    1427    1226.9153
    1428    1227.8818
    1429    1228.6174
    1430    1228.8681
    1431    1228.4200
    1432    1227.0368
    1433    1224.5217
    1434    1220.8989
    1435    1216.5982
    1436    1212.4814
    1437    1209.6410
    1438    1209.0379
    1439    1211.1281
    1440    1215.6550
    1441    1221.6889
    1442    1227.8894
    1443    1232.8821
    1444    1235.6404
    1445    1235.8314
    1446    1234.0656
    1447    1231.9271
    1448    1231.6562
    1449    1235.4642
    1450    1244.6356
    1451    1258.7397
    1452    1275.3095
    1453    1290.2412
    1454    1298.8945
    1455    1297.5912
    1456    1285.0084
    1457    1262.9460
    1458    1236.1165
    1459    1210.9231
    1460    1193.5624
    1461    1188.0661
    1462    1194.9593
    1463    1211.0167
    1464    1230.2290
    1465    1245.6893
    1466    1251.8287
    1467    1246.2821
    1468    1230.7481
    1469    1210.5053
    1470    1192.7050
    1471    1183.9711
    1472    1188.0879
    1473    1204.5532
    1474    1228.4837
    1475    1251.9443
    1476    1266.3123
    1477    1264.9698
    1478    1245.5001
    1479    1210.6875
    1480    1167.9712
    1481    1127.4343
    1482    1098.8893
    1483    1088.9432
    1484    1099.0146
    1485    1125.0128
    1486    1158.8225
    1487    1191.0663
    1488    1214.1320
    1489    1224.4213
    1490    1223.1372
    1491    1215.4706
    1492    1208.5743
    1493    1209.0194
    1494    1220.5272
    1495    1242.6191
    1496    1270.5510
    1497    1296.5408
    1498    1311.9418
    1499    1309.7820
    1500    1286.9883
    1501    1245.6614
    1502    1192.9908
    1503    1139.7417
    1504    1097.6174
    1505    1076.1621
    1506    1080.0472
    1507    1107.5784
    1508    1150.9507
    1509    1198.3057
    1510    1237.0799
    1511    1257.6909
    1512    1256.4393
    1513    1236.6578
    1514    1207.6575
    1515    1181.7213
    1516    1170.0683
    1517    1179.0900
    1518    1208.0902
    1519    1249.2720
    1520    1290.0204
    1521    1316.8160
    1522    1319.6080
    1523    1295.3081
    1524    1249.2775
    1525    1194.2106
    1526    1146.6050
    1527    1121.8064
    1528    1129.1552
    1529    1168.8249
    1530    1231.4789
    1531    1300.9914
    1532    1359.4306
    1533    1392.6752
    1534    1394.7679
    1535    1369.4957
    1536    1328.6544
    1537    1287.6055
    1538    1259.7161
    1539    1251.6549
    1540    1261.2142
    1541    1278.4077
    1542    1289.4089
    1543    1281.8758
    1544    1249.7638
    1545    1195.9645
    1546    1131.8656
    1547    1073.9281
    1548    1038.3966
    1549    1035.9526
    1550    1068.1801
    1551    1127.0553
    1552    1197.5668
    1553    1262.4798
    1554    1307.5745
    1555    1325.6183
    1556    1317.8389
    1557    1292.5539
    1558    1261.5994
    1559    1235.9147
    1560    1221.8722
    1561    1219.5860
    1562    1223.6362
    1563    1225.7256
    1564    1218.1434
    1565    1196.7827
    1566    1162.7958
    1567    1122.4226
    1568    1085.0744
    1569    1060.3433
    1570    1055.0060
    1571    1071.0570
    1572    1105.3792
    1573    1151.0348
    1574    1199.5991
    1575    1243.6156
    1576    1278.2937
    1577    1301.9739
    1578    1315.4281
    1579    1320.5268
    1580    1318.9729
    1581    1311.6514
    1582    1298.7560
    1583    1280.4546
    1584    1257.5961
    1585    1231.9842
    1586    1206.0233
    1587    1181.9214
    1588    1160.9184
    1589    1143.0089
    1590    1127.3567
    1591    1113.1859
    1592    1100.6144
    1593    1090.9983
    1594    1086.7581
    1595    1090.7741
    1596    1105.2714
    1597    1130.3978
    1598    1163.1959
    1599    1197.6849
    1600    1226.2611
    1601    1242.0123
    1602    1241.1211
    1603    1224.4498
    1604    1197.6244
    1605    1169.4409
    1606    1149.0085
    1607    1142.5900
    1608    1151.2856
    1609    1170.5212
    1610    1191.6607
    1611    1205.2471
    1612    1204.7031
    1613    1189.0899
    1614    1163.8473
    1615    1139.1716
    1616    1126.5252
    1617    1134.4848
    1618    1165.4125
    1619    1214.2086
    1620    1269.6835
    1621    1318.1590
    1622    1348.0370
    1623    1353.6774
    1624    1337.1517
    1625    1307.2319
    1626    1276.0159
    1627    1254.4393
    1628    1248.3185
    1629    1256.3488
    1630    1270.7414
    1631    1280.1956
    1632    1274.1109
    1633    1246.5413
    1634    1198.5546
    1635    1138.2103
    1636    1078.1690
    1637    1031.7582
    1638    1008.8480
    1639    1012.9298
    1640    1040.3385
    1641    1081.8000
    1642    1125.6883
    1643    1161.8141
    1644    1184.4187
    1645    1193.3829
    1646    1193.3538
    1647    1191.2811
    1648    1193.4050
    1649    1202.8532
    1650    1218.6966
    1651    1236.6772
    1652    1251.1333
    1653    1257.2222
    1654    1252.5980
    1655    1238.0484
    1656    1217.0259
    1657    1194.3691
    1658    1174.7270
    1659    1161.2421
    1660    1154.9039
    1661    1154.6949
    1662    1158.3561
    1663    1163.3929
    1664    1167.8829
    1665    1170.7698
    1666    1171.5909
    1667    1169.9105
    1668    1164.9060
    1669    1155.4575
    1670    1140.8245
    1671    1121.6291
    1672    1100.5902
    1673    1082.4821
    1674    1073.0814
    1675    1077.3117
    1676    1097.1197
    1677    1130.0575
    1678    1169.5778
    1679    1207.2001
    1680    1235.4899
    1681    1250.4627
    1682    1252.5661
    1683    1246.0623
    1684    1237.1193
    1685    1231.2957
    1686    1231.3399
    1687    1236.1153
    1688    1241.0412
    1689    1239.8648
    1690    1227.1034
    1691    1200.3012
    1692    1161.3026
    1693    1116.0817
    1694    1073.1427
    1695    1041.0055
    1696    1025.6522
    1697    1028.8162
    1698    1047.7259
    1699    1076.3996
    1700    1108.0238
    1701    1137.3388
    1702    1161.8059
    1703    1181.2623
    1704    1197.0785
    1705    1211.4671
    1706    1226.5169
    1707    1242.9614
    1708    1259.4559
    1709    1272.8933
    1710    1279.6011
    1711    1276.8156
    1712    1263.7698
    1713    1241.9857
    1714    1214.7276
    1715    1185.9154
    1716    1158.9544
    1717    1135.9024
    1718    1117.2434
    1719    1102.3247
    1720    1090.2945
    1721    1081.1857
    1722    1076.5983
    1723    1079.2843
    1724    1091.3522
    1725    1112.3163
    1726    1139.0115
    1727    1167.3822
    1728    1194.2429
    1729    1217.9025
    1730    1237.8621
    1731    1254.1062
    1732    1266.3699
    1733    1273.6924
    1734    1274.4384
    1735    1266.8198
    1736    1249.7890
    1737    1223.9693
    1738    1192.1379
    1739    1158.8972
    1740    1129.5264
    1741    1108.3969
    1742    1097.5516
    1743    1096.0137
    1744    1100.1610
    1745    1105.1225
    1746    1106.7374
    1747    1103.3326
    1748    1096.5572
    1749    1090.8545
    1750    1091.7156
    1751    1103.3803
    1752    1126.8462
    1753    1158.9242
    1754    1192.7751
    1755    1219.8991
    1756    1232.9524
    1757    1228.3128
    1758    1207.4027
    1759    1176.3788
    1760    1144.3953
    1761    1120.9248
    1762    1112.8131
    1763    1121.9839
    1764    1144.6843
    1765    1172.6847
    1766    1196.0819
    1767    1206.7117
    1768    1200.9264
    1769    1180.7532
    1770    1153.0573
    1771    1127.0419
    1772    1110.9803
    1773    1109.3558
    1774    1121.4067
    1775    1141.5350
    1776    1161.3643
    1777    1172.7159
    1778    1170.4924
    1779    1154.5033
    1780    1129.6315
    1781    1104.3243
    1782    1087.9320
    1783    1087.7675
    1784    1106.8007
    1785    1142.6760
    1786    1188.3226
    1787    1233.9463
    1788    1269.7747
    1789    1288.7100
    1790    1288.0904
    1791    1270.0469
    1792    1240.3948
    1793    1206.5253
    1794    1175.0844
    1795    1150.2386
    1796    1133.0213
    1797    1121.8320
    1798    1113.7273
    1799    1105.8980
    1800    1096.7761
    1801    1086.5001
    1802    1076.7569
    1803    1070.1871
    1804    1069.5805
    1805    1077.0491
    1806    1093.3374
    1807    1117.3941
    1808    1146.3128
    1809    1175.7060
    1810    1200.4985
    1811    1216.0217
    1812    1219.1775
    1813    1209.3816
    1814    1188.9886
    1815    1162.9720
    1816    1137.8134
    1817    1119.8409
    1818    1113.5115
    1819    1120.1709
    1820    1137.6777
    1821    1161.0411
    1822    1183.9834
    1823    1201.0075
    1824    1209.3199
    1825    1209.8899
    1826    1207.1521
    1827    1207.3279
    1828    1215.8639
    1829    1234.8999
    1830    1261.7656
    1831    1289.2008
    1832    1307.3867
    1833    1307.1977
    1834    1283.5583
    1835    1237.6717
    1836    1177.2146
    1837    1114.3013
    1838    1061.8287
    1839    1029.4497
    1840    1020.5912
    1841    1031.5818
    1842    1053.1820
    1843    1073.9473
    1844    1084.2198
    1845    1079.3788
    1846    1061.2898
    1847    1037.5296
    1848    1018.6922
    1849    1014.6895
    1850    1031.2698
    1851    1067.9008
    1852    1117.7229
    1853    1169.6009
    1854    1211.6143
    1855    1234.8535
    1856    1236.2808
    1857    1219.6914
    1858    1194.3813
    1859    1171.9163
    1860    1162.0953
    1861    1169.5457
    1862    1192.1326
    1863    1221.6683
    1864    1246.6394
    1865    1256.0652
    1866    1243.2531
    1867    1208.2428
    1868    1158.1196
    1869    1105.0358
    1870    1062.5483
    1871    1041.4666
    1872    1046.5659
    1873    1075.2355
    1874    1118.4406
    1875    1163.6379
    1876    1198.6759
    1877    1215.4353
    1878    1212.0750
    1879    1193.2117
    1880    1168.0336
    1881    1147.0164
    1882    1138.3674
    1883    1145.3748
    1884    1165.5030
    1885    1191.4481
    1886    1213.7039
    1887    1223.7294
    1888    1216.6673
    1889    1192.8095
    1890    1157.4397
    1891    1119.1923
    1892    1087.4792
    1893    1069.7897
    1894    1069.6545
    1895    1085.8350
    1896    1112.8946
    1897    1142.8944
    1898    1167.6568
    1899    1180.9364
    1900    1179.9397
    1901    1165.8388
    1902    1143.2152
    1903    1118.6674
    1904    1099.0169
    1905    1089.6253
    1906    1093.2295
    1907    1109.4787
    1908    1135.1759
    1909    1165.0995
    1910    1193.2497
    1911    1214.2802
    1912    1224.8262
    1913    1224.3828
    1914    1215.4763
    1915    1203.0019
    1916    1192.8214
    1917    1189.9381
    1918    1196.7561
    1919    1212.0010
    1920    1230.7532
    1921    1245.7150
    1922    1249.4172
    1923    1236.7137
    1924    1206.7691
    1925    1163.8445
    1926    1116.5324
    1927    1075.5477
    1928    1050.6718
    1929    1047.7944
    1930    1067.0337
    1931    1102.5978
    1932    1144.4482
    1933    1181.2440
    1934    1203.6553
    1935    1207.0278
    1936    1192.5923
    1937    1166.8551
    1938    1139.3786
    1939    1119.6818
    1940    1114.2735
    1941    1124.7571
    1942    1147.5518
    1943    1175.2279
    1944    1198.9421
    1945    1211.1605
    1946    1207.8342
    1947    1189.4301
    1948    1160.6111
    1949    1128.7542
    1950    1101.8119
    1951    1086.1637
    1952    1085.0573
    1953    1098.0435
    1954    1121.4362
    1955    1149.5203
    1956    1176.0615
    1957    1195.7298
    1958    1205.2207
    1959    1203.9083
    1960    1193.8754
    1961    1179.2692
    1962    1165.1636
    1963    1156.2389
    1964    1155.5995
    1965    1163.9811
    1966    1179.5340
    1967    1198.2826
    1968    1215.1878
    1969    1225.5367
    1970    1226.2534
    1971    1216.7084
    1972    1198.7670
    1973    1176.0829
    1974    1152.8945
    1975    1132.7717
    1976    1117.7416
    1977    1108.0380
    1978    1102.4708
    1979    1099.1944
    1980    1096.5667
    1981    1093.7652
    1982    1090.9417
    1983    1088.9221
    1984    1088.7002
    1985    1091.0386
    1986    1096.3174
    1987    1104.5682
    1988    1115.5661
    1989    1128.8825
    1990    1143.8467
    1991    1159.4085
    1992    1173.9602
    1993    1185.2920
    1994    1190.8694
    1995    1188.4895
    1996    1177.1639
    1997    1157.8990
    1998    1134.0144
    1999    1110.7357
    2000    1094.0472
