#Frame              T
       1    3015.3140
       2    2912.3793
       3    2715.8633
       4    2471.1380
       5    2230.1492
       6    2036.0678
       7    1911.7471
       8    1855.4854
       9    1844.9887
      10    1847.6539
      11    1833.2698
      12    1784.7447
      13    1703.4646
      14    1607.8303
      15    1525.8578
      16    1484.7356
      17    1501.1583
      18    1575.5673
      19    1691.7124
      20    1821.2180
      21    1931.5193
      22    1994.7812
      23    1995.2703
      24    1933.1808
      25    1823.9867
      26    1693.6819
      27    1571.4313
      28    1481.8405
      29    1439.0531
      30    1444.1916
      31    1486.5658
      32    1547.9759
      33    1608.5986
      34    1652.6052
      35    1671.9369
      36    1667.3992
      37    1647.1326
      38    1623.1970
      39    1607.4311
      40    1607.8082
      41    1626.2347
      42    1658.2422
      43    1694.5206
      44    1723.8249
      45    1736.3640
      46    1726.5899
      47    1694.6043
      48    1646.0178
      49    1590.5623
      50    1539.9425
      51    1505.3968
      52    1495.3368
      53    1513.3683
      54    1557.0285
      55    1617.6649
      56    1681.8599
      57    1734.4012
      58    1762.1686
      59    1757.8711
      60    1722.5597
      61    1666.0440
      62    1604.6920
      63    1556.8619
      64    1537.1917
      65    1551.6397
      66    1595.1179
      67    1652.7614
      68    1704.6630
      69    1732.6492
      70    1726.8235
      71    1689.5293
      72    1635.1202
      73    1585.3380
      74    1561.7182
      75    1577.6925
      76    1633.2750
      77    1714.3142
      78    1796.7189
      79    1854.3510
      80    1867.8844
      81    1831.4383
      82    1754.5389
      83    1658.7462
      84    1570.3632
      85    1512.0748
      86    1496.3784
      87    1522.5810
      88    1577.7866
      89    1641.3110
      90    1691.4165
      91    1712.4821
      92    1699.8726
      93    1660.5078
      94    1609.2449
      95    1562.9190
      96    1534.4128
      97    1528.7627
      98    1542.3552
      99    1565.1344
     100    1584.7629
     101    1591.1230
     102    1579.5860
     103    1552.1052
     104    1516.0639
     105    1481.5427
     106    1458.0845
     107    1452.0202
     108    1465.0826
     109    1494.5010
     110    1534.2615
     111    1576.9370
     112    1615.4516
     113    1644.3429
     114    1660.3908
     115    1662.7664
     116    1652.9269
     117    1634.3049
     118    1611.6881
     119    1590.2150
     120    1574.1750
     121    1565.9814
     122    1565.6716
     123    1571.1102
     124    1578.8306
     125    1585.2023
     126    1587.5137
     127    1584.6618
     128    1577.3907
     129    1568.0479
     130    1559.7443
     131    1554.9988
     132    1554.4108
     133    1556.0753
     134    1556.1079
     135    1550.0333
     136    1534.4266
     137    1508.2356
     138    1473.4260
     139    1434.7953
     140    1399.0004
     141    1373.0112
     142    1362.3433
     143    1369.5293
     144    1393.3345
     145    1429.0429
     146    1469.7462
     147    1508.1789
     148    1538.5140
     149    1557.6397
     150    1565.6337
     151    1565.3115
     152    1560.8992
     153    1556.1842
     154    1552.8118
     155    1549.4737
     156    1542.4412
     157    1527.3046
     158    1501.2477
     159    1464.9156
     160    1423.0546
     161    1383.5635
     162    1355.2318
     163    1344.9727
     164    1355.5270
     165    1384.3999
     166    1424.3881
     167    1465.6386
     168    1498.7488
     169    1517.8547
     170    1522.4076
     171    1516.8109
     172    1508.0880
     173    1502.6253
     174    1503.3611
     175    1508.5748
     176    1512.7609
     177    1509.1970
     178    1493.1061
     179    1464.0335
     180    1426.4189
     181    1388.0953
     182    1357.3419
     183    1339.7144
     184    1335.9622
     185    1341.8933
     186    1350.2555
     187    1353.8686
     188    1348.7379
     189    1335.8677
     190    1321.0225
     191    1312.4963
     192    1317.7452
     193    1340.2109
     194    1377.6218
     195    1422.4881
     196    1464.6330
     197    1494.7816
     198    1507.8153
     199    1504.4665
     200    1490.8457
     201    1476.0442
     202    1468.7604
     203    1474.2098
     204    1492.3959
     205    1518.2629
     206    1543.5514
     207    1559.6061
     208    1560.1451
     209    1543.1249
     210    1511.2009
     211    1470.7730
     212    1430.0457
     213    1396.7783
     214    1376.3551
     215    1370.6132
     216    1377.5803
     217    1392.1021
     218    1407.1992
     219    1415.8769
     220    1412.9975
     221    1396.7972
     222    1369.6808
     223    1338.0234
     224    1310.8281
     225    1297.3805
     226    1304.4499
     227    1333.9240
     228    1381.7452
     229    1438.6697
     230    1492.7997
     231    1533.2218
     232    1553.5143
     233    1553.7932
     234    1540.4264
     235    1523.4566
     236    1512.6679
     237    1513.8046
     238    1526.4097
     239    1544.0891
     240    1557.0044
     241    1555.5558
     242    1533.8561
     243    1491.7617
     244    1434.8577
     245    1372.6572
     246    1315.9232
     247    1274.0969
     248    1253.4100
     249    1255.8908
     250    1279.3080
     251    1317.9863
     252    1364.2751
     253    1410.3148
     254    1449.6884
     255    1478.6132
     256    1496.4420
     257    1505.3880
     258    1509.5274
     259    1513.3334
     260    1520.1493
     261    1531.0562
     262    1544.4657
     263    1556.5469
     264    1562.3662
     265    1557.4809
     266    1539.6159
     267    1509.9492
     268    1473.4820
     269    1438.1821
     270    1412.9628
     271    1405.0192
     272    1417.3399
     273    1447.2937
     274    1486.9413
     275    1525.1557
     276    1550.9650
     277    1557.0050
     278    1541.8559
     279    1510.4213
     280    1472.2536
     281    1438.4210
     282    1417.9630
     283    1415.0723
     284    1427.9106
     285    1449.4439
     286    1469.9933
     287    1480.6067
     288    1476.1148
     289    1456.9173
     290    1428.9893
     291    1402.0207
     292    1386.1099
     293    1388.1971
     294    1409.8037
     295    1446.7715
     296    1490.5268
     297    1530.2427
     298    1555.5304
     299    1559.1868
     300    1539.3175
     301    1500.1567
     302    1451.2066
     303    1404.7935
     304    1372.6431
     305    1362.4303
     306    1375.3446
     307    1405.4980
     308    1441.5025
     309    1469.8767
     310    1479.2999
     311    1464.3226
     312    1427.2511
     313    1377.4893
     314    1328.4893
     315    1293.3284
     316    1280.4360
     317    1290.9657
     318    1318.7228
     319    1352.6393
     320    1380.8466
     321    1394.8303
     322    1392.1689
     323    1376.9331
     324    1357.7470
     325    1344.3751
     326    1344.1886
     327    1359.7937
     328    1388.5664
     329    1424.0345
     330    1458.3602
     331    1484.8539
     332    1499.6264
     333    1501.9832
     334    1493.7333
     335    1477.9691
     336    1457.9500
     337    1436.4991
     338    1415.9611
     339    1398.4239
     340    1385.8098
     341    1379.5884
     342    1380.1763
     343    1386.3756
     344    1395.2673
     345    1402.8285
     346    1405.2139
     347    1400.3138
     348    1388.9613
     349    1375.0756
     350    1364.3318
     351    1361.8180
     352    1370.0451
     353    1388.3158
     354    1413.2774
     355    1440.0396
     356    1463.5230
     357    1479.7792
     358    1486.9341
     359    1485.4746
     360    1477.8345
     361    1467.4648
     362    1457.7173
     363    1450.9016
     364    1447.7488
     365    1447.3316
     366    1447.3612
     367    1444.7576
     368    1436.4490
     369    1420.3612
     370    1396.4148
     371    1367.1522
     372    1337.6012
     373    1314.2873
     374    1303.6021
     375    1309.9369
     376    1334.0925
     377    1372.5304
     378    1417.9090
     379    1460.9682
     380    1493.3152
     381    1510.2025
     382    1512.2361
     383    1505.2232
     384    1498.0321
     385    1499.1449
     386    1513.1624
     387    1538.6393
     388    1568.2032
     389    1591.0829
     390    1597.1790
     391    1581.1105
     392    1544.5998
     393    1496.2359
     394    1448.6920
     395    1414.4791
     396    1401.8092
     397    1412.0383
     398    1439.5371
     399    1473.9280
     400    1503.7805
     401    1520.3780
     402    1520.2298
     403    1505.5516
     404    1482.7467
     405    1459.6111
     406    1442.3379
     407    1433.3603
     408    1430.7979
     409    1429.7017
     410    1424.4884
     411    1411.4002
     412    1389.9620
     413    1363.0235
     414    1335.6124
     415    1313.2057
     416    1300.1017
     417    1298.4142
     418    1307.8833
     419    1326.3438
     420    1350.4769
     421    1376.4909
     422    1400.5824
     423    1419.2543
     424    1429.6539
     425    1430.0085
     426    1420.0778
     427    1401.3980
     428    1377.1035
     429    1351.2519
     430    1327.8129
     431    1309.6804
     432    1298.1184
     433    1292.8835
     434    1292.9591
     435    1297.5057
     436    1306.4780
     437    1320.5659
     438    1340.4847
     439    1366.0330
     440    1395.4698
     441    1425.5637
     442    1452.3335
     443    1472.2009
     444    1483.0390
     445    1484.5892
     446    1478.1025
     447    1465.5431
     448    1448.7626
     449    1428.9067
     450    1406.2547
     451    1380.6401
     452    1352.3349
     453    1322.9543
     454    1295.8168
     455    1275.4195
     456    1266.1010
     457    1270.3757
     458    1287.6627
     459    1314.1079
     460    1343.7904
     461    1370.8686
     462    1391.6370
     463    1405.5237
     464    1414.6571
     465    1422.2921
     466    1430.8589
     467    1440.5276
     468    1448.9523
     469    1452.3303
     470    1447.2874
     471    1432.7417
     472    1410.9010
     473    1386.8792
     474    1366.9615
     475    1356.1288
     476    1355.8721
     477    1363.3152
     478    1372.1491
     479    1375.0628
     480    1366.6702
     481    1345.7416
     482    1315.8423
     483    1284.1275
     484    1258.7630
     485    1245.9729
     486    1247.8717
     487    1261.9127
     488    1282.1278
     489    1301.6099
     490    1315.2159
     491    1321.4065
     492    1322.5226
     493    1323.4532
     494    1329.3304
     495    1343.2427
     496    1364.8894
     497    1390.6574
     498    1415.0126
     499    1432.5956
     500    1440.1900
     501    1437.8126
     502    1428.5585
     503    1417.3423
     504    1409.0891
     505    1407.1280
     506    1412.3648
     507    1423.4183
     508    1437.4721
     509    1451.3501
     510    1462.3598
     511    1468.7000
     512    1469.4530
     513    1464.2782
     514    1452.9242
     515    1434.8975
     516    1409.8012
     517    1378.3701
     518    1343.3259
     519    1309.1332
     520    1280.6176
     521    1261.2549
     522    1252.0384
     523    1251.3983
     524    1256.0629
     525    1262.4023
     526    1267.7387
     527    1271.1850
     528    1273.7758
     529    1277.8599
     530    1286.0029
     531    1299.8112
     532    1319.1296
     533    1341.9102
     534    1364.7603
     535    1383.8964
     536    1396.1242
     537    1399.5448
     538    1393.8802
     539    1380.4858
     540    1362.1504
     541    1342.7093
     542    1326.4196
     543    1317.0673
     544    1316.9458
     545    1326.0275
     546    1341.7120
     547    1359.3884
     548    1373.7444
     549    1380.4382
     550    1377.5685
     551    1366.3687
     552    1350.7863
     553    1335.9936
     554    1326.3780
     555    1323.8899
     556    1327.4604
     557    1333.6385
     558    1338.0973
     559    1337.4632
     560    1330.8694
     561    1320.6554
     562    1311.8461
     563    1310.4869
     564    1321.4118
     565    1346.3094
     566    1382.8617
     567    1425.2929
     568    1466.0784
     569    1498.1022
     570    1516.4133
     571    1519.0056
     572    1506.5429
     573    1481.4161
     574    1446.6945
     575    1405.4117
     576    1360.3541
     577    1314.2416
     578    1269.9944
     579    1230.7379
     580    1199.3799
     581    1177.8878
     582    1166.6707
     583    1164.5066
     584    1169.1999
     585    1178.7489
     586    1192.4663
     587    1211.4474
     588    1238.0342
     589    1274.3512
     590    1320.4156
     591    1372.6130
     592    1423.4000
     593    1462.8001
     594    1481.4795
     595    1474.2723
     596    1442.6270
     597    1394.8499
     598    1343.9059
     599    1303.4844
     600    1283.6874
     601    1287.8407
     602    1311.5754
     603    1344.5509
     604    1374.2574
     605    1390.5579
     606    1389.3129
     607    1373.7285
     608    1352.9053
     609    1338.1202
     610    1338.2770
     611    1356.3106
     612    1387.9622
     613    1423.3893
     614    1450.9262
     615    1461.4043
     616    1451.2313
     617    1423.1825
     618    1385.0356
     619    1346.8479
     620    1317.7326
     621    1303.0891
     622    1303.2465
     623    1313.9526
     624    1328.3770
     625    1339.7274
     626    1343.4610
     627    1338.3295
     628    1326.0593
     629    1310.0160
     630    1293.5730
     631    1278.9205
     632    1266.7453
     633    1256.7740
     634    1248.7482
     635    1243.2303
     636    1241.7683
     637    1246.3067
     638    1258.1047
     639    1276.6788
     640    1299.3615
     641    1321.8837
     642    1339.8721
     643    1350.5686
     644    1353.9522
     645    1352.7825
     646    1351.5505
     647    1354.6780
     648    1364.5882
     649    1380.4130
     650    1397.9676
     651    1411.1545
     652    1414.3223
     653    1404.6231
     654    1383.3614
     655    1355.7441
     656    1329.2194
     657    1311.1369
     658    1306.4498
     659    1315.9586
     660    1335.6197
     661    1357.3613
     662    1371.4054
     663    1369.5004
     664    1348.0266
     665    1309.8433
     666    1264.0302
     667    1223.3334
     668    1199.9925
     669    1201.3532
     670    1226.9351
     671    1268.1958
     672    1311.2591
     673    1341.7337
     674    1349.8957
     675    1334.2931
     676    1302.3482
     677    1267.6015
     678    1244.5081
     679    1242.7124
     680    1263.0335
     681    1296.8489
     682    1329.2803
     683    1345.0348
     684    1334.5949
     685    1298.2939
     686    1246.6683
     687    1196.8952
     688    1166.5194
     689    1166.7698
     690    1198.1110
     691    1249.9394
     692    1304.7062
     693    1344.9623
     694    1360.5510
     695    1352.7075
     696    1332.7342
     697    1316.0328
     698    1315.4587
     699    1336.8562
     700    1377.0330
     701    1424.5213
     702    1463.4714
     703    1479.5247
     704    1465.3267
     705    1423.4260
     706    1365.4219
     707    1307.7548
     708    1265.8497
     709    1248.9042
     710    1257.2627
     711    1283.2137
     712    1314.6762
     713    1340.1525
     714    1352.9477
     715    1353.0744
     716    1346.2743
     717    1340.7573
     718    1343.1221
     719    1355.1742
     720    1372.8952
     721    1387.9170
     722    1390.8438
     723    1375.0905
     724    1339.7581
     725    1290.4619
     726    1237.7956
     727    1194.0013
     728    1169.0479
     729    1167.5345
     730    1187.5033
     731    1221.5290
     732    1259.6175
     733    1292.7924
     734    1316.0477
     735    1329.6212
     736    1338.1895
     737    1348.3223
     738    1365.1505
     739    1389.5182
     740    1416.7943
     741    1437.9872
     742    1442.8988
     743    1424.2086
     744    1380.9373
     745    1319.9117
     746    1254.5118
     747    1200.9331
     748    1173.1160
     749    1178.0740
     750    1213.3239
     751    1267.4611
     752    1323.8175
     753    1366.0115
     754    1383.4492
     755    1374.7805
     756    1347.9802
     757    1316.9439
     758    1295.8130
     759    1293.2043
     760    1308.6334
     761    1332.5732
     762    1350.1573
     763    1347.1348
     764    1315.8394
     765    1258.8690
     766    1188.9653
     767    1124.9733
     768    1085.2726
     769    1081.1054
     770    1112.3637
     771    1167.5539
     772    1228.1088
     773    1275.4862
     774    1298.2701
     775    1296.3476
     776    1280.4002
     777    1266.9093
     778    1270.7775
     779    1298.7068
     780    1346.1431
     781    1399.0061
     782    1439.4074
     783    1452.9347
     784    1434.5541
     785    1390.7649
     786    1337.1997
     787    1292.6501
     788    1271.9523
     789    1280.5446
     790    1312.7770
     791    1354.5082
     792    1388.8433
     793    1402.7148
     794    1391.7473
     795    1361.5675
     796    1325.1568
     797    1297.4472
     798    1289.3420
     799    1303.4754
     800    1333.2853
     801    1365.6776
     802    1386.1684
     803    1384.4579
     804    1358.3071
     805    1314.3296
     806    1265.4987
     807    1226.4060
     808    1208.0578
     809    1214.0906
     810    1239.6851
     811    1273.4756
     812    1301.7197
     813    1313.2314
     814    1303.3603
     815    1275.6601
     816    1240.6673
     817    1212.2301
     818    1202.6759
     819    1218.5248
     820    1258.1944
     821    1312.4161
     822    1367.1968
     823    1408.3562
     824    1426.1444
     825    1418.3744
     826    1390.9433
     827    1355.5031
     828    1325.0797
     829    1309.2490
     830    1310.6762
     831    1324.3255
     832    1339.6376
     833    1344.8153
     834    1331.5646
     835    1298.4968
     836    1251.8952
     837    1203.5368
     838    1166.3950
     839    1149.8787
     840    1156.4466
     841    1180.8911
     842    1212.5407
     843    1239.5135
     844    1253.3108
     845    1251.9073
     846    1240.0762
     847    1226.8308
     848    1221.0969
     849    1227.4704
     850    1243.9091
     851    1262.4046
     852    1272.4520
     853    1265.9113
     854    1241.1798
     855    1204.7698
     856    1169.4061
     857    1149.2375
     858    1154.0697
     859    1185.0724
     860    1233.8829
     861    1285.6155
     862    1324.6110
     863    1340.5862
     864    1332.6263
     865    1309.3477
     866    1285.1805
     867    1274.3114
     868    1284.7523
     869    1314.9326
     870    1354.2036
     871    1387.0950
     872    1399.6110
     873    1385.0179
     874    1346.7870
     875    1297.4983
     876    1254.0927
     877    1231.3442
     878    1236.1943
     879    1265.2371
     880    1306.2850
     881    1343.2720
     882    1362.4738
     883    1357.5829
     884    1331.7207
     885    1295.7209
     886    1263.4983
     887    1246.4545
     888    1249.1662
     889    1267.9594
     890    1292.7216
     891    1311.0472
     892    1313.0345
     893    1294.9411
     894    1260.4296
     895    1219.1044
     896    1183.0161
     897    1162.4880
     898    1162.7409
     899    1182.4008
     900    1214.2468
     901    1247.7946
     902    1272.7598
     903    1282.2507
     904    1274.7085
     905    1254.0394
     906    1227.9692
     907    1205.2320
     908    1192.5758
     909    1192.6170
     910    1203.2210
     911    1218.5484
     912    1231.3442
     913    1235.6652
     914    1229.0974
     915    1213.6641
     916    1195.0552
     917    1180.4476
     918    1175.7521
     919    1183.3709
     920    1201.3263
     921    1224.0453
     922    1244.4819
     923    1256.7512
     924    1258.2869
     925    1250.6751
     926    1238.8219
     927    1228.7821
     928    1225.1344
     929    1228.9795
     930    1237.3893
     931    1244.5614
     932    1244.2360
     933    1232.4148
     934    1209.2387
     935    1179.2055
     936    1149.5850
     937    1127.6595
     938    1117.9171
     939    1120.3422
     940    1130.5008
     941    1141.4156
     942    1146.5142
     943    1142.4516
     944    1130.6143
     945    1116.6104
     946    1107.9096
     947    1110.6091
     948    1126.7161
     949    1153.1505
     950    1182.9394
     951    1208.1166
     952    1223.0647
     953    1226.8362
     954    1223.4197
     955    1219.8120
     956    1222.7269
     957    1235.4244
     958    1256.1071
     959    1278.6341
     960    1295.2503
     961    1300.1213
     962    1292.1147
     963    1275.5731
     964    1258.6797
     965    1250.0484
     966    1254.9693
     967    1272.9474
     968    1297.6742
     969    1319.5465
     970    1329.6682
     971    1323.5021
     972    1302.5406
     973    1273.5157
     974    1245.7857
     975    1227.9294
     976    1224.6575
     977    1235.1439
     978    1253.4569
     979    1270.9246
     980    1279.4727
     981    1274.6435
     982    1257.2079
     983    1232.8295
     984    1209.9391
     985    1196.6230
     986    1197.6846
     987    1212.9796
     988    1237.5902
     989    1263.6481
     990    1283.0185
     991    1289.8699
     992    1282.3561
     993    1262.9939
     994    1237.7028
     995    1213.8175
     996    1197.7085
     997    1192.7793
     998    1198.4820
     999    1210.6449
    1000    1222.9939
    1001    1229.1083
    1002    1224.8310
    1003    1209.6075
    1004    1186.9172
    1005    1163.3589
    1006    1146.6439
    1007    1143.0880
    1008    1155.3880
    1009    1181.4398
    1010    1214.6772
    1011    1245.9203
    1012    1266.1856
    1013    1269.5156
    1014    1254.8322
    1015    1226.1511
    1016    1191.1082
    1017    1158.3536
    1018    1134.7578
    1019    1123.3834
    1020    1122.8859
    1021    1128.5328
    1022    1134.4382
    1023    1136.1270
    1024    1132.3905
    1025    1125.7045
    1026    1121.0974
    1027    1124.0105
    1028    1138.0732
    1029    1163.6933
    1030    1197.9543
    1031    1235.7365
    1032    1271.4866
    1033    1300.8597
    1034    1321.5999
    1035    1333.4364
    1036    1337.2422
    1037    1334.0111
    1038    1324.2222
    1039    1307.8851
    1040    1285.1830
    1041    1257.2732
    1042    1226.7235
    1043    1197.2358
    1044    1172.6927
    1045    1155.9261
    1046    1147.7637
    1047    1146.8194
    1048    1150.1838
    1049    1154.7595
    1050    1158.6734
    1051    1162.1307
    1052    1167.3074
    1053    1177.2812
    1054    1194.4159
    1055    1218.8979
    1056    1248.0723
    1057    1276.9216
    1058    1299.5324
    1059    1311.0001
    1060    1309.0329
    1061    1294.6390
    1062    1271.6464
    1063    1245.2883
    1064    1220.4627
    1065    1200.3722
    1066    1186.0363
    1067    1176.7323
    1068    1171.0172
    1069    1167.7712
    1070    1166.7885
    1071    1168.7204
    1072    1174.5230
    1073    1184.7741
    1074    1199.2248
    1075    1216.7525
    1076    1235.6428
    1077    1253.9923
    1078    1270.0446
    1079    1282.3385
    1080    1289.6602
    1081    1290.9161
    1082    1285.1299
    1083    1271.7255
    1084    1251.0369
    1085    1224.7755
    1086    1196.1177
    1087    1169.2229
    1088    1148.2657
    1089    1136.3169
    1090    1134.4682
    1091    1141.5053
    1092    1154.3214
    1093    1169.0931
    1094    1182.8732
    1095    1194.8356
    1096    1206.4181
    1097    1220.1659
    1098    1237.8210
    1099    1258.6276
    1100    1278.7636
    1101    1292.2986
    1102    1293.3949
    1103    1278.8545
    1104    1249.8937
    1105    1212.2856
    1106    1174.6658
    1107    1145.5955
    1108    1130.5346
    1109    1129.9672
    1110    1139.4735
    1111    1151.7428
    1112    1159.7082
    1113    1159.5144
    1114    1152.0801
    1115    1142.6226
    1116    1138.3641
    1117    1145.3784
    1118    1165.8763
    1119    1197.0316
    1120    1231.7916
    1121    1261.3146
    1122    1278.0403
    1123    1278.2042
    1124    1262.8915
    1125    1237.3560
    1126    1208.9847
    1127    1184.7678
    1128    1169.2257
    1129    1163.4589
    1130    1165.4857
    1131    1171.5489
    1132    1177.7858
    1133    1181.6410
    1134    1182.5644
    1135    1181.8384
    1136    1181.7166
    1137    1184.3065
    1138    1190.6682
    1139    1200.4286
    1140    1211.9535
    1141    1222.8914
    1142    1230.8399
    1143    1233.9218
    1144    1231.1718
    1145    1222.7471
    1146    1209.9666
    1147    1195.1438
    1148    1181.1726
    1149    1170.9007
    1150    1166.4211
    1151    1168.5017
    1152    1176.3611
    1153    1187.9212
    1154    1200.4878
    1155    1211.6177
    1156    1219.8223
    1157    1224.8020
    1158    1227.1353
    1159    1227.5985
    1160    1226.5000
    1161    1223.4136
    1162    1217.4998
    1163    1208.2558
    1164    1196.2267
    1165    1183.1856
    1166    1171.6436
    1167    1164.0028
    1168    1161.7536
    1169    1164.9106
    1170    1171.8105
    1171    1179.4925
    1172    1184.7405
    1173    1185.4911
    1174    1181.9860
    1175    1177.0351
    1176    1175.0998
    1177    1180.4276
    1178    1194.9608
    1179    1216.9272
    1180    1240.8317
    1181    1259.0303
    1182    1264.4120
    1183    1253.2005
    1184    1226.7439
    1185    1191.4684
    1186    1156.8585
    1187    1132.1102
    1188    1122.7366
    1189    1128.5423
    1190    1143.8908
    1191    1160.1902
    1192    1169.5354
    1193    1167.9768
    1194    1157.0902
    1195    1143.2277
    1196    1134.7727
    1197    1138.5413
    1198    1156.8214
    1199    1186.2614
    1200    1219.0194
    1201    1245.6661
    1202    1258.6645
    1203    1255.0978
    1204    1237.6643
    1205    1213.6149
    1206    1192.0336
    1207    1180.4698
    1208    1182.2064
    1209    1195.2526
    1210    1213.4429
    1211    1229.0876
    1212    1235.9693
    1213    1231.4695
    1214    1217.1253
    1215    1197.6451
    1216    1178.9537
    1217    1166.0807
    1218    1161.6144
    1219    1165.1182
    1220    1173.5282
    1221    1182.2525
    1222    1186.5711
    1223    1182.9680
    1224    1170.0951
    1225    1149.1144
    1226    1123.3191
    1227    1097.2433
    1228    1075.6453
    1229    1062.5615
    1230    1060.4162
    1231    1069.3119
    1232    1086.8415
    1233    1108.7213
    1234    1130.1981
    1235    1147.7678
    1236    1160.4641
    1237    1170.0745
    1238    1180.1044
    1239    1193.9511
    1240    1213.1120
    1241    1236.1939
    1242    1259.1272
    1243    1276.5547
    1244    1283.8837
    1245    1279.1702
    1246    1264.0118
    1247    1243.0173
    1248    1222.0388
    1249    1205.8763
    1250    1196.4242
    1251    1192.0655
    1252    1188.6147
    1253    1181.4442
    1254    1167.8911
    1255    1148.8669
    1256    1128.8973
    1257    1114.5155
    1258    1111.6813
    1259    1123.3346
    1260    1148.0813
    1261    1180.5153
    1262    1213.0349
    1263    1238.4656
    1264    1252.4920
    1265    1254.9364
    1266    1249.3954
    1267    1241.4240
    1268    1236.0672
    1269    1235.7652
    1270    1239.4423
    1271    1243.0918
    1272    1241.5778
    1273    1230.9193
    1274    1210.1240
    1275    1181.8149
    1276    1151.3800
    1277    1125.0448
    1278    1107.7153
    1279    1101.4936
    1280    1105.3482
    1281    1115.8689
    1282    1128.6758
    1283    1139.9392
    1284    1147.5023
    1285    1151.2115
    1286    1152.3709
    1287    1152.6475
    1288    1153.0026
    1289    1153.1259
    1290    1151.5621
    1291    1146.3911
    1292    1136.1368
    1293    1120.5455
    1294    1100.9747
    1295    1080.2699
    1296    1062.1782
    1297    1050.4616
    1298    1047.9579
    1299    1055.8293
    1300    1073.1571
    1301    1097.0045
    1302    1123.0435
    1303    1146.7419
    1304    1164.8194
    1305    1176.4297
    1306    1183.5297
    1307    1190.1921
    1308    1201.0081
    1309    1219.0957
    1310    1244.4238
    1311    1273.1457
    1312    1298.3471
    1313    1312.1223
    1314    1308.3331
    1315    1285.0487
    1316    1245.6875
    1317    1198.2909
    1318    1153.0797
    1319    1119.1294
    1320    1101.4140
    1321    1099.3665
    1322    1107.5275
    1323    1118.0011
    1324    1123.7027
    1325    1121.0908
    1326    1111.3621
    1327    1099.7670
    1328    1093.3597
    1329    1098.0077
    1330    1115.7602
    1331    1143.6493
    1332    1174.5837
    1333    1200.1329
    1334    1213.9872
    1335    1214.4609
    1336    1204.9555
    1337    1192.2794
    1338    1183.6590
    1339    1183.7674
    1340    1193.0297
    1341    1207.8432
    1342    1222.5072
    1343    1231.9247
    1344    1233.8623
    1345    1229.8091
    1346    1224.1168
    1347    1221.8438
    1348    1226.2505
    1349    1237.0304
    1350    1250.0775
    1351    1258.9723
    1352    1257.6538
    1353    1243.1889
    1354    1217.4183
    1355    1186.6892
    1356    1159.6568
    1357    1143.9983
    1358    1143.3682
    1359    1155.8695
    1360    1174.7047
    1361    1190.7747
    1362    1196.2154
    1363    1187.5019
    1364    1166.9001
    1365    1141.6816
    1366    1121.3375
    1367    1113.8472
    1368    1122.5157
    1369    1144.6959
    1370    1172.8514
    1371    1197.3962
    1372    1210.1355
    1373    1207.0521
    1374    1189.5305
    1375    1163.6833
    1376    1138.1049
    1377    1120.8778
    1378    1116.8957
    1379    1126.4142
    1380    1145.2637
    1381    1166.5681
    1382    1183.2554
    1383    1190.4167
    1384    1186.7290
    1385    1174.5881
    1386    1159.0702
    1387    1146.1536
    1388    1140.7949
    1389    1145.3951
    1390    1159.0522
    1391    1177.7772
    1392    1195.6274
    1393    1206.4754
    1394    1205.9398
    1395    1192.8810
    1396    1169.9413
    1397    1142.8600
    1398    1118.7151
    1399    1103.6041
    1400    1100.5445
    1401    1108.3815
    1402    1122.2041
    1403    1135.2083
    1404    1141.3121
    1405    1137.4758
    1406    1124.8034
    1407    1108.0211
    1408    1093.5461
    1409    1086.8979
    1410    1090.4997
    1411    1102.7791
    1412    1118.9050
    1413    1132.7922
    1414    1139.5517
    1415    1137.4878
    1416    1128.8310
    1417    1118.7037
    1418    1112.6163
    1419    1113.6333
    1420    1120.6111
    1421    1128.4184
    1422    1130.1178
    1423    1120.1910
    1424    1097.3890
    1425    1065.9242
    1426    1034.3944
    1427    1012.7974
    1428    1008.8010
    1429    1024.7739
    1430    1056.7871
    1431    1096.0015
    1432    1131.8967
    1433    1156.0808
    1434    1165.2020
    1435    1161.8512
    1436    1153.1686
    1437    1147.7478
    1438    1152.0806
    1439    1167.9159
    1440    1191.4910
    1441    1214.8201
    1442    1228.4890
    1443    1224.9706
    1444    1201.3757
    1445    1160.6952
    1446    1111.0903
    1447    1063.4957
    1448    1028.3881
    1449    1012.7932
    1450    1018.4611
    1451    1041.7232
    1452    1074.9877
    1453    1109.2884
    1454    1137.0010
    1455    1153.8407
    1456    1159.6174
    1457    1157.6633
    1458    1153.2621
    1459    1151.6369
    1460    1156.1199
    1461    1167.0309
    1462    1181.5906
    1463    1194.8912
    1464    1201.6457
    1465    1198.1528
    1466    1183.8143
    1467    1161.6343
    1468    1137.4697
    1469    1118.2411
    1470    1109.7098
    1471    1114.6080
    1472    1131.8051
    1473    1156.8022
    1474    1183.3566
    1475    1205.6332
    1476    1220.0858
    1477    1226.3765
    1478    1227.0240
    1479    1225.9597
    1480    1226.6196
    1481    1230.3735
    1482    1235.9521
    1483    1240.1112
    1484    1239.2624
    1485    1231.3466
    1486    1217.0887
    1487    1200.0120
    1488    1185.1165
    1489    1176.7560
    1490    1176.6463
    1491    1182.9598
    1492    1190.9871
    1493    1195.1383
    1494    1191.4173
    1495    1179.2633
    1496    1161.9075
    1497    1145.0358
    1498    1134.2832
    1499    1132.6263
    1500    1138.8353
    1501    1147.7335
    1502    1152.2247
    1503    1146.3097
    1504    1127.8601
    1505    1099.9891
    1506    1070.3901
    1507    1048.8214
    1508    1043.6442
    1509    1058.7213
    1510    1091.8520
    1511    1135.3469
    1512    1178.5644
    1513    1211.4980
    1514    1228.1008
    1515    1228.0794
    1516    1216.4354
    1517    1200.9776
    1518    1188.9950
    1519    1184.6334
    1520    1187.8974
    1521    1195.2496
    1522    1201.2828
    1523    1200.8773
    1524    1191.2421
    1525    1173.2566
    1526    1151.6910
    1527    1134.1227
    1528    1128.6828
    1529    1141.2074
    1530    1172.8850
    1531    1219.5130
    1532    1272.6243
    1533    1321.8345
    1534    1357.5693
    1535    1373.4813
    1536    1367.9761
    1537    1344.4565
    1538    1310.2357
    1539    1274.3979
    1540    1245.1508
    1541    1227.4130
    1542    1221.4341
    1543    1222.9736
    1544    1225.0400
    1545    1220.5901
    1546    1205.2217
    1547    1178.8960
    1548    1146.0964
    1549    1114.4002
    1550    1091.9598
    1551    1084.7504
    1552    1094.5347
    1553    1118.2556
    1554    1149.0558
    1555    1178.5366
    1556    1199.4287
    1557    1207.7523
    1558    1203.7536
    1559    1191.3614
    1560    1176.4444
    1561    1164.5870
    1562    1159.2558
    1563    1161.0380
    1564    1168.1122
    1565    1177.5396
    1566    1186.6476
    1567    1193.8905
    1568    1198.9225
    1569    1202.0623
    1570    1203.5874
    1571    1203.3295
    1572    1200.8146
    1573    1195.8345
    1574    1189.0499
    1575    1182.1750
    1576    1177.4883
    1577    1176.7942
    1578    1180.3136
    1579    1186.1209
    1580    1190.5676
    1581    1189.6517
    1582    1180.7989
    1583    1164.1982
    1584    1142.9496
    1585    1121.8330
    1586    1105.2607
    1587    1095.4287
    1588    1091.5487
    1589    1090.4428
    1590    1088.1791
    1591    1082.0447
    1592    1072.0589
    1593    1061.3650
    1594    1055.2292
    1595    1058.9179
    1596    1075.3009
    1597    1103.3057
    1598    1138.0223
    1599    1172.4143
    1600    1199.8070
    1601    1216.0855
    1602    1220.7973
    1603    1216.8492
    1604    1209.0355
    1605    1202.0537
    1606    1198.8101
    1607    1199.6232
    1608    1202.5215
    1609    1204.3857
    1610    1202.4114
    1611    1195.3142
    1612    1183.8901
    1613    1170.7895
    1614    1159.6702
    1615    1154.0747
    1616    1156.4313
    1617    1167.4775
    1618    1186.1877
    1619    1210.0523
    1620    1235.4625
    1621    1258.1650
    1622    1274.0259
    1623    1280.1230
    1624    1275.6816
    1625    1262.2904
    1626    1243.2967
    1627    1222.6739
    1628    1203.7855
    1629    1188.4401
    1630    1176.5367
    1631    1166.4254
    1632    1155.8627
    1633    1143.2323
    1634    1128.5711
    1635    1113.9937
    1636    1103.2711
    1637    1100.6381
    1638    1109.2020
    1639    1129.5205
    1640    1158.9107
    1641    1191.8195
    1642    1221.2375
    1643    1240.7610
    1644    1246.6180
    1645    1238.9104
    1646    1221.5834
    1647    1201.0646
    1648    1184.0216
    1649    1175.0237
    1650    1174.9790
    1651    1180.9603
    1652    1187.5284
    1653    1189.0633
    1654    1182.1868
    1655    1167.3293
    1656    1148.8187
    1657    1133.4556
    1658    1128.0839
    1659    1137.0647
    1660    1160.5805
    1661    1194.3962
    1662    1231.1807
    1663    1262.9276
    1664    1283.5850
    1665    1290.8680
    1666    1286.5687
    1667    1275.3288
    1668    1262.4858
    1669    1251.9302
    1670    1244.8202
    1671    1239.5717
    1672    1232.9919
    1673    1221.9631
    1674    1204.9329
    1675    1182.6398
    1676    1157.8868
    1677    1134.5246
    1678    1116.1105
    1679    1104.8231
    1680    1101.1168
    1681    1104.1650
    1682    1112.6645
    1683    1125.4406
    1684    1141.5588
    1685    1160.0187
    1686    1179.3612
    1687    1197.5315
    1688    1212.1817
    1689    1221.3305
    1690    1224.0823
    1691    1221.0299
    1692    1214.1053
    1693    1205.8742
    1694    1198.5474
    1695    1193.1464
    1696    1189.1998
    1697    1185.1057
    1698    1178.9816
    1699    1169.5972
    1700    1156.9659
    1701    1142.3693
    1702    1127.8831
    1703    1115.6652
    1704    1107.2883
    1705    1103.3339
    1706    1103.3668
    1707    1106.2885
    1708    1110.9158
    1709    1116.5286
    1710    1123.1570
    1711    1131.5063
    1712    1142.5874
    1713    1157.2219
    1714    1175.6060
    1715    1197.0761
    1716    1220.1336
    1717    1242.6857
    1718    1262.3922
    1719    1277.0258
    1720    1284.7990
    1721    1284.6469
    1722    1276.4228
    1723    1260.9558
    1724    1239.9324
    1725    1215.6073
    1726    1190.3689
    1727    1166.2164
    1728    1144.2993
    1729    1124.7084
    1730    1106.6831
    1731    1089.2402
    1732    1072.0123
    1733    1055.9030
    1734    1043.1730
    1735    1036.7836
    1736    1039.2168
    1737    1051.2310
    1738    1071.0592
    1739    1094.4022
    1740    1115.3956
    1741    1128.3837
    1742    1129.9504
    1743    1120.4078
    1744    1104.0438
    1745    1087.8714
    1746    1079.2157
    1747    1083.0067
    1748    1099.8315
    1749    1125.5754
    1750    1152.8475
    1751    1173.6761
    1752    1182.4332
    1753    1177.8545
    1754    1163.3909
    1755    1145.7858
    1756    1132.4449
    1757    1128.6174
    1758    1135.4526
    1759    1149.6378
    1760    1164.6964
    1761    1173.4115
    1762    1170.4816
    1763    1154.4898
    1764    1128.5314
    1765    1099.2343
    1766    1074.4764
    1767    1060.6167
    1768    1060.3037
    1769    1071.6930
    1770    1089.3188
    1771    1106.1916
    1772    1116.2630
    1773    1116.3711
    1774    1107.0691
    1775    1092.1599
    1776    1077.1892
    1777    1067.4547
    1778    1066.2268
    1779    1073.7725
    1780    1087.4670
    1781    1102.8993
    1782    1115.5537
    1783    1122.4814
    1784    1123.3882
    1785    1120.7608
    1786    1118.9657
    1787    1122.6211
    1788    1134.7725
    1789    1155.4958
    1790    1181.4344
    1791    1206.5139
    1792    1223.6973
    1793    1227.2615
    1794    1214.8325
    1795    1188.4294
    1796    1154.0609
    1797    1119.9217
    1798    1093.7529
    1799    1080.2782
    1800    1079.6464
    1801    1087.4873
    1802    1096.6167
    1803    1099.8140
    1804    1092.6756
    1805    1075.4694
    1806    1053.2639
    1807    1034.2357
    1808    1026.7333
    1809    1036.1622
    1810    1062.8344
    1811    1101.5894
    1812    1143.3537
    1813    1178.0945
    1814    1198.1112
    1815    1200.4991
    1816    1187.9312
    1817    1167.5454
    1818    1148.3767
    1819    1138.2398
    1820    1141.1397
    1821    1156.1106
    1822    1177.8691
    1823    1198.9661
    1824    1212.5296
    1825    1214.5009
    1826    1204.5697
    1827    1185.6251
    1828    1162.1566
    1829    1138.4189
    1830    1117.1739
    1831    1099.4421
    1832    1085.0984
    1833    1073.7299
    1834    1065.1660
    1835    1059.4741
    1836    1056.5888
    1837    1055.9008
    1838    1056.1029
    1839    1055.5464
    1840    1053.1705
    1841    1049.5913
    1842    1047.5839
    1843    1051.4133
    1844    1065.1228
    1845    1090.4628
    1846    1125.3597
    1847    1163.6898
    1848    1196.6811
    1849    1215.6382
    1850    1215.0973
    1851    1195.1955
    1852    1162.2188
    1853    1126.9218
    1854    1101.0759
    1855    1093.4200
    1856    1106.5147
    1857    1135.7441
    1858    1170.9197
    1859    1199.9419
    1860    1213.1760
    1861    1206.9244
    1862    1184.7196
    1863    1155.9716
    1864    1132.4944
    1865    1124.1971
    1866    1135.4740
    1867    1163.5240
    1868    1199.1433
    1869    1229.7025
    1870    1243.3104
    1871    1232.7630
    1872    1197.9572
    1873    1145.9974
    1874    1089.0243
    1875    1040.5461
    1876    1011.4937
    1877    1007.2363
    1878    1026.4011
    1879    1061.7299
    1880    1102.5865
    1881    1138.2689
    1882    1161.1039
    1883    1168.4184
    1884    1162.8527
    1885    1151.0142
    1886    1140.9734
    1887    1139.4276
    1888    1149.4139
    1889    1169.2508
    1890    1193.0191
    1891    1212.4111
    1892    1219.3542
    1893    1208.5585
    1894    1179.2433
    1895    1135.6061
    1896    1085.8746
    1897    1040.0838
    1898    1007.1425
    1899     992.1320
    1900     994.8272
    1901    1010.0093
    1902    1029.4765
    1903    1045.0320
    1904    1051.3753
    1905    1047.8751
    1906    1038.5824
    1907    1030.5041
    1908    1030.7955
    1909    1043.9370
    1910    1069.9509
    1911    1104.3108
    1912    1139.5390
    1913    1167.8821
    1914    1184.0347
    1915    1186.8678
    1916    1179.5200
    1917    1167.8858
    1918    1158.1737
    1919    1154.5296
    1920    1157.6473
    1921    1164.8389
    1922    1171.4005
    1923    1172.6408
    1924    1165.7522
    1925    1150.8529
    1926    1130.8841
    1927    1110.4847
    1928    1094.3242
    1929    1085.5334
    1930    1084.7725
    1931    1090.1929
    1932    1098.1995
    1933    1104.6832
    1934    1106.3006
    1935    1101.4319
    1936    1090.5794
    1937    1076.1548
    1938    1061.7861
    1939    1051.3765
    1940    1048.1537
    1941    1053.8819
    1942    1068.3815
    1943    1089.4710
    1944    1113.4120
    1945    1135.8343
    1946    1152.9683
    1947    1162.8353
    1948    1165.9662
    1949    1165.3195
    1950    1165.3372
    1951    1170.3862
    1952    1183.0889
    1953    1203.1213
    1954    1226.9489
    1955    1248.6761
    1956    1261.8118
    1957    1261.3850
    1958    1245.6902
    1959    1217.0174
    1960    1181.0816
    1961    1145.3188
    1962    1116.6274
    1963    1099.3284
    1964    1094.0155
    1965    1097.6575
    1966    1104.8805
    1967    1109.9744
    1968    1108.9425
    1969    1100.9056
    1970    1088.4144
    1971    1076.5910
    1972    1071.4166
    1973    1077.7144
    1974    1097.4556
    1975    1128.8898
    1976    1166.7452
    1977    1203.4262
    1978    1230.8554
    1979    1242.4728
    1980    1234.9091
    1981    1208.9373
    1982    1169.4273
    1983    1124.2291
    1984    1082.1858
    1985    1050.7792
    1986    1034.1029
    1987    1031.8049
    1988    1039.3835
    1989    1049.7905
    1990    1055.8658
    1991    1052.8089
    1992    1039.8523
    1993    1020.5409
    1994    1001.4880
    1995     989.9989
    1996     991.3808
    1997    1006.8999
    1998    1033.1592
    1999    1063.1483
    2000    1088.5985
