#Frame              T
       1    1337.7560
       2    1318.5578
       3    1388.3194
       4    1174.3066
       5    1232.7984
       6    1186.3345
       7    1103.9238
       8    1183.4626
       9    1126.6090
      10    1197.5608
      11    1119.5396
      12    1081.1688
      13    1038.5584
      14    1052.4345
      15     945.8855
      16    1078.4915
      17    1054.9625
      18    1089.4729
      19     978.3581
      20     931.0986
      21    1031.6600
      22    1012.5954
      23     997.0227
      24     858.3636
      25    1040.5187
      26     939.8120
      27     997.5526
      28     915.0942
      29     930.9376
      30     957.3610
      31     941.8988
      32     933.5325
      33     854.3606
      34     855.5233
      35     826.8394
      36     873.3560
      37     841.6633
      38     885.2230
      39     926.6033
      40     905.8016
      41     878.2395
      42     815.0958
      43     856.4440
      44     887.1923
      45     837.4550
      46     794.5510
      47     874.6168
      48     754.0154
      49     782.4792
      50     753.7947
      51     809.0988
      52     808.7361
      53     810.4648
      54     797.2147
      55     800.4948
      56     834.1774
      57     806.5037
      58     806.4541
      59     755.4383
      60     763.2317
      61     697.6736
      62     773.8674
      63     743.5345
      64     813.4563
      65     773.1120
      66     773.1913
      67     784.7460
      68     737.6092
      69     784.8536
      70     771.7066
      71     779.6185
      72     729.6457
      73     654.4597
      74     786.5564
      75     749.2087
      76     754.8770
      77     747.3381
      78     705.3423
      79     696.2229
      80     667.2790
      81     684.0503
      82     733.6327
      83     676.6799
      84     718.2539
      85     697.5410
      86     762.0778
      87     726.8734
      88     687.2878
      89     698.2667
      90     757.5760
      91     710.0070
      92     663.2803
      93     642.2894
      94     674.4597
      95     678.7029
      96     697.5760
      97     709.5728
      98     669.3049
      99     646.7024
     100     678.1644
     101     617.1718
     102     625.5037
     103     640.1750
     104     611.7532
     105     606.8803
     106     556.6595
     107     662.9947
     108     620.6420
     109     709.1686
     110     676.7415
     111     674.5974
     112     673.0608
     113     668.6697
     114     698.0527
     115     648.0389
     116     685.0182
     117     585.7717
     118     614.7010
     119     645.8754
     120     627.0566
     121     687.6032
     122     588.4755
     123     629.2810
     124     602.7517
     125     584.0303
     126     618.8925
     127     570.8836
     128     589.6200
     129     545.6749
     130     659.4745
     131     578.3728
     132     575.0472
     133     619.1465
     134     640.8069
     135     581.5314
     136     599.9500
     137     600.6099
     138     588.1469
     139     565.3197
     140     571.4944
     141     605.0659
     142     577.7271
     143     529.8110
     144     546.9753
     145     596.2547
     146     591.1534
     147     526.4728
     148     578.5157
     149     539.8607
     150     534.7911
     151     562.2087
     152     506.4775
     153     565.5420
     154     524.5882
     155     557.4619
     156     524.2128
     157     516.9960
     158     562.7949
     159     498.8554
     160     510.4250
     161     519.0704
     162     523.4964
     163     532.0229
     164     558.6233
     165     548.7224
     166     534.0027
     167     521.3737
     168     528.1309
     169     499.9673
     170     467.2634
     171     494.4263
     172     480.4432
     173     492.0899
     174     502.0200
     175     444.8366
     176     480.2694
     177     504.1331
     178     519.7383
     179     483.5002
     180     484.8080
     181     508.0770
     182     538.0863
     183     505.6325
     184     476.5216
     185     457.3291
     186     433.5259
     187     499.9939
     188     532.4640
     189     513.8255
     190     499.3352
     191     482.9935
     192     445.7963
     193     447.5970
     194     471.9398
     195     474.8959
     196     481.6241
     197     449.3202
     198     487.9303
     199     497.6801
     200     475.4535
     201     466.8528
     202     500.8795
     203     509.0769
     204     506.7064
     205     496.8437
     206     452.2554
     207     500.7711
     208     471.3049
     209     472.9924
     210     464.8177
     211     411.8509
     212     452.7193
     213     491.5783
     214     449.4002
     215     467.5719
     216     514.5978
     217     446.7309
     218     471.9362
     219     437.1502
     220     451.0688
     221     428.8722
     222     411.1071
     223     420.6501
     224     449.7863
     225     412.8702
     226     434.7235
     227     430.1640
     228     428.9057
     229     436.6831
     230     474.7299
     231     452.7664
     232     477.5802
     233     412.0708
     234     436.4967
     235     434.0472
     236     398.6851
     237     439.0779
     238     446.1884
     239     436.7541
     240     443.2732
     241     447.4575
     242     426.1623
     243     438.2354
     244     449.6929
     245     428.8663
     246     383.9246
     247     416.5524
     248     424.2380
     249     415.0816
     250     407.5754
     251     435.6453
     252     420.5812
     253     445.1700
     254     436.8427
     255     430.8579
     256     444.4823
     257     466.2257
     258     445.2898
     259     416.9258
     260     413.0381
     261     449.7473
     262     434.9593
     263     458.1922
     264     412.4619
     265     419.9389
     266     449.5190
     267     432.5046
     268     409.0859
     269     434.4765
     270     407.0571
     271     448.9002
     272     443.7777
     273     408.4099
     274     406.7652
     275     444.9180
     276     386.3118
     277     432.0400
     278     418.1600
     279     463.2043
     280     450.8493
     281     428.4721
     282     472.3829
     283     412.9959
     284     421.6098
     285     458.0819
     286     378.3527
     287     356.3499
     288     404.1978
     289     413.6660
     290     427.4994
     291     364.8078
     292     443.8635
     293     411.1730
     294     394.6458
     295     389.3431
     296     400.7784
     297     408.1186
     298     365.8721
     299     375.5831
     300     412.6199
     301     408.7822
     302     444.4735
     303     445.1470
     304     415.2002
     305     413.8595
     306     434.4100
     307     387.5338
     308     420.3712
     309     386.1403
     310     376.4601
     311     392.8311
     312     413.7206
     313     398.7952
     314     359.4114
     315     394.1107
     316     377.0421
     317     430.6802
     318     421.4870
     319     418.4874
     320     386.1553
     321     428.8605
     322     385.7704
     323     372.0731
     324     409.1531
     325     438.1708
     326     407.5641
     327     441.6852
     328     410.4639
     329     389.6317
     330     407.7208
     331     404.7010
     332     441.5340
     333     416.7763
     334     412.1389
     335     401.5601
     336     399.2652
     337     382.4909
     338     378.3435
     339     398.6604
     340     358.6144
     341     374.0687
     342     344.2891
     343     386.0663
     344     357.0195
     345     402.6507
     346     420.2553
     347     396.4046
     348     425.8958
     349     391.0428
     350     398.3154
     351     378.9089
     352     393.7313
     353     398.7972
     354     365.7423
     355     407.4011
     356     406.4925
     357     404.8250
     358     386.2884
     359     363.6695
     360     364.6423
     361     408.0294
     362     384.5440
     363     355.4774
     364     375.9579
     365     334.5444
     366     363.2415
     367     364.2967
     368     358.4835
     369     351.8773
     370     371.8452
     371     379.3073
     372     373.6910
     373     368.3268
     374     347.2149
     375     371.6899
     376     384.1068
     377     378.9844
     378     368.5706
     379     350.4469
     380     318.4289
     381     330.9795
     382     341.4323
     383     370.1887
     384     346.8001
     385     340.6360
     386     337.1567
     387     350.1262
     388     334.6981
     389     322.9862
     390     341.5897
     391     352.5172
     392     339.3145
     393     366.2731
     394     348.8825
     395     362.9668
     396     336.6103
     397     312.9596
     398     292.6849
     399     370.8318
     400     382.3100
