#Frame              T
       1    1115.4937
       2    1151.9514
       3    1123.0786
       4    1095.0947
       5     979.1786
       6    1041.1044
       7     952.3103
       8     973.4019
       9    1120.9753
      10    1071.3236
      11     974.7206
      12    1018.2238
      13     990.1110
      14    1016.9637
      15     996.4094
      16    1003.1242
      17     906.8214
      18     956.6568
      19     898.7744
      20     978.4722
      21     986.3456
      22    1011.1961
      23     891.4126
      24     925.5881
      25     901.8211
      26     847.7793
      27     911.9747
      28     819.2651
      29     930.2670
      30     943.6765
      31     859.6879
      32     900.3201
      33     842.2294
      34     902.0184
      35     853.9367
      36     859.5840
      37     897.3864
      38     869.0203
      39     799.9785
      40     834.4069
      41     820.2505
      42     837.5435
      43     741.3595
      44     838.7705
      45     832.2271
      46     805.6207
      47     834.7614
      48     754.9312
      49     852.7365
      50     772.7770
      51     737.2950
      52     691.7338
      53     772.5032
      54     821.0493
      55     819.7465
      56     745.8893
      57     762.4638
      58     754.9281
      59     803.6000
      60     771.9274
      61     760.3569
      62     671.4959
      63     692.3329
      64     661.2443
      65     659.4189
      66     697.8051
      67     654.3216
      68     712.5343
      69     688.9092
      70     663.9896
      71     579.3606
      72     642.0202
      73     645.6043
      74     653.6079
      75     678.4361
      76     633.1227
      77     623.2240
      78     607.0843
      79     656.8105
      80     631.8570
      81     660.5595
      82     639.4203
      83     628.5350
      84     573.6242
      85     627.9754
      86     630.0794
      87     607.0153
      88     679.8796
      89     616.4779
      90     678.0651
      91     656.2192
      92     611.8713
      93     545.4101
      94     609.7622
      95     545.5717
      96     620.8709
      97     681.5811
      98     615.0857
      99     624.5080
     100     612.8847
     101     633.7233
     102     542.1939
     103     521.1674
     104     540.9833
     105     578.7674
     106     557.0105
     107     538.4957
     108     580.9264
     109     506.6979
     110     578.1715
     111     609.1374
     112     535.2365
     113     571.8040
     114     566.3246
     115     598.1257
     116     483.6435
     117     513.8824
     118     601.0388
     119     553.0493
     120     532.2326
     121     518.7130
     122     590.1013
     123     532.4237
     124     558.9275
     125     517.4905
     126     580.5042
     127     519.1454
     128     586.0770
     129     526.9776
     130     507.3952
     131     514.4056
     132     508.5682
     133     539.9405
     134     499.0622
     135     522.8064
     136     564.4747
     137     523.0686
     138     508.2646
     139     562.2897
     140     504.5478
     141     523.7257
     142     531.5736
     143     545.4277
     144     511.3538
     145     556.5855
     146     456.6190
     147     465.5811
     148     494.8063
     149     490.2769
     150     525.9039
     151     481.0732
     152     443.0039
     153     470.4376
     154     491.9989
     155     521.0835
     156     540.5713
     157     500.8942
     158     498.3477
     159     446.8446
     160     484.5869
     161     503.4919
     162     489.7172
     163     500.6968
     164     469.1142
     165     453.9741
     166     473.8420
     167     469.6143
     168     463.8746
     169     471.0804
     170     461.9108
     171     460.7368
     172     525.0946
     173     557.0932
     174     461.6185
     175     483.0907
     176     429.6902
     177     477.6398
     178     503.2131
     179     462.5655
     180     473.1345
     181     442.9944
     182     469.6047
     183     452.0766
     184     425.5281
     185     428.8305
     186     447.9016
     187     454.9892
     188     493.2240
     189     502.0938
     190     455.6700
     191     446.3150
     192     454.8342
     193     471.2488
     194     483.8984
     195     502.2487
     196     486.9309
     197     446.6681
     198     427.4651
     199     450.4676
     200     456.5143
     201     458.5240
     202     421.0724
     203     450.5177
     204     482.2401
     205     461.8150
     206     418.8482
     207     421.3667
     208     401.5897
     209     454.2971
     210     484.8346
     211     466.7382
     212     457.2825
     213     445.7736
     214     494.9303
     215     469.5195
     216     435.4523
     217     408.8386
     218     441.7336
     219     430.3298
     220     442.5050
     221     442.4899
     222     431.4510
     223     466.9535
     224     461.6979
     225     436.4853
     226     399.8436
     227     440.2559
     228     454.7877
     229     479.1922
     230     418.5018
     231     462.7476
     232     424.4403
     233     462.1041
     234     415.0094
     235     403.4978
     236     415.2606
     237     417.8052
     238     463.3897
     239     407.5561
     240     384.0498
     241     418.7328
     242     434.8967
     243     443.2775
     244     427.9085
     245     423.5876
     246     448.7791
     247     427.9340
     248     379.5404
     249     387.0027
     250     444.7859
     251     447.4124
     252     444.8508
     253     467.7528
     254     421.1502
     255     397.9940
     256     413.8712
     257     427.5773
     258     395.0711
     259     407.5453
     260     408.7765
     261     392.8030
     262     424.4250
     263     394.3064
     264     463.4871
     265     435.7939
     266     458.4647
     267     428.4729
     268     428.8160
     269     440.0039
     270     443.2776
     271     419.8934
     272     408.7201
     273     414.6947
     274     411.5395
     275     396.8467
     276     379.7842
     277     408.1292
     278     393.4240
     279     409.9729
     280     395.1161
     281     386.3054
     282     369.3600
     283     418.0827
     284     384.8704
     285     378.1588
     286     411.3541
     287     370.2825
     288     399.9993
     289     385.3936
     290     399.6516
     291     396.6643
     292     437.0964
     293     403.0114
     294     417.1428
     295     376.3574
     296     376.1430
     297     378.8166
     298     373.7651
     299     372.5861
     300     367.6946
     301     392.4781
     302     392.2955
     303     413.4711
     304     375.8672
     305     377.7956
     306     396.8791
     307     436.5029
     308     375.1121
     309     381.8185
     310     360.3012
     311     399.9384
     312     363.5823
     313     373.9426
     314     380.7474
     315     347.2830
     316     372.5952
     317     389.3531
     318     373.4851
     319     383.6703
     320     369.2596
     321     365.3176
     322     396.2832
     323     361.0275
     324     360.5389
     325     377.3594
     326     373.9383
     327     440.7568
     328     365.4949
     329     400.6412
     330     381.7827
     331     369.3594
     332     372.2279
     333     397.4732
     334     400.5123
     335     380.3834
     336     404.4029
     337     396.0196
     338     382.5080
     339     403.9117
     340     374.6901
     341     372.0208
     342     392.9191
     343     384.9013
     344     373.0701
     345     384.8858
     346     369.2915
     347     375.7134
     348     342.1806
     349     354.3290
     350     374.4013
     351     380.0469
     352     377.4159
     353     340.4710
     354     368.3531
     355     378.5467
     356     410.2699
     357     371.3508
     358     375.9526
     359     369.9359
     360     373.2257
     361     361.6593
     362     365.8587
     363     383.0496
     364     359.2424
     365     391.3358
     366     316.8531
     367     383.7929
     368     358.3530
     369     384.0548
     370     386.4866
     371     382.9617
     372     378.4797
     373     388.3434
     374     346.2053
     375     386.8544
     376     360.4789
     377     353.3729
     378     342.7146
     379     364.1004
     380     369.5775
     381     387.5417
     382     383.9710
     383     377.6442
     384     393.4573
     385     391.1518
     386     372.0659
     387     410.6211
     388     393.3010
     389     413.6419
     390     359.2552
     391     397.0326
     392     408.3789
     393     398.8212
     394     383.5648
     395     400.0223
     396     425.7226
     397     368.6615
     398     372.7020
     399     359.8308
     400     392.0929
