#Frame              T
       1    2972.7184
       2    2838.0732
       3    2626.1996
       4    2383.1943
       5    2157.4265
       6    1985.6451
       7    1883.3319
       8    1842.2529
       9    1835.7586
      10    1829.9291
      11    1796.7101
      12    1724.1422
      13    1619.5605
      14    1505.5525
      15    1412.2373
      16    1368.2550
      17    1391.5228
      18    1482.5566
      19    1623.2069
      20    1781.4041
      21    1920.2363
      22    2008.3768
      23    2028.6016
      24    1981.9203
      25    1886.3144
      26    1770.7628
      27    1666.5531
      28    1598.5180
      29    1578.6880
      30    1604.0303
      31    1658.6517
      32    1719.5380
      33    1763.9471
      34    1776.2433
      35    1752.2347
      36    1699.8878
      37    1636.3578
      38    1582.3321
      39    1555.4398
      40    1564.7241
      41    1607.8645
      42    1671.9941
      43    1737.8038
      44    1785.5640
      45    1801.1056
      46    1779.9033
      47    1728.0982
      48    1660.2998
      49    1594.9843
      50    1548.9598
      51    1532.5470
      52    1546.8845
      53    1584.1042
      54    1630.1747
      55    1669.2602
      56    1688.1491
      57    1679.8101
      58    1645.7273
      59    1596.0339
      60    1545.6263
      61    1507.9270
      62    1491.6926
      63    1500.8901
      64    1534.3568
      65    1585.3618
      66    1642.4253
      67    1691.6903
      68    1720.3689
      69    1720.3981
      70    1691.2367
      71    1640.7626
      72    1583.6606
      73    1537.4508
      74    1517.1878
      75    1530.4706
      76    1574.4637
      77    1636.0838
      78    1695.6100
      79    1732.8668
      80    1734.0388
      81    1696.5841
      82    1630.2604
      83    1553.9215
      84    1489.3982
      85    1454.5565
      86    1457.6791
      87    1495.0099
      88    1552.2970
      89    1609.6531
      90    1647.9630
      91    1654.9170
      92    1628.9618
      93    1579.7089
      94    1524.3944
      95    1481.6821
      96    1465.2078
      97    1479.2105
      98    1517.6845
      99    1567.1565
     100    1611.8553
     101    1639.2253
     102    1643.8392
     103    1628.5963
     104    1603.0986
     105    1579.9187
     106    1570.0795
     107    1579.3291
     108    1606.4954
     109    1644.3761
     110    1682.6449
     111    1711.5605
     112    1725.0776
     113    1722.3309
     114    1707.1397
     115    1685.9819
     116    1665.4174
     117    1650.0398
     118    1641.6186
     119    1639.4177
     120    1641.2156
     121    1644.4272
     122    1646.9257
     123    1647.4260
     124    1645.4782
     125    1641.2132
     126    1634.9847
     127    1627.0465
     128    1617.3752
     129    1605.7057
     130    1591.7720
     131    1575.6600
     132    1558.1174
     133    1540.5937
     134    1524.8390
     135    1512.1292
     136    1502.6458
     137    1495.6002
     138    1490.0249
     139    1485.5642
     140    1482.7930
     141    1483.0325
     142    1487.8697
     143    1498.5957
     144    1515.7272
     145    1538.7313
     146    1565.9843
     147    1594.9686
     148    1622.6761
     149    1646.1489
     150    1663.0038
     151    1671.7947
     152    1672.2133
     153    1665.2042
     154    1652.8901
     155    1638.0762
     156    1623.3788
     157    1610.3703
     158    1599.1918
     159    1588.8239
     160    1577.8755
     161    1565.5149
     162    1552.1225
     163    1539.3650
     164    1529.6092
     165    1524.9169
     166    1526.0979
     167    1532.3322
     168    1541.5784
     169    1551.5409
     170    1560.6775
     171    1568.6922
     172    1576.2271
     173    1583.8745
     174    1591.0059
     175    1595.1133
     176    1592.1614
     177    1577.9602
     178    1550.0552
     179    1509.3519
     180    1460.7309
     181    1412.2495
     182    1372.9962
     183    1350.2204
     184    1346.7415
     185    1359.6886
     186    1381.2572
     187    1401.4351
     188    1411.8148
     189    1409.0615
     190    1396.6336
     191    1383.9284
     192    1382.9845
     193    1403.8325
     194    1450.2284
     195    1517.4940
     196    1593.4215
     197    1661.9792
     198    1708.5047
     199    1724.5661
     200    1710.7646
     201    1676.4291
     202    1636.2437
     203    1604.9577
     204    1592.0964
     205    1598.6815
     206    1617.2402
     207    1635.0606
     208    1639.3419
     209    1622.1624
     210    1583.3983
     211    1530.6952
     212    1476.7571
     213    1435.0447
     214    1415.3006
     215    1420.3961
     216    1445.6645
     217    1480.9135
     218    1514.1354
     219    1535.4164
     220    1539.7486
     221    1528.0352
     222    1506.2194
     223    1483.0166
     224    1467.0446
     225    1464.1874
     226    1475.9122
     227    1499.0538
     228    1527.1695
     229    1552.9328
     230    1570.5767
     231    1577.5204
     232    1574.7976
     233    1566.3542
     234    1557.5009
     235    1552.9876
     236    1555.2906
     237    1563.7378
     238    1574.8211
     239    1583.5725
     240    1585.4468
     241    1578.0023
     242    1561.7894
     243    1540.1765
     244    1518.2007
     245    1500.8754
     246    1491.5609
     247    1490.9681
     248    1497.1106
     249    1506.1430
     250    1513.7483
     251    1516.5839
     252    1513.3021
     253    1504.8413
     254    1493.9596
     255    1484.2391
     256    1478.8757
     257    1479.5910
     258    1486.0428
     259    1496.1018
     260    1506.9321
     261    1516.2365
     262    1522.9378
     263    1527.0533
     264    1529.0651
     265    1529.3135
     266    1527.8034
     267    1524.4528
     268    1519.4841
     269    1513.6824
     270    1508.4829
     271    1505.8141
     272    1507.4358
     273    1513.8129
     274    1523.2075
     275    1531.8121
     276    1535.1459
     277    1530.1024
     278    1516.5946
     279    1497.9254
     280    1479.7278
     281    1468.0298
     282    1467.1244
     283    1477.7683
     284    1496.3440
     285    1515.6495
     286    1527.3460
     287    1525.1944
     288    1507.7338
     289    1479.2502
     290    1448.5224
     291    1425.6877
     292    1418.3853
     293    1428.7130
     294    1452.2583
     295    1479.6895
     296    1500.3770
     297    1506.6602
     298    1497.0043
     299    1476.6546
     300    1455.4267
     301    1443.5217
     302    1447.1898
     303    1466.0950
     304    1493.3814
     305    1518.2649
     306    1530.0729
     307    1522.2445
     308    1494.8431
     309    1454.6363
     310    1412.7241
     311    1380.6832
     312    1366.7299
     313    1373.2166
     314    1396.0641
     315    1426.0436
     316    1451.5712
     317    1462.5257
     318    1453.9310
     319    1427.8996
     320    1392.9634
     321    1361.1960
     322    1344.2610
     323    1349.7335
     324    1378.8400
     325    1426.2765
     326    1482.0134
     327    1534.3633
     328    1573.3059
     329    1593.1521
     330    1593.8331
     331    1580.4609
     332    1561.3267
     333    1544.9794
     334    1537.2685
     335    1539.2633
     336    1546.7393
     337    1551.4707
     338    1543.9975
     339    1517.0541
     340    1468.6639
     341    1403.9755
     342    1335.0911
     343    1278.2500
     344    1248.4149
     345    1253.3322
     346    1290.7352
     347    1350.2877
     348    1418.1561
     349    1481.4024
     350    1530.9965
     351    1563.2678
     352    1579.7540
     353    1585.6020
     354    1587.0784
     355    1589.0675
     356    1593.4048
     357    1598.5359
     358    1600.4827
     359    1594.6538
     360    1577.7907
     361    1549.3458
     362    1511.8387
     363    1470.1286
     364    1429.9479
     365    1396.3137
     366    1372.4239
     367    1359.3556
     368    1356.4526
     369    1362.0143
     370    1373.9978
     371    1390.8445
     372    1412.4084
     373    1439.2737
     374    1468.9536
     375    1494.3491
     376    1508.7783
     377    1510.7769
     378    1504.3205
     379    1496.5495
     380    1494.8317
     381    1503.9454
     382    1524.1726
     383    1550.9552
     384    1576.2645
     385    1591.2662
     386    1589.3994
     387    1568.8091
     388    1533.2280
     389    1490.9265
     390    1452.0279
     391    1425.1062
     392    1414.2835
     393    1417.9068
     394    1429.3098
     395    1439.3585
     396    1439.8011
     397    1426.1736
     398    1399.3236
     399    1365.1385
     400    1332.6261
     401    1310.9359
     402    1306.2982
     403    1319.9802
     404    1348.0705
     405    1383.1549
     406    1417.1176
     407    1443.8898
     408    1461.1233
     409    1470.2723
     410    1475.2180
     411    1480.0708
     412    1486.9827
     413    1494.7419
     414    1498.7398
     415    1492.5249
     416    1470.5338
     417    1430.9754
     418    1377.6672
     419    1320.0175
     420    1270.9618
     421    1243.1732
     422    1244.4353
     423    1274.1298
     424    1323.2105
     425    1377.7846
     426    1424.0872
     427    1452.7653
     428    1461.3234
     429    1454.2609
     430    1441.2935
     431    1434.7107
     432    1445.6754
     433    1477.7068
     434    1522.0719
     435    1562.9869
     436    1586.3854
     437    1584.4848
     438    1557.2758
     439    1512.4438
     440    1463.4095
     441    1425.2854
     442    1409.5599
     443    1419.6591
     444    1449.8561
     445    1487.9525
     446    1519.9828
     447    1535.0178
     448    1528.7034
     449    1504.5442
     450    1472.5031
     451    1445.3512
     452    1434.0152
     453    1443.5458
     454    1471.1858
     455    1507.2584
     456    1538.5833
     457    1553.1944
     458    1544.6509
     459    1514.3905
     460    1471.2672
     461    1428.4430
     462    1398.7949
     463    1390.5285
     464    1404.5698
     465    1434.5916
     466    1469.5393
     467    1497.6208
     468    1510.2460
     469    1504.5522
     470    1483.7890
     471    1455.6615
     472    1429.3641
     473    1412.3476
     474    1407.8993
     475    1414.3867
     476    1426.4148
     477    1437.3576
     478    1442.1576
     479    1439.2161
     480    1430.6613
     481    1421.0014
     482    1414.9126
     483    1415.2481
     484    1422.1282
     485    1433.2701
     486    1445.1287
     487    1454.2606
     488    1458.4826
     489    1457.5198
     490    1452.9522
     491    1447.4183
     492    1443.2860
     493    1441.3739
     494    1440.5215
     495    1438.3791
     496    1432.9009
     497    1423.5706
     498    1411.7383
     499    1400.0971
     500    1391.6365
     501    1388.5043
     502    1391.1755
     503    1398.2526
     504    1406.9973
     505    1414.4023
     506    1418.3934
     507    1418.6935
     508    1417.0104
     509    1416.4427
     510    1420.3522
     511    1431.1229
     512    1449.1380
     513    1472.2243
     514    1495.7918
     515    1513.7719
     516    1520.1715
     517    1510.8450
     518    1484.9867
     519    1445.8642
     520    1400.4455
     521    1357.9141
     522    1327.3976
     523    1315.4386
     524    1323.7958
     525    1348.3223
     526    1379.7372
     527    1406.5684
     528    1419.3389
     529    1414.1933
     530    1394.4021
     531    1369.1659
     532    1350.2123
     533    1347.4491
     534    1365.1709
     535    1400.0522
     536    1441.7979
     537    1476.7216
     538    1493.0613
     539    1485.5661
     540    1457.3547
     541    1418.5193
     542    1382.2826
     543    1360.2447
     544    1358.3793
     545    1375.1286
     546    1402.3104
     547    1428.5111
     548    1443.5858
     549    1442.4752
     550    1427.0159
     551    1405.2600
     552    1388.4431
     553    1386.1837
     554    1401.7951
     555    1430.7806
     556    1463.5932
     557    1490.2328
     558    1503.9373
     559    1502.9657
     560    1490.4443
     561    1472.5993
     562    1456.1004
     563    1445.5225
     564    1441.8773
     565    1442.7075
     566    1443.5915
     567    1440.3609
     568    1431.0841
     569    1417.0097
     570    1402.1440
     571    1391.7213
     572    1390.2522
     573    1399.9292
     574    1419.9372
     575    1446.8064
     576    1475.5164
     577    1500.8597
     578    1518.6276
     579    1526.4274
     580    1524.2909
     581    1515.5128
     582    1507.5519
     583    1509.8734
     584    1526.1295
     585    1550.4677
     586    1574.5706
     587    1593.3760
     588    1604.6938
     589    1607.5771
     590    1601.6377
     591    1586.9860
     592    1564.3138
     593    1534.9249
     594    1500.7330
     595    1464.3481
     596    1429.0668
     597    1398.4396
     598    1375.4511
     599    1361.7175
     600    1357.0878
     601    1359.8174
     602    1367.2689
     603    1376.8928
     604    1387.1080
     605    1397.7183
     606    1409.6769
     607    1424.2783
     608    1442.1056
     609    1462.1675
     610    1481.6096
     611    1496.1734
     612    1501.3371
     613    1493.7961
     614    1472.7792
     615    1440.7238
     616    1403.0204
     617    1366.8405
     618    1339.3226
     619    1325.6181
     620    1327.3910
     621    1342.2403
     622    1364.2108
     623    1385.3640
     624    1398.2629
     625    1398.8567
     626    1388.4597
     627    1373.3239
     628    1361.7312
     629    1360.6403
     630    1373.5812
     631    1399.5817
     632    1432.9230
     633    1464.3130
     634    1483.6048
     635    1483.2327
     636    1461.0548
     637    1421.4508
     638    1374.1621
     639    1331.2145
     640    1302.9864
     641    1294.8437
     642    1305.5753
     643    1328.1981
     644    1352.7918
     645    1370.2662
     646    1375.6066
     647    1369.3712
     648    1356.9128
     649    1345.7106
     650    1341.9444
     651    1347.7135
     652    1360.0215
     653    1371.9271
     654    1375.4082
     655    1364.8015
     656    1339.4372
     657    1304.4212
     658    1269.2345
     659    1244.6899
     660    1239.4367
     661    1257.3212
     662    1296.4637
     663    1350.1156
     664    1408.7025
     665    1462.2843
     666    1502.8798
     667    1526.1592
     668    1531.9993
     669    1523.7551
     670    1506.6597
     671    1486.0165
     672    1465.7479
     673    1447.6365
     674    1431.3607
     675    1415.1649
     676    1396.8535
     677    1374.7684
     678    1348.5241
     679    1319.4221
     680    1290.5256
     681    1266.3207
     682    1251.8891
     683    1251.6303
     684    1267.8117
     685    1299.3995
     686    1341.6316
     687    1386.6498
     688    1425.2369
     689    1449.3434
     690    1454.6599
     691    1442.2397
     692    1418.4337
     693    1393.0378
     694    1376.2630
     695    1375.5344
     696    1393.1637
     697    1425.6361
     698    1464.7008
     699    1499.8929
     700    1521.6707
     701    1524.2226
     702    1507.1513
     703    1475.6014
     704    1438.8789
     705    1407.9506
     706    1392.3776
     707    1397.3852
     708    1422.0022
     709    1459.1185
     710    1497.5359
     711    1525.2426
     712    1532.8926
     713    1516.6080
     714    1479.3897
     715    1430.6639
     716    1383.9222
     717    1353.0123
     718    1348.0974
     719    1372.3409
     720    1420.0152
     721    1476.9303
     722    1524.2595
     723    1545.0726
     724    1530.6360
     725    1483.6997
     726    1417.5751
     727    1351.5298
     728    1304.4997
     729    1289.3123
     730    1308.8427
     731    1355.0577
     732    1411.4344
     733    1458.1955
     734    1478.7245
     735    1465.0186
     736    1420.3386
     737    1358.2109
     738    1298.1808
     739    1259.5808
     740    1254.8830
     741    1284.9165
     742    1338.7279
     743    1398.3815
     744    1445.6832
     745    1467.9011
     746    1461.1199
     747    1430.6939
     748    1388.8714
     749    1350.4594
     750    1328.0276
     751    1328.2475
     752    1350.4489
     753    1387.6016
     754    1429.1074
     755    1464.3026
     756    1485.5208
     757    1489.8758
     758    1479.4176
     759    1459.8366
     760    1438.2697
     761    1420.9214
     762    1411.1950
     763    1408.8206
     764    1410.1210
     765    1409.2907
     766    1400.3725
     767    1379.3853
     768    1345.8401
     769    1303.0270
     770    1256.9926
     771    1214.6500
     772    1181.7488
     773    1161.4174
     774    1153.7671
     775    1156.5974
     776    1166.8203
     777    1181.9234
     778    1200.8140
     779    1223.7867
     780    1251.8930
     781    1286.1534
     782    1326.7225
     783    1371.9447
     784    1417.5427
     785    1456.7578
     786    1482.2761
     787    1489.4035
     788    1478.5304
     789    1455.3433
     790    1428.7345
     791    1407.4419
     792    1396.7933
     793    1396.8125
     794    1402.3988
     795    1405.5371
     796    1398.7567
     797    1378.5660
     798    1347.3770
     799    1312.8877
     800    1285.2890
     801    1273.7537
     802    1283.3591
     803    1313.1580
     804    1356.2267
     805    1401.8927
     806    1439.1559
     807    1459.8938
     808    1460.8209
     809    1443.7776
     810    1414.5292
     811    1380.7287
     812    1349.7722
     813    1326.9034
     814    1313.8212
     815    1308.6407
     816    1307.6331
     817    1307.4498
     818    1306.3101
     819    1304.0395
     820    1301.6106
     821    1300.6726
     822    1303.2085
     823    1311.2443
     824    1326.4672
     825    1349.6561
     826    1380.0168
     827    1414.6956
     828    1448.8259
     829    1476.3170
     830    1491.3090
     831    1489.9019
     832    1471.5825
     833    1439.7920
     834    1401.3219
     835    1364.6095
     836    1337.3967
     837    1324.5031
     838    1326.4485
     839    1339.3490
     840    1356.0602
     841    1368.3020
     842    1369.3379
     843    1356.4230
     844    1331.9698
     845    1302.8176
     846    1277.9125
     847    1265.3481
     848    1269.7822
     849    1290.9656
     850    1323.7444
     851    1359.5135
     852    1388.7015
     853    1403.5301
     854    1400.1829
     855    1379.7652
     856    1347.8393
     857    1312.7467
     858    1283.2528
     859    1266.1954
     860    1264.7507
     861    1277.7153
     862    1299.9250
     863    1323.6750
     864    1340.8136
     865    1345.0343
     866    1333.7805
     867    1309.1832
     868    1277.6400
     869    1247.9966
     870    1228.7707
     871    1225.2632
     872    1237.5896
     873    1260.4380
     874    1284.7855
     875    1301.0695
     876    1302.7452
     877    1288.9258
     878    1265.0498
     879    1241.2205
     880    1228.7933
     881    1236.4930
     882    1267.4135
     883    1317.7454
     884    1377.4655
     885    1432.9050
     886    1470.7712
     887    1482.4336
     888    1466.7781
     889    1430.4545
     890    1385.4500
     891    1344.9364
     892    1318.9036
     893    1311.0711
     894    1318.0653
     895    1331.0536
     896    1339.1946
     897    1333.6863
     898    1310.9948
     899    1274.1529
     900    1231.7476
     901    1195.0801
     902    1174.5985
     903    1176.8093
     904    1202.5418
     905    1246.9219
     906    1300.9276
     907    1353.9949
     908    1396.8574
     909    1423.7776
     910    1433.5572
     911    1429.1355
     912    1416.0265
     913    1400.1885
     914    1386.0495
     915    1375.2775
     916    1366.5590
     917    1356.4177
     918    1340.9543
     919    1318.0288
     920    1288.9055
     921    1258.3870
     922    1233.2373
     923    1219.6356
     924    1220.8833
     925    1236.3682
     926    1261.9569
     927    1291.0780
     928    1316.0870
     929    1330.5943
     930    1332.4081
     931    1324.8379
     932    1315.2206
     933    1311.6488
     934    1319.5224
     935    1339.2416
     936    1365.8350
     937    1390.6549
     938    1404.5226
     939    1401.1666
     940    1379.6542
     941    1344.9104
     942    1306.1353
     943    1273.7292
     944    1255.8565
     945    1255.8620
     946    1271.4017
     947    1295.5029
     948    1319.0759
     949    1333.9577
     950    1335.4448
     951    1323.5301
     952    1302.5446
     953    1279.4574
     954    1261.5251
     955    1254.1368
     956    1259.5417
     957    1276.7229
     958    1302.1546
     959    1330.8923
     960    1357.5841
     961    1377.3024
     962    1386.2832
     963    1382.5727
     964    1366.4559
     965    1340.5344
     966    1309.4366
     967    1279.1443
     968    1255.8470
     969    1244.3963
     970    1246.7742
     971    1261.1540
     972    1282.0289
     973    1301.5961
     974    1312.0727
     975    1308.0559
     976    1288.2054
     977    1256.1530
     978    1220.4196
     979    1192.6404
     980    1184.1308
     981    1202.0121
     982    1246.4490
     983    1310.0918
     984    1379.9986
     985    1441.4380
     986    1482.3052
     987    1496.6607
     988    1486.2493
     989    1459.5426
     990    1428.6699
     991    1405.2679
     992    1396.5961
     993    1403.1747
     994    1418.7124
     995    1432.3671
     996    1432.6615
     997    1411.8719
     998    1369.4118
     999    1312.6478
    1000    1254.3300
    1001    1208.1327
    1002    1184.9384
    1003    1190.5181
    1004    1223.6814
    1005    1275.6259
    1006    1331.9813
    1007    1377.3469
    1008    1400.2542
    1009    1396.5398
    1010    1370.2307
    1011    1331.8714
    1012    1294.8879
    1013    1271.1574
    1014    1267.2431
    1015    1282.5212
    1016    1309.7974
    1017    1338.1362
    1018    1356.8605
    1019    1359.2676
    1020    1344.7775
    1021    1318.8566
    1022    1290.8443
    1023    1270.4976
    1024    1264.5115
    1025    1274.3217
    1026    1295.9984
    1027    1322.1027
    1028    1344.5607
    1029    1357.3625
    1030    1358.1576
    1031    1348.3538
    1032    1331.9112
    1033    1313.5167
    1034    1296.9427
    1035    1284.2050
    1036    1275.6963
    1037    1271.0313
    1038    1270.0611
    1039    1273.4776
    1040    1282.6592
    1041    1298.7963
    1042    1321.7429
    1043    1349.2549
    1044    1377.1228
    1045    1400.2558
    1046    1414.2980
    1047    1417.1280
    1048    1409.6759
    1049    1395.7213
    1050    1380.6660
    1051    1369.6354
    1052    1365.6220
    1053    1368.4353
    1054    1374.9016
    1055    1380.2448
    1056    1380.0936
    1057    1372.3452
    1058    1358.1574
    1059    1341.6658
    1060    1328.5136
    1061    1323.7433
    1062    1329.8533
    1063    1345.7354
    1064    1366.8498
    1065    1386.5241
    1066    1397.9009
    1067    1395.8884
    1068    1378.5415
    1069    1347.4963
    1070    1307.4204
    1071    1264.7128
    1072    1225.8813
    1073    1196.0656
    1074    1178.0749
    1075    1172.1284
    1076    1176.2695
    1077    1187.2573
    1078    1201.6448
    1079    1216.7491
    1080    1231.2686
    1081    1245.4043
    1082    1260.4877
    1083    1278.2220
    1084    1299.7023
    1085    1324.4467
    1086    1349.8801
    1087    1371.7533
    1088    1385.4469
    1089    1387.4868
    1090    1376.6098
    1091    1354.1210
    1092    1323.5531
    1093    1289.7955
    1094    1257.9916
    1095    1232.5188
    1096    1216.0888
    1097    1209.0547
    1098    1209.4723
    1099    1214.2028
    1100    1220.3361
    1101    1226.1004
    1102    1231.1125
    1103    1236.1755
    1104    1242.8089
    1105    1252.6322
    1106    1266.7764
    1107    1285.4558
    1108    1307.7443
    1109    1331.5581
    1110    1353.8910
    1111    1371.3525
    1112    1380.9185
    1113    1380.7043
    1114    1370.5783
    1115    1352.4361
    1116    1329.9129
    1117    1307.4944
    1118    1289.2517
    1119    1277.6479
    1120    1272.8252
    1121    1272.6383
    1122    1273.4556
    1123    1271.5063
    1124    1264.3526
    1125    1251.9888
    1126    1237.1322
    1127    1224.5040
    1128    1219.2512
    1129    1225.0215
    1130    1242.4131
    1131    1268.4504
    1132    1297.3622
    1133    1322.4054
    1134    1338.0822
    1135    1341.9458
    1136    1335.3573
    1137    1322.9320
    1138    1310.8670
    1139    1304.7509
    1140    1307.6611
    1141    1319.2462
    1142    1336.0825
    1143    1353.0529
    1144    1365.1417
    1145    1368.9828
    1146    1363.7153
    1147    1350.9949
    1148    1334.2747
    1149    1317.6244
    1150    1304.4582
    1151    1296.5464
    1152    1293.5972
    1153    1293.4858
    1154    1293.0019
    1155    1288.8557
    1156    1278.6824
    1157    1261.8122
    1158    1239.6253
    1159    1215.3721
    1160    1193.4602
    1161    1178.3542
    1162    1173.3480
    1163    1179.5239
    1164    1195.2115
    1165    1216.1954
    1166    1236.7343
    1167    1251.1718
    1168    1255.6741
    1169    1249.5185
    1170    1235.4527
    1171    1218.9304
    1172    1206.4061
    1173    1203.2206
    1174    1211.7908
    1175    1230.7501
    1176    1255.3682
    1177    1279.1193
    1178    1295.8645
    1179    1301.8989
    1180    1297.1679
    1181    1285.2452
    1182    1272.0705
    1183    1263.8713
    1184    1264.9824
    1185    1276.3205
    1186    1295.0523
    1187    1315.5518
    1188    1331.2896
    1189    1336.9710
    1190    1330.1957
    1191    1312.1071
    1192    1286.8938
    1193    1260.3770
    1194    1238.1613
    1195    1223.9461
    1196    1218.5724
    1197    1220.1642
    1198    1225.2387
    1199    1230.1926
    1200    1232.4955
    1201    1231.2447
    1202    1227.0828
    1203    1221.7049
    1204    1217.2263
    1205    1215.5976
    1206    1218.1486
    1207    1225.2683
    1208    1236.2181
    1209    1249.1272
    1210    1261.2451
    1211    1269.5106
    1212    1271.3838
    1213    1265.7501
    1214    1253.5913
    1215    1238.1049
    1216    1224.0402
    1217    1216.2912
    1218    1218.1738
    1219    1230.1000
    1220    1249.2868
    1221    1270.6567
    1222    1288.5628
    1223    1298.7007
    1224    1299.5422
    1225    1292.7936
    1226    1282.6957
    1227    1274.3881
    1228    1271.9031
    1229    1276.5474
    1230    1286.3143
    1231    1296.5795
    1232    1301.8271
    1233    1297.7497
    1234    1282.9538
    1235    1259.6741
    1236    1233.2673
    1237    1210.6466
    1238    1198.1745
    1239    1199.6962
    1240    1215.3738
    1241    1241.7054
    1242    1272.6918
    1243    1301.7234
    1244    1323.5179
    1245    1335.4799
    1246    1338.0906
    1247    1334.2994
    1248    1328.1863
    1249    1323.3951
    1250    1321.8572
    1251    1323.2024
    1252    1324.9879
    1253    1323.6015
    1254    1315.5020
    1255    1298.4265
    1256    1272.2379
    1257    1239.2465
    1258    1203.9376
    1259    1172.1824
    1260    1150.0835
    1261    1142.6744
    1262    1152.7397
    1263    1180.0605
    1264    1221.3094
    1265    1270.6709
    1266    1321.0271
    1267    1365.4209
    1268    1398.4503
    1269    1417.2652
    1270    1421.9128
    1271    1414.9041
    1272    1400.1322
    1273    1381.4805
    1274    1361.5908
    1275    1341.2180
    1276    1319.4041
    1277    1294.4014
    1278    1264.9814
    1279    1231.6035
    1280    1196.9667
    1281    1165.7086
    1282    1143.3442
    1283    1134.8141
    1284    1143.1121
    1285    1168.4082
    1286    1207.8692
    1287    1256.1670
    1288    1306.5138
    1289    1351.9788
    1290    1386.8261
    1291    1407.6444
    1292    1414.0470
    1293    1408.7603
    1294    1396.9966
    1295    1385.1340
    1296    1378.9192
    1297    1381.6439
    1298    1392.8688
    1299    1408.2209
    1300    1420.5083
    1301    1421.9519
    1302    1406.9019
    1303    1374.1114
    1304    1327.6933
    1305    1276.2392
    1306    1230.2500
    1307    1198.6618
    1308    1185.7063
    1309    1189.3225
    1310    1201.8382
    1311    1212.7946
    1312    1212.9450
    1313    1197.9426
    1314    1170.3055
    1315    1138.8436
    1316    1115.6611
    1317    1111.7701
    1318    1132.9006
    1319    1177.0688
    1320    1234.8378
    1321    1292.2202
    1322    1335.2096
    1323    1354.3369
    1324    1347.6289
    1325    1320.9206
    1326    1285.4414
    1327    1253.6218
    1328    1234.7186
    1329    1231.8479
    1330    1241.3856
    1331    1254.7876
    1332    1262.0527
    1333    1255.5660
    1334    1233.0120
    1335    1198.3816
    1336    1160.7710
    1337    1131.4482
    1338    1120.2451
    1339    1132.5013
    1340    1167.5274
    1341    1218.9861
    1342    1276.9473
    1343    1330.8556
    1344    1372.4021
    1345    1397.3868
    1346    1406.0876
    1347    1402.2066
    1348    1390.9426
    1349    1376.9584
    1350    1362.9334
    1351    1349.0881
    1352    1333.7180
    1353    1314.4271
    1354    1289.5375
    1355    1259.1247
    1356    1225.3237
    1357    1191.8732
    1358    1163.1210
    1359    1142.8370
    1360    1133.1884
    1361    1134.1559
    1362    1143.5959
    1363    1157.9707
    1364    1173.5304
    1365    1187.5194
    1366    1198.9324
    1367    1208.5526
    1368    1218.3389
    1369    1230.4828
    1370    1246.4626
    1371    1266.3901
    1372    1288.8506
    1373    1311.3114
    1374    1330.9303
    1375    1345.4255
    1376    1353.6505
    1377    1355.6623
    1378    1352.3238
    1379    1344.7000
    1380    1333.5965
    1381    1319.4707
    1382    1302.7190
    1383    1284.1048
    1384    1265.0162
    1385    1247.3102
    1386    1232.7465
    1387    1222.2465
    1388    1215.3742
    1389    1210.4000
    1390    1205.0431
    1391    1197.6340
    1392    1188.1766
    1393    1178.7757
    1394    1173.1002
    1395    1174.9664
    1396    1186.5431
    1397    1206.9351
    1398    1231.8467
    1399    1254.6517
    1400    1268.6155
    1401    1269.4666
    1402    1257.2844
    1403    1236.8639
    1404    1216.2888
    1405    1204.1383
    1406    1206.3108
    1407    1223.6621
    1408    1251.4263
    1409    1280.7378
    1410    1301.7638
    1411    1307.2986
    1412    1295.4710
    1413    1270.5472
    1414    1241.4839
    1415    1218.7339
    1416    1210.4580
    1417    1219.5527
    1418    1242.6018
    1419    1271.1224
    1420    1294.6263
    1421    1304.3453
    1422    1296.2685
    1423    1272.4479
    1424    1240.1942
    1425    1209.5459
    1426    1189.9277
    1427    1187.0998
    1428    1201.3505
    1429    1227.4501
    1430    1256.3150
    1431    1277.7910
    1432    1283.6897
    1433    1270.1814
    1434    1238.9138
    1435    1196.6078
    1436    1153.3242
    1437    1119.8926
    1438    1105.1248
    1439    1113.4751
    1440    1143.7444
    1441    1189.2526
    1442    1239.5417
    1443    1283.2234
    1444    1311.2266
    1445    1319.4966
    1446    1310.2126
    1447    1290.9271
    1448    1271.7555
    1449    1261.5845
    1450    1264.6915
    1451    1278.9929
    1452    1296.5335
    1453    1306.0789
    1454    1297.0280
    1455    1263.3649
    1456    1206.2728
    1457    1134.4101
    1458    1061.7118
    1459    1003.5103
    1460     972.3437
    1461     974.7209
    1462    1009.6705
    1463    1069.3798
    1464    1141.7330
    1465    1213.9864
    1466    1276.3516
    1467    1324.2185
    1468    1358.2943
    1469    1382.8188
    1470    1402.7571
    1471    1421.1740
    1472    1437.7703
    1473    1449.0019
    1474    1449.5468
    1475    1434.4015
    1476    1400.7788
    1477    1349.2819
    1478    1284.2414
    1479    1213.2032
    1480    1145.4910
    1481    1090.0097
    1482    1052.9491
    1483    1036.2921
    1484    1037.7343
    1485    1051.9552
    1486    1072.6054
    1487    1094.2450
    1488    1113.6648
    1489    1130.3192
    1490    1145.8696
    1491    1163.0382
    1492    1184.1441
    1493    1209.8033
    1494    1238.2710
    1495    1265.7115
    1496    1287.3253
    1497    1298.9429
    1498    1298.5325
    1499    1287.0894
    1500    1268.5507
    1501    1248.6853
    1502    1233.3070
    1503    1226.4110
    1504    1228.8896
    1505    1238.2692
    1506    1249.5897
    1507    1257.1559
    1508    1256.5717
    1509    1246.3287
    1510    1228.3404
    1511    1207.2038
    1512    1188.4633
    1513    1176.5774
    1514    1173.4219
    1515    1177.9086
    1516    1186.8182
    1517    1196.4138
    1518    1204.1175
    1519    1209.5558
    1520    1214.5749
    1521    1222.2538
    1522    1235.3578
    1523    1254.8918
    1524    1279.3811
    1525    1305.1759
    1526    1327.6655
    1527    1342.9086
    1528    1348.9826
    1529    1346.4224
    1530    1337.4936
    1531    1324.7418
    1532    1309.7394
    1533    1292.6681
    1534    1272.7082
    1535    1248.8847
    1536    1221.0117
    1537    1190.3746
    1538    1159.8471
    1539    1133.3393
    1540    1114.7522
    1541    1106.8269
    1542    1110.3333
    1543    1123.9168
    1544    1144.6276
    1545    1168.8756
    1546    1193.4037
    1547    1215.9677
    1548    1235.5668
    1549    1252.2400
    1550    1266.5403
    1551    1278.8823
    1552    1289.0043
    1553    1295.7508
    1554    1297.2740
    1555    1291.5933
    1556    1277.3414
    1557    1254.4826
    1558    1224.8331
    1559    1192.2438
    1560    1162.2036
    1561    1140.4219
    1562    1130.4927
    1563    1132.2963
    1564    1142.7307
    1565    1157.8081
    1566    1174.2432
    1567    1190.0276
    1568    1204.3786
    1569    1217.3986
    1570    1229.6123
    1571    1241.4861
    1572    1253.0439
    1573    1263.6859
    1574    1272.2915
    1575    1277.6239
    1576    1278.9219
    1577    1276.4399
    1578    1271.6499
    1579    1266.9405
    1580    1264.8708
    1581    1267.1978
    1582    1273.9591
    1583    1282.9209
    1584    1289.7637
    1585    1289.2958
    1586    1277.4438
    1587    1253.1938
    1588    1219.5868
    1589    1183.3156
    1590    1152.9902
    1591    1136.5918
    1592    1138.9345
    1593    1160.0013
    1594    1194.7988
    1595    1234.8423
    1596    1270.7920
    1597    1295.3471
    1598    1305.4547
    1599    1303.0694
    1600    1294.0253
    1601    1285.2795
    1602    1281.6150
    1603    1283.2990
    1604    1285.7947
    1605    1281.7072
    1606    1264.1675
    1607    1230.2499
    1608    1182.9050
    1609    1130.4644
    1610    1083.9287
    1611    1053.3082
    1612    1044.4505
    1613    1057.3093
    1614    1086.1381
    1615    1121.5833
    1616    1153.9654
    1617    1176.5176
    1618    1187.3456
    1619    1189.4101
    1620    1188.6270
    1621    1190.9185
    1622    1199.4249
    1623    1212.9805
    1624    1226.4209
    1625    1232.5672
    1626    1225.1260
    1627    1201.4130
    1628    1163.8683
    1629    1119.7435
    1630    1078.9897
    1631    1051.0621
    1632    1041.7911
    1633    1051.4876
    1634    1074.9989
    1635    1103.6941
    1636    1128.6240
    1637    1143.6763
    1638    1147.5893
    1639    1144.1408
    1640    1140.4899
    1641    1144.2811
    1642    1160.5782
    1643    1189.7749
    1644    1227.2707
    1645    1264.9729
    1646    1294.0206
    1647    1307.7637
    1648    1303.9983
    1649    1285.7290
    1650    1260.2159
    1651    1236.6472
    1652    1223.2145
    1653    1224.5289
    1654    1240.1636
    1655    1264.7184
    1656    1289.3892
    1657    1304.6487
    1658    1303.3044
    1659    1282.9382
    1660    1246.8618
    1661    1203.2149
    1662    1162.4741
    1663    1134.1654
    1664    1123.8707
    1665    1131.5565
    1666    1151.8201
    1667    1175.9532
    1668    1195.0650
    1669    1203.1308
    1670    1198.9005
    1671    1186.0456
    1672    1171.5818
    1673    1163.2083
    1674    1166.5486
    1675    1183.2318
    1676    1210.4107
    1677    1241.8295
    1678    1270.0554
    1679    1289.0694
    1680    1296.1213
    1681    1291.8982
    1682    1279.1373
    1683    1261.0705
    1684    1240.7382
    1685    1220.8518
    1686    1203.6085
    1687    1190.4089
    1688    1181.6786
    1689    1176.8941
    1690    1174.7966
    1691    1173.7454
    1692    1172.1782
    1693    1169.1021
    1694    1164.5109
    1695    1159.5732
    1696    1156.4908
    1697    1157.9610
    1698    1166.2936
    1699    1182.4057
    1700    1205.0635
    1701    1230.7445
    1702    1254.3036
    1703    1270.3265
    1704    1274.7826
    1705    1266.4045
    1706    1247.2489
    1707    1222.1638
    1708    1197.2509
    1709    1177.8254
    1710    1166.5814
    1711    1162.6573
    1712    1162.0011
    1713    1158.9630
    1714    1148.5644
    1715    1128.6179
    1716    1100.9136
    1717    1070.9918
    1718    1046.5212
    1719    1034.8402
    1720    1040.5638
    1721    1064.0287
    1722    1100.9965
    1723    1143.7632
    1724    1183.4551
    1725    1212.7808
    1726    1228.2043
    1727    1230.7499
    1728    1225.1981
    1729    1218.0306
    1730    1214.9132
    1731    1218.6475
    1732    1228.3089
    1733    1239.7838
    1734    1247.4154
    1735    1246.1419
    1736    1233.4254
    1737    1210.3545
    1738    1181.5520
    1739    1153.8840
    1740    1134.3733
    1741    1127.9991
    1742    1136.1041
    1743    1155.9220
    1744    1181.3694
    1745    1204.8524
    1746    1219.5479
    1747    1221.4705
    1748    1210.6938
    1749    1191.3138
    1750    1170.1225
    1751    1154.3865
    1752    1149.4299
    1753    1156.8154
    1754    1173.7420
    1755    1193.8790
    1756    1209.4080
    1757    1213.6407
    1758    1203.3815
    1759    1180.2332
    1760    1150.3541
    1761    1122.6574
    1762    1106.0105
    1763    1106.3755
    1764    1124.8596
    1765    1157.3222
    1766    1195.6409
    1767    1230.2232
    1768    1252.9490
    1769    1259.5727
    1770    1250.7872
    1771    1231.6451
    1772    1209.6385
    1773    1192.1703
    1774    1184.2468
    1775    1187.0875
    1776    1198.0579
    1777    1211.8755
    1778    1222.6244
    1779    1225.8245
    1780    1219.8202
    1781    1206.0250
    1782    1188.1307
    1783    1170.8610
    1784    1158.8109
    1785    1155.4858
    1786    1162.4760
    1787    1178.9372
    1788    1201.6412
    1789    1225.6882
    1790    1245.6981
    1791    1257.1421
    1792    1257.4625
    1793    1246.7116
    1794    1227.5438
    1795    1204.5252
    1796    1182.8807
    1797    1166.9973
    1798    1159.2058
    1799    1159.2978
    1800    1164.8819
    1801    1172.3361
    1802    1178.0122
    1803    1179.3786
    1804    1175.8267
    1805    1168.9237
    1806    1162.0051
    1807    1159.1667
    1808    1163.9041
    1809    1177.7933
    1810    1199.6624
    1811    1225.6425
    1812    1250.2323
    1813    1268.0627
    1814    1275.6591
    1815    1272.4715
    1816    1260.8486
    1817    1245.0545
    1818    1229.7070
    1819    1218.1299
    1820    1211.1761
    1821    1207.0694
    1822    1202.4663
    1823    1194.3029
    1824    1181.5207
    1825    1165.8658
    1826    1151.4525
    1827    1143.3242
    1828    1145.6447
    1829    1160.2143
    1830    1185.7798
    1831    1218.2645
    1832    1251.7912
    1833    1280.1678
    1834    1298.3940
    1835    1303.7248
    1836    1296.0160
    1837    1277.3316
    1838    1251.0540
    1839    1220.8492
    1840    1189.8175
    1841    1160.0220
    1842    1132.4361
    1843    1107.2296
    1844    1084.2717
    1845    1063.6853
    1846    1046.2715
    1847    1033.6282
    1848    1027.8881
    1849    1031.1192
    1850    1044.5827
    1851    1068.1010
    1852    1099.7064
    1853    1135.6872
    1854    1171.1182
    1855    1200.8852
    1856    1220.9881
    1857    1229.7051
    1858    1228.1592
    1859    1220.0056
    1860    1210.2742
    1861    1203.7183
    1862    1203.2122
    1863    1208.7534
    1864    1217.4544
    1865    1224.5868
    1866    1225.3497
    1867    1216.7505
    1868    1198.9042
    1869    1175.2528
    1870    1151.5829
    1871    1134.1690
    1872    1127.6845
    1873    1133.6331
    1874    1149.8440
    1875    1171.1555
    1876    1190.9575
    1877    1203.1035
    1878    1203.7742
    1879    1192.8049
    1880    1173.8355
    1881    1153.0441
    1882    1136.9271
    1883    1129.9965
    1884    1133.2162
    1885    1143.6845
    1886    1155.6441
    1887    1162.4928
    1888    1159.1906
    1889    1144.3254
    1890    1121.0959
    1891    1096.5583
    1892    1079.0693
    1893    1075.1280
    1894    1087.4150
    1895    1114.5403
    1896    1151.7703
    1897    1192.2479
    1898    1228.6392
    1899    1254.9512
    1900    1268.0378
    1901    1268.3567
    1902    1259.7204
    1903    1248.0537
    1904    1239.4870
    1905    1238.3687
    1906    1245.8229
    1907    1259.3336
    1908    1273.5079
    1909    1281.8227
    1910    1278.8060
    1911    1261.9330
    1912    1232.5836
    1913    1195.7122
    1914    1158.3141
    1915    1127.2102
    1916    1106.9606
    1917    1098.6679
    1918    1100.0382
    1919    1106.5415
    1920    1113.1637
    1921    1116.1431
    1922    1114.1377
    1923    1108.4791
    1924    1102.4714
    1925    1100.0450
    1926    1104.2885
    1927    1116.3920
    1928    1135.3440
    1929    1158.4075
    1930    1182.1072
    1931    1203.2433
    1932    1219.4479
    1933    1229.1621
    1934    1231.4222
    1935    1225.9312
    1936    1213.4057
    1937    1195.8221
    1938    1176.2760
    1939    1158.4504
    1940    1145.8035
    1941    1140.6449
    1942    1143.3323
    1943    1151.8767
    1944    1162.2217
    1945    1169.3081
    1946    1168.7571
    1947    1158.6148
    1948    1140.3468
    1949    1118.5052
    1950    1099.2947
    1951    1088.7936
    1952    1091.2565
    1953    1107.6630
    1954    1135.0172
    1955    1166.9788
    1956    1195.8431
    1957    1215.1640
    1958    1221.9743
    1959    1217.7198
    1960    1207.5836
    1961    1198.4946
    1962    1196.5812
    1963    1204.9844
    1964    1222.7813
    1965    1245.3494
    1966    1265.9828
    1967    1278.1474
    1968    1277.5745
    1969    1263.4885
    1970    1238.6000
    1971    1207.9614
    1972    1177.1532
    1973    1150.5142
    1974    1130.0479
    1975    1115.3327
    1976    1104.3009
    1977    1094.4493
    1978    1084.0494
    1979    1073.0371
    1980    1063.2471
    1981    1057.7571
    1982    1059.5273
    1983    1069.9269
    1984    1087.8149
    1985    1109.5967
    1986    1130.2878
    1987    1145.2275
    1988    1151.8109
    1989    1150.5696
    1990    1145.1419
    1991    1141.0776
    1992    1143.8480
    1993    1156.7559
    1994    1179.4999
    1995    1207.9505
    1996    1235.2927
    1997    1254.1995
    1998    1259.3350
    1999    1249.3185
    2000    1227.4264
