#Frame              T
       1    1092.0902
       2    1051.9474
       3    1217.0524
       4    1102.6361
       5    1199.1381
       6    1125.4401
       7    1051.8291
       8    1058.6815
       9    1098.7410
      10    1110.3517
      11    1016.2527
      12    1098.7971
      13     929.6612
      14     953.5424
      15    1035.2760
      16     982.5243
      17    1020.8670
      18    1015.4695
      19     984.1415
      20    1115.4044
      21    1138.7570
      22    1003.3865
      23     940.1836
      24     998.2599
      25     910.3919
      26     970.3309
      27     906.8417
      28     883.4964
      29     909.7582
      30     958.6497
      31     938.5484
      32     813.0703
      33     855.3342
      34     940.9989
      35     836.0665
      36     852.7846
      37     889.8529
      38     905.9601
      39     865.4112
      40     885.2664
      41     875.9420
      42     919.1318
      43     853.1933
      44     842.2813
      45     868.8555
      46     824.8934
      47     809.8854
      48     734.5802
      49     841.2872
      50     856.0284
      51     821.9143
      52     834.6504
      53     802.8639
      54     757.1265
      55     807.7292
      56     867.4114
      57     752.3719
      58     781.4662
      59     818.0297
      60     731.8045
      61     785.2719
      62     760.5828
      63     780.6874
      64     754.5886
      65     709.1453
      66     760.9128
      67     706.6870
      68     730.9689
      69     745.9719
      70     732.9234
      71     707.7204
      72     748.2611
      73     707.5601
      74     762.2822
      75     734.6101
      76     745.7068
      77     723.8422
      78     737.5769
      79     690.8780
      80     642.2735
      81     701.6082
      82     714.7182
      83     756.7974
      84     672.6053
      85     656.6404
      86     695.9570
      87     698.7674
      88     663.9611
      89     702.5413
      90     660.9679
      91     630.8369
      92     685.1814
      93     645.7298
      94     603.4045
      95     631.2527
      96     723.1321
      97     656.4288
      98     616.0863
      99     624.3225
     100     553.9733
     101     603.6695
     102     644.4959
     103     590.0286
     104     589.6410
     105     558.4167
     106     560.5526
     107     603.2042
     108     586.2881
     109     563.5369
     110     563.4767
     111     548.3486
     112     587.0292
     113     550.5182
     114     624.7004
     115     634.4775
     116     519.0203
     117     578.5155
     118     568.0170
     119     557.3994
     120     594.1990
     121     602.0085
     122     572.4122
     123     558.0919
     124     601.0149
     125     602.3323
     126     576.9788
     127     533.5900
     128     550.8953
     129     579.0250
     130     547.7395
     131     557.2545
     132     540.6571
     133     563.0272
     134     555.9751
     135     586.8628
     136     610.4433
     137     608.2902
     138     564.9581
     139     550.1202
     140     578.5273
     141     564.3305
     142     591.8872
     143     520.4681
     144     611.1973
     145     545.5264
     146     528.5440
     147     540.6871
     148     552.1805
     149     532.0025
     150     531.4907
     151     526.7344
     152     522.5716
     153     548.4594
     154     480.8467
     155     531.3938
     156     524.6710
     157     504.1731
     158     490.6400
     159     426.5579
     160     501.8742
     161     479.4412
     162     509.3650
     163     471.4320
     164     468.9511
     165     445.9286
     166     523.0311
     167     466.9590
     168     506.0608
     169     418.1208
     170     479.6262
     171     476.6897
     172     501.1020
     173     469.8356
     174     486.8360
     175     489.9057
     176     475.1157
     177     474.3756
     178     525.8895
     179     503.1929
     180     456.0606
     181     467.5200
     182     438.3023
     183     476.4474
     184     451.5972
     185     465.1298
     186     427.9668
     187     446.0114
     188     436.2565
     189     491.3140
     190     430.7864
     191     438.2014
     192     451.6596
     193     453.6908
     194     441.3684
     195     424.5881
     196     438.1028
     197     466.3033
     198     452.7876
     199     414.4113
     200     434.2304
     201     450.4829
     202     449.7669
     203     420.5956
     204     438.0105
     205     437.3007
     206     449.5146
     207     401.0668
     208     416.7412
     209     431.8032
     210     383.4880
     211     428.8238
     212     397.1352
     213     429.2549
     214     436.4238
     215     393.4544
     216     398.3222
     217     398.0720
     218     406.0491
     219     419.9699
     220     398.9366
     221     386.2232
     222     359.2705
     223     440.1085
     224     436.8012
     225     426.4988
     226     469.2432
     227     468.2156
     228     421.2809
     229     434.7386
     230     416.3775
     231     400.3099
     232     426.1034
     233     462.7717
     234     445.1332
     235     443.0668
     236     411.9502
     237     437.5052
     238     441.3560
     239     383.2323
     240     395.0864
     241     399.3435
     242     418.8160
     243     384.8252
     244     388.0543
     245     385.0025
     246     412.0812
     247     413.9197
     248     387.3169
     249     397.9828
     250     380.1389
     251     405.0813
     252     435.3000
     253     379.0339
     254     392.5439
     255     397.6821
     256     377.3405
     257     402.7822
     258     370.8067
     259     406.2761
     260     356.1367
     261     369.9612
     262     360.1684
     263     369.0972
     264     381.5709
     265     363.6723
     266     379.1281
     267     366.0547
     268     353.8001
     269     341.2543
     270     398.0903
     271     356.1552
     272     367.9793
     273     360.1985
     274     359.6178
     275     371.3447
     276     365.0869
     277     375.5088
     278     364.6175
     279     350.1089
     280     354.4401
     281     343.9152
     282     385.2543
     283     382.1408
     284     385.9685
     285     365.1168
     286     395.9614
     287     364.4577
     288     356.8603
     289     379.7542
     290     365.9860
     291     335.3341
     292     362.6992
     293     370.7811
     294     351.9178
     295     344.9036
     296     341.4199
     297     342.7711
     298     347.6559
     299     382.2633
     300     344.7479
     301     350.6974
     302     348.3215
     303     368.2097
     304     365.0995
     305     374.5469
     306     373.2059
     307     388.1776
     308     351.5457
     309     341.8304
     310     368.3711
     311     377.7875
     312     351.0991
     313     361.7376
     314     348.0111
     315     324.9066
     316     355.7609
     317     347.6049
     318     320.2076
     319     341.2795
     320     350.6937
     321     355.9190
     322     370.0911
     323     368.5703
     324     336.5412
     325     343.5659
     326     342.1695
     327     370.2965
     328     346.0024
     329     359.8370
     330     357.0191
     331     329.0094
     332     359.6616
     333     350.5045
     334     355.0882
     335     333.3200
     336     362.0787
     337     364.4154
     338     339.9860
     339     333.9769
     340     349.1204
     341     371.5616
     342     338.5412
     343     370.1090
     344     327.6368
     345     339.2318
     346     400.9397
     347     361.8520
     348     345.6615
     349     337.7712
     350     361.6393
     351     366.0074
     352     354.0425
     353     334.8969
     354     333.6692
     355     348.2975
     356     381.0336
     357     331.5949
     358     351.1002
     359     348.1793
     360     329.4846
     361     327.2073
     362     328.8743
     363     337.4900
     364     345.4204
     365     303.8776
     366     324.6389
     367     365.0010
     368     348.8543
     369     345.2132
     370     358.3797
     371     348.8492
     372     324.9308
     373     357.1349
     374     352.6253
     375     384.6995
     376     362.3015
     377     352.4313
     378     318.4295
     379     357.2253
     380     366.3529
     381     351.5173
     382     365.6425
     383     367.7682
     384     356.9288
     385     348.6012
     386     334.0131
     387     357.4873
     388     346.5525
     389     320.6927
     390     370.2455
     391     362.1652
     392     304.6546
     393     331.9755
     394     288.8256
     395     340.2927
     396     341.8984
     397     328.5699
     398     320.0154
     399     319.4900
     400     332.8934
