#Frame              T
       1    1231.6613
       2    1251.2908
       3    1319.4767
       4    1145.7710
       5    1155.4046
       6    1159.5202
       7    1215.0494
       8    1282.1135
       9    1136.9072
      10    1129.7334
      11    1062.8783
      12    1136.5442
      13     998.8832
      14     975.2241
      15    1033.2602
      16    1034.6744
      17    1077.1180
      18    1090.1331
      19     996.9179
      20     982.2673
      21    1047.8938
      22    1043.3316
      23     993.7192
      24     944.9528
      25     863.9047
      26     965.9235
      27     870.8775
      28     951.1040
      29     913.5666
      30    1002.0792
      31     944.0894
      32     916.8511
      33     957.7714
      34     851.0803
      35     874.1472
      36     906.2897
      37     854.4446
      38     907.4153
      39     799.9901
      40     901.5465
      41     841.5586
      42     825.8311
      43     813.6938
      44     799.0470
      45     876.6465
      46     800.2635
      47     790.6454
      48     855.6459
      49     808.9265
      50     843.6713
      51     769.9756
      52     839.0794
      53     751.5036
      54     742.4678
      55     785.5947
      56     785.9756
      57     773.9258
      58     736.8333
      59     770.8157
      60     729.8889
      61     715.3116
      62     759.7888
      63     778.9098
      64     725.9879
      65     763.1714
      66     789.2342
      67     711.2042
      68     728.4111
      69     688.0407
      70     713.7668
      71     748.1981
      72     742.7690
      73     619.8242
      74     696.4444
      75     698.3971
      76     706.5246
      77     707.5197
      78     683.2890
      79     638.4760
      80     675.7538
      81     666.8564
      82     688.1133
      83     660.6535
      84     628.1409
      85     646.7065
      86     659.5329
      87     735.4656
      88     690.0646
      89     689.3495
      90     662.3925
      91     686.5614
      92     593.2914
      93     724.3579
      94     650.4661
      95     676.8104
      96     621.9027
      97     610.9778
      98     627.9845
      99     674.8261
     100     611.3093
     101     692.8449
     102     657.8617
     103     662.0560
     104     667.3132
     105     617.5087
     106     663.6803
     107     556.8465
     108     636.4956
     109     562.2016
     110     568.0979
     111     552.8113
     112     598.1451
     113     553.8895
     114     596.2236
     115     619.6277
     116     570.0353
     117     570.9126
     118     564.6755
     119     562.1256
     120     593.3952
     121     552.0353
     122     577.2369
     123     573.1367
     124     549.4201
     125     544.8863
     126     547.5579
     127     559.6492
     128     500.0377
     129     504.5617
     130     505.5917
     131     537.8458
     132     541.4653
     133     560.8920
     134     517.4394
     135     518.5423
     136     507.6989
     137     547.2177
     138     506.6491
     139     517.5807
     140     478.2787
     141     519.3386
     142     510.8278
     143     508.4855
     144     499.2798
     145     490.5844
     146     560.3107
     147     502.3191
     148     480.8993
     149     449.4777
     150     499.9476
     151     471.1539
     152     536.5080
     153     452.8760
     154     490.5590
     155     471.4671
     156     484.5811
     157     506.3739
     158     468.3168
     159     427.9589
     160     449.5169
     161     466.4522
     162     512.1026
     163     505.6251
     164     453.8617
     165     532.7806
     166     474.3754
     167     476.8285
     168     502.4644
     169     488.4978
     170     503.5079
     171     496.3466
     172     452.8086
     173     483.2670
     174     488.8812
     175     436.5837
     176     455.1636
     177     454.2102
     178     467.6603
     179     487.4197
     180     475.2478
     181     496.6730
     182     442.3728
     183     463.4837
     184     413.7605
     185     460.4638
     186     449.4261
     187     425.0424
     188     412.7089
     189     420.0041
     190     441.4210
     191     467.1597
     192     435.8709
     193     455.8362
     194     450.2710
     195     439.0456
     196     374.9209
     197     445.5982
     198     416.3212
     199     434.8207
     200     398.1538
     201     412.2775
     202     437.5767
     203     421.3861
     204     448.0136
     205     427.5443
     206     383.9899
     207     441.4334
     208     426.8448
     209     461.7627
     210     433.4602
     211     411.7695
     212     390.5643
     213     396.9940
     214     409.7800
     215     411.3393
     216     458.0747
     217     411.1078
     218     407.6005
     219     401.1732
     220     442.8512
     221     410.3288
     222     398.5616
     223     445.0558
     224     403.6614
     225     402.7603
     226     404.2888
     227     402.9895
     228     429.0609
     229     409.7110
     230     421.0968
     231     435.2570
     232     386.6399
     233     411.9717
     234     404.6222
     235     424.4599
     236     398.7371
     237     401.9519
     238     422.0937
     239     374.2471
     240     413.4549
     241     417.7383
     242     408.6052
     243     372.1702
     244     385.0862
     245     352.0113
     246     391.8211
     247     381.3608
     248     377.9029
     249     390.6267
     250     383.3551
     251     407.8765
     252     341.4991
     253     376.3883
     254     365.0715
     255     376.3259
     256     383.6273
     257     342.4439
     258     387.8579
     259     378.0526
     260     376.0085
     261     366.9202
     262     374.6156
     263     381.8502
     264     357.4067
     265     393.4696
     266     352.3470
     267     350.9487
     268     377.9381
     269     389.6116
     270     375.2955
     271     350.6727
     272     343.8838
     273     354.5642
     274     346.3089
     275     367.8971
     276     340.2978
     277     356.8158
     278     359.8303
     279     360.8964
     280     358.7581
     281     379.9169
     282     380.6184
     283     382.5831
     284     367.4945
     285     389.7602
     286     362.9017
     287     370.6334
     288     406.8901
     289     369.4734
     290     355.4507
     291     366.1301
     292     345.3680
     293     386.0105
     294     407.5394
     295     398.4553
     296     416.3286
     297     354.5930
     298     374.3590
     299     366.0097
     300     403.2414
     301     390.9335
     302     386.6838
     303     394.7427
     304     411.3948
     305     386.3222
     306     353.4759
     307     400.1338
     308     347.7367
     309     366.3973
     310     345.3637
     311     326.1975
     312     367.1220
     313     362.0261
     314     371.8623
     315     341.0719
     316     362.8075
     317     351.1487
     318     383.3821
     319     365.8547
     320     387.0636
     321     356.4740
     322     358.1048
     323     411.9750
     324     362.5070
     325     360.3174
     326     370.1057
     327     391.0773
     328     417.7303
     329     393.9180
     330     423.6851
     331     381.1511
     332     377.7200
     333     396.2661
     334     388.9004
     335     372.0430
     336     373.1020
     337     375.9764
     338     392.1380
     339     369.5735
     340     401.2227
     341     394.5163
     342     394.3496
     343     369.4955
     344     389.0302
     345     366.4620
     346     370.7669
     347     390.6054
     348     355.9385
     349     348.4400
     350     393.7333
     351     367.5828
     352     366.7364
     353     383.5141
     354     390.2145
     355     365.4773
     356     387.2293
     357     363.9051
     358     399.8354
     359     390.9532
     360     361.5073
     361     399.2929
     362     374.3746
     363     398.6150
     364     374.6465
     365     371.1604
     366     378.7170
     367     378.4044
     368     345.0981
     369     365.4842
     370     400.8284
     371     374.6464
     372     403.7692
     373     377.8729
     374     390.5756
     375     354.4182
     376     392.6144
     377     380.5708
     378     370.8094
     379     383.0081
     380     380.1305
     381     385.3147
     382     376.9968
     383     370.4981
     384     353.7564
     385     383.8562
     386     393.2444
     387     369.7664
     388     366.4374
     389     377.5907
     390     391.0863
     391     360.4007
     392     369.0617
     393     350.9971
     394     373.7935
     395     346.4601
     396     389.4193
     397     372.2244
     398     386.7978
     399     387.6208
     400     344.4083
