#Frame              T
       1    1031.2575
       2    1135.3593
       3    1073.2913
       4    1056.2738
       5    1060.7370
       6    1068.0729
       7    1080.2946
       8    1036.6496
       9    1040.4794
      10    1034.8752
      11     998.6103
      12    1045.3637
      13     933.5599
      14     943.8425
      15     891.3326
      16     998.0442
      17     946.7183
      18     948.7240
      19     963.5612
      20     933.8972
      21     949.7981
      22     868.9838
      23     879.1557
      24     925.3609
      25     846.4677
      26     882.1671
      27     881.5072
      28     822.0804
      29     758.3719
      30     872.2313
      31     792.0600
      32     841.2494
      33     844.8218
      34     872.2880
      35     810.5052
      36     871.8769
      37     777.1986
      38     786.1969
      39     821.6049
      40     782.1201
      41     795.9161
      42     816.0353
      43     784.7318
      44     826.0837
      45     774.6632
      46     740.6788
      47     762.9107
      48     738.1857
      49     796.6399
      50     720.6405
      51     710.8194
      52     720.0921
      53     794.9287
      54     745.1771
      55     707.8918
      56     644.6239
      57     712.2437
      58     764.6682
      59     762.4647
      60     726.7362
      61     762.0303
      62     699.2523
      63     657.4860
      64     719.7999
      65     670.1897
      66     654.7166
      67     661.6276
      68     699.0797
      69     695.9347
      70     635.0678
      71     641.5296
      72     681.4865
      73     754.0300
      74     691.6655
      75     639.2361
      76     676.1730
      77     678.7922
      78     617.5316
      79     589.6151
      80     543.2001
      81     610.8200
      82     625.4926
      83     611.3851
      84     592.3429
      85     632.4871
      86     619.4553
      87     604.9487
      88     630.4495
      89     620.6417
      90     544.5683
      91     551.9343
      92     550.2969
      93     581.4671
      94     537.5115
      95     573.0762
      96     589.1266
      97     553.8889
      98     605.8252
      99     583.2594
     100     580.2637
     101     616.2769
     102     591.9763
     103     587.5446
     104     572.3240
     105     531.3484
     106     574.2339
     107     575.9191
     108     569.1654
     109     551.5182
     110     605.2759
     111     616.4585
     112     567.3602
     113     556.1739
     114     491.0285
     115     516.2195
     116     524.6554
     117     554.3743
     118     561.9875
     119     551.2644
     120     512.0468
     121     526.6712
     122     534.3209
     123     559.7035
     124     572.7762
     125     567.0365
     126     544.4956
     127     548.1519
     128     568.6098
     129     570.4639
     130     584.1526
     131     454.9937
     132     497.0124
     133     563.7952
     134     561.4226
     135     514.6952
     136     502.7809
     137     458.0998
     138     530.3850
     139     538.4024
     140     532.0890
     141     495.8685
     142     519.2308
     143     477.5305
     144     477.3670
     145     512.0213
     146     472.1651
     147     508.5911
     148     525.5841
     149     546.2630
     150     526.8861
     151     538.0945
     152     525.0041
     153     513.0651
     154     527.4249
     155     492.5561
     156     530.1588
     157     568.3851
     158     478.2166
     159     536.2001
     160     519.8117
     161     487.7809
     162     496.2106
     163     498.0834
     164     487.6834
     165     501.8621
     166     475.3513
     167     465.7010
     168     527.7785
     169     508.6185
     170     504.2009
     171     485.0359
     172     467.3356
     173     463.1574
     174     449.9423
     175     509.2620
     176     462.2809
     177     447.8829
     178     472.2651
     179     435.9710
     180     448.4830
     181     419.3385
     182     451.5863
     183     412.1972
     184     428.1882
     185     444.8413
     186     433.0669
     187     459.0376
     188     422.8702
     189     419.9487
     190     449.4439
     191     415.6531
     192     418.4680
     193     427.9168
     194     435.9589
     195     432.0004
     196     437.7500
     197     439.1006
     198     424.2718
     199     402.0729
     200     405.3424
     201     419.7479
     202     447.9623
     203     448.6730
     204     422.6827
     205     448.3588
     206     439.3966
     207     413.0583
     208     401.7829
     209     415.4343
     210     400.4062
     211     398.3250
     212     431.8890
     213     420.3763
     214     432.9621
     215     411.3230
     216     393.0108
     217     410.7625
     218     437.3905
     219     464.6903
     220     463.2561
     221     413.2986
     222     392.0267
     223     403.0452
     224     402.0143
     225     422.6768
     226     388.2942
     227     375.9831
     228     407.4920
     229     395.8720
     230     428.7524
     231     390.0357
     232     426.2438
     233     396.8943
     234     436.5613
     235     413.4864
     236     423.5659
     237     400.2819
     238     389.0068
     239     403.1901
     240     410.3264
     241     353.9700
     242     413.8408
     243     438.7515
     244     420.6238
     245     401.7460
     246     395.9430
     247     398.2932
     248     386.9865
     249     374.8403
     250     416.6679
     251     424.5230
     252     371.0233
     253     383.2950
     254     407.4251
     255     359.5837
     256     375.6080
     257     375.0214
     258     368.3631
     259     395.1531
     260     389.4047
     261     379.5594
     262     378.5974
     263     386.9019
     264     436.1130
     265     408.7101
     266     382.1877
     267     365.5462
     268     406.8876
     269     433.6482
     270     350.8900
     271     380.5553
     272     399.3328
     273     416.4073
     274     389.6679
     275     405.4290
     276     391.2861
     277     363.9467
     278     397.3348
     279     400.9153
     280     388.6036
     281     391.3839
     282     398.6712
     283     362.7551
     284     394.6274
     285     331.9871
     286     366.7872
     287     372.6843
     288     373.6367
     289     353.6912
     290     360.7118
     291     361.1881
     292     322.0994
     293     377.8236
     294     345.0545
     295     371.0639
     296     367.5247
     297     371.2618
     298     373.2130
     299     353.5180
     300     334.8133
     301     348.4283
     302     343.0954
     303     320.3507
     304     341.1533
     305     355.7134
     306     345.4046
     307     391.3276
     308     351.2492
     309     380.0659
     310     364.0665
     311     370.9877
     312     373.9152
     313     341.9609
     314     377.4496
     315     361.4677
     316     397.9781
     317     392.4151
     318     419.3789
     319     371.4812
     320     383.4935
     321     367.5106
     322     390.3428
     323     406.7416
     324     380.9780
     325     379.2769
     326     373.9201
     327     349.1355
     328     326.2480
     329     370.2330
     330     337.2568
     331     344.9055
     332     356.8408
     333     379.3083
     334     351.5250
     335     371.8234
     336     343.8944
     337     391.2293
     338     348.5480
     339     374.8118
     340     370.1929
     341     349.7245
     342     359.3074
     343     346.4493
     344     341.0024
     345     389.6969
     346     345.7608
     347     357.0055
     348     354.0061
     349     327.0480
     350     335.6831
     351     344.6215
     352     347.7733
     353     356.2644
     354     386.7211
     355     358.7557
     356     363.9397
     357     358.8364
     358     367.3226
     359     376.5068
     360     382.8610
     361     377.6184
     362     358.1553
     363     401.0386
     364     356.5712
     365     378.7125
     366     378.8178
     367     389.2951
     368     366.0931
     369     353.1874
     370     336.6183
     371     338.6078
     372     387.6155
     373     328.3565
     374     333.8138
     375     355.9270
     376     376.8972
     377     351.7857
     378     334.1846
     379     318.1230
     380     340.3614
     381     372.5155
     382     359.7670
     383     331.9392
     384     351.5166
     385     352.7245
     386     401.2493
     387     355.8277
     388     366.8157
     389     381.6684
     390     344.8785
     391     366.9806
     392     373.6362
     393     331.1495
     394     318.4211
     395     338.6649
     396     332.0135
     397     315.6922
     398     347.8813
     399     321.0191
     400     347.2964
