#Frame              T
       1    1188.8818
       2    1086.2818
       3    1086.0623
       4    1102.6864
       5    1074.8577
       6    1047.3363
       7    1060.5299
       8     996.7607
       9    1018.8802
      10    1065.1009
      11     957.5171
      12     960.0265
      13    1056.3270
      14    1011.8172
      15     924.7259
      16     943.1741
      17     921.4040
      18     960.5806
      19     993.6266
      20     772.6587
      21     876.2472
      22     893.2805
      23     966.6136
      24     947.7122
      25     899.6841
      26     902.0889
      27     883.8901
      28     904.1455
      29     810.5629
      30     888.7053
      31     820.4828
      32     858.4813
      33     874.5071
      34     773.6262
      35     825.6150
      36     781.0068
      37     838.2128
      38     802.4307
      39     789.4127
      40     885.6605
      41     913.7984
      42     818.4326
      43     860.5824
      44     854.6727
      45     896.6372
      46     807.6322
      47     785.0763
      48     808.2026
      49     782.4355
      50     819.8886
      51     815.2587
      52     733.1661
      53     712.7582
      54     692.8814
      55     741.1313
      56     697.5262
      57     681.3768
      58     609.5785
      59     774.0571
      60     649.8428
      61     673.6855
      62     702.4872
      63     672.1542
      64     686.8330
      65     690.8155
      66     722.0514
      67     677.2715
      68     724.9699
      69     614.5840
      70     666.6082
      71     599.0868
      72     670.3998
      73     634.1530
      74     686.9747
      75     721.8021
      76     643.9324
      77     641.0721
      78     666.1845
      79     655.1335
      80     650.9742
      81     636.4333
      82     572.2608
      83     605.8687
      84     609.6628
      85     617.0766
      86     661.5807
      87     640.5042
      88     644.3461
      89     654.1454
      90     635.9646
      91     570.3238
      92     580.7041
      93     628.0210
      94     623.0242
      95     636.2433
      96     633.0885
      97     655.1417
      98     645.0125
      99     638.0599
     100     667.3545
     101     596.6733
     102     611.7984
     103     626.4288
     104     607.8293
     105     567.9806
     106     646.0812
     107     583.3219
     108     590.6454
     109     609.1372
     110     628.9846
     111     629.2125
     112     619.2623
     113     584.8039
     114     625.9931
     115     567.0809
     116     619.0769
     117     623.3037
     118     611.0435
     119     635.5224
     120     590.5097
     121     570.9758
     122     585.7819
     123     591.7910
     124     628.3576
     125     583.3262
     126     560.6157
     127     569.9667
     128     550.7921
     129     537.6977
     130     604.3172
     131     576.2551
     132     615.1150
     133     550.8384
     134     582.0512
     135     564.0921
     136     562.7065
     137     540.3872
     138     552.8399
     139     547.9183
     140     545.1787
     141     566.5736
     142     560.6683
     143     483.6383
     144     531.7039
     145     553.6690
     146     566.0252
     147     555.2264
     148     558.2437
     149     507.3461
     150     540.9814
     151     539.8277
     152     512.1794
     153     538.1350
     154     533.2730
     155     545.2025
     156     578.9880
     157     489.6619
     158     529.7074
     159     479.1092
     160     507.4969
     161     528.9264
     162     519.6257
     163     538.9568
     164     537.0150
     165     465.8498
     166     470.3395
     167     465.8845
     168     479.7843
     169     495.5718
     170     469.1677
     171     520.5725
     172     500.6427
     173     507.9376
     174     463.1337
     175     492.1344
     176     471.6199
     177     486.1222
     178     500.4514
     179     443.4775
     180     440.1858
     181     445.4128
     182     442.2350
     183     427.0204
     184     396.5998
     185     450.8415
     186     448.8480
     187     463.2968
     188     425.8453
     189     490.4494
     190     454.1853
     191     479.5231
     192     468.4511
     193     431.5683
     194     474.7478
     195     447.7702
     196     456.4731
     197     442.2317
     198     422.0283
     199     441.2137
     200     423.8129
     201     459.3171
     202     427.5750
     203     466.3121
     204     493.0575
     205     474.8733
     206     461.6251
     207     458.2607
     208     453.1578
     209     474.8061
     210     454.1093
     211     432.4972
     212     463.3487
     213     413.4748
     214     475.5126
     215     452.0953
     216     427.5665
     217     439.2880
     218     425.6176
     219     419.8285
     220     452.2349
     221     450.5812
     222     491.4345
     223     455.6225
     224     417.1574
     225     445.0431
     226     425.1839
     227     457.8735
     228     442.7867
     229     485.3367
     230     428.2672
     231     430.3344
     232     410.7800
     233     434.0643
     234     433.3804
     235     416.0198
     236     427.6761
     237     405.0287
     238     401.6892
     239     461.8642
     240     430.5502
     241     439.3643
     242     418.2799
     243     412.3815
     244     430.8100
     245     391.8508
     246     480.7651
     247     468.1608
     248     410.8531
     249     443.3400
     250     391.1764
     251     404.2479
     252     442.5061
     253     410.1918
     254     437.4586
     255     435.9204
     256     460.0408
     257     441.1802
     258     413.8721
     259     401.2307
     260     410.7650
     261     357.9486
     262     402.3305
     263     399.5089
     264     388.1622
     265     406.2245
     266     397.2281
     267     425.3699
     268     423.9312
     269     420.3704
     270     452.2227
     271     432.0624
     272     411.5684
     273     434.2397
     274     423.3228
     275     407.6481
     276     424.7710
     277     386.2303
     278     377.4514
     279     416.2849
     280     420.7118
     281     370.6400
     282     403.0537
     283     379.2416
     284     406.3737
     285     418.6521
     286     388.1117
     287     421.2144
     288     400.6040
     289     390.0995
     290     415.9455
     291     432.0286
     292     451.0779
     293     424.5427
     294     406.3263
     295     432.0244
     296     437.1362
     297     409.1681
     298     428.3238
     299     390.7834
     300     414.6041
     301     390.8478
     302     408.7258
     303     340.8858
     304     370.2544
     305     384.1664
     306     367.2332
     307     416.5912
     308     395.9228
     309     416.3166
     310     398.7272
     311     448.5838
     312     411.5817
     313     429.5824
     314     401.3361
     315     384.2079
     316     385.3365
     317     432.2446
     318     395.2872
     319     371.8854
     320     386.6023
     321     395.5015
     322     371.1234
     323     374.9918
     324     393.6735
     325     360.9985
     326     389.2834
     327     357.1389
     328     354.5968
     329     391.3393
     330     416.5684
     331     377.0039
     332     350.5603
     333     395.8225
     334     381.8916
     335     376.2372
     336     367.4670
     337     356.5405
     338     361.7044
     339     326.0167
     340     365.5248
     341     396.2225
     342     372.4515
     343     363.2820
     344     390.4030
     345     389.2851
     346     346.7791
     347     388.1623
     348     359.8245
     349     374.4666
     350     367.0597
     351     353.6535
     352     342.5115
     353     361.9936
     354     366.1187
     355     364.8877
     356     391.3706
     357     373.2535
     358     372.0551
     359     336.1583
     360     355.3253
     361     367.8553
     362     367.8849
     363     375.2270
     364     351.6435
     365     368.1271
     366     384.2570
     367     351.7121
     368     373.3300
     369     378.7957
     370     353.8311
     371     354.4528
     372     360.3550
     373     346.0764
     374     377.9638
     375     359.7348
     376     375.0544
     377     375.3201
     378     366.4643
     379     349.3457
     380     365.0494
     381     361.8329
     382     353.2925
     383     335.6734
     384     365.2366
     385     381.9635
     386     348.7235
     387     329.8561
     388     344.3984
     389     340.6125
     390     364.2606
     391     380.8527
     392     363.1290
     393     337.5973
     394     309.5974
     395     375.2515
     396     364.0795
     397     397.6358
     398     390.6605
     399     380.4641
     400     375.4271
