#Frame              T
       1    1170.0311
       2    1034.1736
       3    1110.6938
       4    1054.0754
       5    1084.5302
       6    1186.4550
       7    1141.7349
       8    1063.1416
       9    1007.6483
      10    1102.2617
      11    1003.3214
      12    1025.1713
      13    1048.3212
      14    1164.4647
      15    1079.8330
      16    1073.0651
      17    1093.4815
      18    1034.9846
      19    1075.0986
      20     950.0081
      21     981.1181
      22     961.0386
      23     974.3672
      24     910.7947
      25     886.3622
      26    1008.4536
      27     916.6055
      28     969.8456
      29     940.5606
      30     943.2212
      31     911.5570
      32     984.9271
      33     971.0369
      34     873.7574
      35     844.1252
      36     874.9797
      37     835.4520
      38     916.9821
      39     897.0420
      40     874.6611
      41     892.5056
      42     840.2023
      43     831.4574
      44     771.2533
      45     902.7231
      46     823.8899
      47     751.2204
      48     739.5784
      49     698.6444
      50     731.9148
      51     759.7168
      52     871.2928
      53     782.9541
      54     785.5251
      55     796.6451
      56     716.5520
      57     699.1479
      58     724.0891
      59     645.6983
      60     700.4108
      61     704.7586
      62     677.6226
      63     662.9813
      64     628.9775
      65     709.5919
      66     647.5516
      67     708.3863
      68     660.9734
      69     664.6349
      70     643.3082
      71     637.2673
      72     729.9593
      73     616.9951
      74     683.0092
      75     627.1038
      76     585.1398
      77     629.3383
      78     689.1680
      79     708.4926
      80     628.2798
      81     639.0061
      82     609.8439
      83     658.4531
      84     613.6392
      85     547.4285
      86     571.4855
      87     652.4444
      88     572.1984
      89     680.5588
      90     614.8415
      91     548.2427
      92     630.1111
      93     601.0848
      94     619.6750
      95     587.4057
      96     661.7006
      97     598.7942
      98     634.7430
      99     630.0832
     100     553.1600
     101     632.7025
     102     527.9747
     103     581.6190
     104     560.2636
     105     555.4770
     106     591.6061
     107     596.7232
     108     698.0650
     109     588.8362
     110     598.1293
     111     578.9188
     112     601.5146
     113     603.8599
     114     615.5210
     115     556.2566
     116     585.2870
     117     580.1741
     118     568.1710
     119     559.8623
     120     563.4855
     121     595.9330
     122     566.5896
     123     599.9542
     124     543.8346
     125     598.9738
     126     519.8812
     127     581.0421
     128     609.2287
     129     533.3360
     130     559.3664
     131     505.3579
     132     566.9497
     133     558.6004
     134     534.4590
     135     533.6635
     136     482.0820
     137     581.8685
     138     523.2585
     139     563.2861
     140     549.7414
     141     495.7711
     142     586.0479
     143     555.2309
     144     540.2958
     145     524.7214
     146     513.8823
     147     523.0244
     148     527.3812
     149     507.1205
     150     517.4855
     151     487.5513
     152     517.6240
     153     496.1191
     154     538.0370
     155     517.2024
     156     524.4927
     157     520.8783
     158     446.3401
     159     507.4044
     160     499.7522
     161     508.3628
     162     493.1401
     163     532.1343
     164     506.4076
     165     487.2514
     166     516.3136
     167     472.5912
     168     510.3044
     169     553.0240
     170     493.5709
     171     458.8752
     172     478.8187
     173     478.1001
     174     456.7112
     175     473.4113
     176     438.0178
     177     536.7682
     178     464.0820
     179     504.7198
     180     425.0773
     181     458.4645
     182     485.6295
     183     439.5767
     184     513.4719
     185     482.7766
     186     442.4952
     187     466.1942
     188     469.4496
     189     420.7639
     190     455.9476
     191     443.8019
     192     450.6583
     193     450.5794
     194     456.9747
     195     457.9320
     196     485.4084
     197     466.6141
     198     437.6427
     199     468.5460
     200     460.0866
     201     509.0694
     202     436.3931
     203     455.1826
     204     473.5032
     205     456.7372
     206     471.5912
     207     451.4453
     208     443.9605
     209     446.0077
     210     429.6721
     211     460.9517
     212     441.7479
     213     445.0248
     214     463.7232
     215     441.1533
     216     471.4249
     217     432.4553
     218     428.8718
     219     391.2706
     220     411.9776
     221     419.7447
     222     459.4137
     223     428.1214
     224     501.2742
     225     430.5687
     226     419.4877
     227     442.9739
     228     465.0046
     229     429.3527
     230     452.5509
     231     434.2984
     232     416.8001
     233     444.3526
     234     397.3120
     235     419.6235
     236     398.3545
     237     435.6567
     238     389.4710
     239     380.6230
     240     423.8452
     241     396.8987
     242     441.4829
     243     403.2174
     244     386.0397
     245     399.3409
     246     400.7299
     247     405.6342
     248     451.9388
     249     442.7277
     250     391.7339
     251     385.2309
     252     409.1024
     253     451.2280
     254     425.8556
     255     396.7172
     256     429.5250
     257     423.6728
     258     405.7963
     259     385.4484
     260     382.4347
     261     434.1603
     262     387.9707
     263     404.1531
     264     431.8950
     265     388.2804
     266     410.6870
     267     415.0512
     268     398.9650
     269     409.9293
     270     408.2637
     271     397.1288
     272     391.3995
     273     413.2172
     274     411.8221
     275     408.0297
     276     413.5547
     277     386.8561
     278     420.7152
     279     401.3620
     280     389.3814
     281     399.1589
     282     416.4862
     283     399.8323
     284     362.8152
     285     394.9717
     286     361.5886
     287     353.0040
     288     384.2613
     289     395.8641
     290     391.4893
     291     378.9797
     292     394.3716
     293     359.8619
     294     369.0706
     295     392.4488
     296     347.9885
     297     368.3067
     298     372.8490
     299     381.2293
     300     351.1346
     301     366.8682
     302     351.6838
     303     351.4001
     304     356.1668
     305     374.2289
     306     353.7061
     307     359.3097
     308     371.7720
     309     355.0640
     310     368.2881
     311     345.4278
     312     427.6865
     313     380.5081
     314     404.3187
     315     392.0338
     316     419.4605
     317     402.9427
     318     399.0630
     319     368.1756
     320     376.1653
     321     371.3822
     322     391.0759
     323     387.4352
     324     352.8485
     325     353.5968
     326     323.5568
     327     370.2413
     328     346.9931
     329     344.1897
     330     337.4058
     331     356.8702
     332     375.3521
     333     358.2405
     334     387.6013
     335     384.4277
     336     387.4692
     337     399.3593
     338     351.3759
     339     363.5933
     340     360.1178
     341     379.0749
     342     358.1874
     343     340.3779
     344     352.0736
     345     354.7340
     346     365.2112
     347     364.3741
     348     349.1785
     349     369.0941
     350     370.0119
     351     340.3358
     352     347.3684
     353     333.1640
     354     356.9416
     355     356.1334
     356     353.5153
     357     331.5739
     358     348.6344
     359     356.4284
     360     357.9925
     361     336.1671
     362     316.7560
     363     330.3101
     364     345.7685
     365     387.5536
     366     362.5001
     367     340.3817
     368     351.1591
     369     353.2367
     370     324.8753
     371     323.5110
     372     325.9306
     373     334.1267
     374     350.2510
     375     350.4071
     376     342.7695
     377     350.7514
     378     361.9901
     379     351.2978
     380     362.7088
     381     321.8892
     382     387.5958
     383     325.1586
     384     353.0246
     385     370.4829
     386     356.7956
     387     345.6830
     388     365.7258
     389     378.7508
     390     364.8830
     391     395.1380
     392     420.7867
     393     396.6802
     394     356.1708
     395     366.7346
     396     346.1131
     397     391.5783
     398     379.5663
     399     360.1358
     400     359.9942
