#Frame              T
       1    2984.5537
       2    2837.7483
       3    2591.8237
       4    2299.7392
       5    2020.1912
       6    1801.3517
       7    1668.3122
       8    1617.9359
       9    1622.7502
      10    1642.9738
      11    1642.3253
      12    1601.3676
      13    1523.7596
      14    1434.0002
      15    1367.9701
      16    1359.6343
      17    1428.3887
      18    1571.2287
      19    1762.2210
      20    1959.2799
      21    2115.9750
      22    2194.6821
      23    2177.1378
      24    2069.3726
      25    1899.6784
      26    1710.2848
      27    1545.2365
      28    1438.1537
      29    1403.6695
      30    1435.0330
      31    1508.1784
      32    1590.5322
      33    1651.6096
      34    1672.1984
      35    1649.5301
      36    1597.1182
      37    1539.4974
      38    1503.5990
      39    1509.5036
      40    1563.4932
      41    1655.5469
      42    1762.0152
      43    1852.6066
      44    1899.5210
      45    1885.9745
      46    1811.5962
      47    1693.0452
      48    1559.5429
      49    1444.4557
      50    1375.4284
      51    1366.3172
      52    1413.7011
      53    1498.9859
      54    1595.0071
      55    1674.6112
      56    1718.4605
      57    1719.9217
      58    1685.9180
      59    1633.7328
      60    1584.8851
      61    1558.0045
      62    1562.9383
      63    1597.8612
      64    1650.1731
      65    1700.7755
      66    1730.3149
      67    1725.4407
      68    1683.1730
      69    1612.0996
      70    1530.1029
      71    1459.3182
      72    1419.7424
      73    1423.2852
      74    1470.0545
      75    1548.0676
      76    1636.5140
      77    1711.6127
      78    1753.3974
      79    1751.5070
      80    1708.2785
      81    1638.1224
      82    1563.2197
      83    1506.7110
      84    1485.4538
      85    1504.6902
      86    1556.4606
      87    1622.3784
      88    1679.9025
      89    1710.0168
      90    1703.7029
      91    1664.9525
      92    1609.1966
      93    1557.6867
      94    1529.8375
      95    1536.3138
      96    1575.2741
      97    1632.9512
      98    1688.2670
      99    1719.9203
     100    1713.6231
     101    1667.0578
     102    1590.8311
     103    1505.0530
     104    1432.7084
     105    1392.2069
     106    1391.8055
     107    1427.7646
     108    1486.5645
     109    1550.0997
     110    1601.8733
     111    1632.0615
     112    1639.8615
     113    1632.5627
     114    1621.9200
     115    1619.3214
     116    1631.5605
     117    1658.6145
     118    1693.9524
     119    1727.0279
     120    1746.9751
     121    1746.2530
     122    1723.0906
     123    1682.0363
     124    1632.5464
     125    1586.1766
     126    1553.3064
     127    1540.3804
     128    1548.3822
     129    1572.8625
     130    1605.4326
     131    1636.2852
     132    1656.9676
     133    1662.5511
     134    1652.5858
     135    1630.6872
     136    1603.0376
     137    1576.3241
     138    1555.7633
     139    1543.7800
     140    1539.6469
     141    1540.0569
     142    1540.3914
     143    1536.3698
     144    1525.7531
     145    1509.6350
     146    1492.5078
     147    1480.2557
     148    1476.9685
     149    1483.4018
     150    1497.8361
     151    1517.3922
     152    1538.8698
     153    1559.4792
     154    1577.5351
     155    1592.7344
     156    1605.7526
     157    1617.2892
     158    1627.0220
     159    1633.0290
     160    1632.0531
     161    1620.6615
     162    1596.9696
     163    1562.3006
     164    1522.0361
     165    1485.0289
     166    1461.3645
     167    1458.7191
     168    1478.5184
     169    1514.7228
     170    1556.6136
     171    1593.0982
     172    1616.0025
     173    1621.8646
     174    1612.3672
     175    1593.4353
     176    1573.1660
     177    1559.1093
     178    1555.7367
     179    1562.9709
     180    1576.2936
     181    1588.3487
     182    1591.4175
     183    1579.9238
     184    1552.2421
     185    1511.4264
     186    1464.7510
     187    1422.0710
     188    1393.2484
     189    1385.3094
     190    1400.2604
     191    1434.3278
     192    1478.8835
     193    1522.7544
     194    1555.2124
     195    1568.8172
     196    1561.4144
     197    1536.8003
     198    1503.7843
     199    1473.7361
     200    1457.1522
     201    1460.2386
     202    1482.6475
     203    1517.2169
     204    1551.9530
     205    1573.7808
     206    1572.9403
     207    1546.5736
     208    1500.2130
     209    1446.5817
     210    1401.9560
     211    1381.0902
     212    1392.1877
     213    1433.6570
     214    1494.0546
     215    1555.5238
     216    1599.5586
     217    1612.9654
     218    1591.9030
     219    1542.7448
     220    1479.6555
     221    1419.8555
     222    1378.2441
     223    1363.1428
     224    1374.4083
     225    1404.2897
     226    1440.5667
     227    1470.9304
     228    1487.2022
     229    1487.9078
     230    1478.2857
     231    1467.9227
     232    1467.1662
     233    1483.8077
     234    1521.0550
     235    1576.5733
     236    1641.6658
     237    1701.9371
     238    1741.9209
     239    1751.2773
     240    1728.0474
     241    1678.2855
     242    1613.4848
     243    1546.8934
     244    1489.5588
     245    1447.4029
     246    1420.6671
     247    1405.6958
     248    1397.5779
     249    1392.3670
     250    1388.3139
     251    1385.9068
     252    1387.0369
     253    1394.0926
     254    1409.3582
     255    1434.4832
     256    1469.8659
     257    1514.0493
     258    1563.3495
     259    1612.0447
     260    1653.3165
     261    1680.8450
     262    1690.5861
     263    1682.0817
     264    1658.7704
     265    1627.0915
     266    1594.5465
     267    1567.2346
     268    1547.8760
     269    1535.4117
     270    1526.3545
     271    1516.9430
     272    1505.0179
     273    1491.0139
     274    1477.8018
     275    1469.4525
     276    1469.4065
     277    1478.7693
     278    1495.3480
     279    1513.8385
     280    1527.2354
     281    1529.1113
     282    1516.0352
     283    1489.2567
     284    1454.9144
     285    1422.4529
     286    1401.6315
     287    1399.1992
     288    1416.5688
     289    1449.3775
     290    1488.9989
     291    1525.3627
     292    1550.1013
     293    1559.0244
     294    1553.1786
     295    1538.1886
     296    1522.1173
     297    1512.5413
     298    1513.8170
     299    1525.4718
     300    1542.3130
     301    1556.2838
     302    1559.4556
     303    1547.0793
     304    1519.5119
     305    1482.2629
     306    1444.1860
     307    1414.6001
     308    1400.4339
     309    1404.2807
     310    1423.8645
     311    1452.9537
     312    1483.3174
     313    1507.0439
     314    1518.5698
     315    1515.9661
     316    1501.2080
     317    1479.3661
     318    1456.9923
     319    1440.2524
     320    1433.3860
     321    1437.8950
     322    1452.5733
     323    1474.1978
     324    1498.5384
     325    1521.2931
     326    1538.7030
     327    1547.8081
     328    1546.5870
     329    1534.2654
     330    1511.7939
     331    1482.1368
     332    1449.9846
     333    1420.8014
     334    1399.4694
     335    1388.9307
     336    1389.2311
     337    1397.3126
     338    1407.8204
     339    1414.8682
     340    1414.2678
     341    1405.3692
     342    1391.6764
     343    1379.7748
     344    1376.7897
     345    1387.3359
     346    1411.3665
     347    1443.9505
     348    1477.0436
     349    1502.4430
     350    1514.7656
     351    1513.3676
     352    1502.5058
     353    1489.6435
     354    1482.4720
     355    1485.7374
     356    1499.1484
     357    1517.3063
     358    1531.7895
     359    1534.5939
     360    1521.5548
     361    1494.3492
     362    1460.2319
     363    1429.4992
     364    1411.5808
     365    1411.2950
     366    1426.8347
     367    1450.3576
     368    1470.9280
     369    1478.6348
     370    1468.3207
     371    1441.5319
     372    1405.9912
     373    1372.8369
     374    1352.7310
     375    1352.3295
     376    1372.2351
     377    1406.6450
     378    1444.6886
     379    1473.9506
     380    1485.4500
     381    1477.3744
     382    1455.6602
     383    1431.6135
     384    1417.7798
     385    1423.4961
     386    1451.4950
     387    1496.6275
     388    1547.1611
     389    1588.2991
     390    1606.8116
     391    1595.2621
     392    1554.4124
     393    1493.0121
     394    1425.0872
     395    1365.6709
     396    1326.3863
     397    1312.2423
     398    1320.5564
     399    1342.2690
     400    1365.2228
     401    1378.4023
     402    1375.7955
     403    1358.6071
     404    1335.0483
     405    1317.6926
     406    1319.1915
     407    1347.6322
     408    1402.9443
     409    1475.6880
     410    1549.2152
     411    1604.9456
     412    1628.7000
     413    1615.4210
     414    1570.5819
     415    1508.0511
     416    1445.3729
     417    1398.1440
     418    1375.3286
     419    1376.9661
     420    1394.9148
     421    1416.2579
     422    1428.1250
     423    1422.2599
     424    1397.7950
     425    1361.3783
     426    1324.7033
     427    1300.4010
     428    1297.7749
     429    1319.8304
     430    1362.4608
     431    1415.8354
     432    1467.3396
     433    1505.0563
     434    1520.7654
     435    1511.7207
     436    1480.9166
     437    1435.9733
     438    1387.0724
     439    1344.5060
     440    1316.3950
     441    1307.0270
     442    1316.1096
     443    1339.0363
     444    1368.1189
     445    1394.5429
     446    1410.6500
     447    1412.0333
     448    1398.9033
     449    1376.2880
     450    1352.8544
     451    1338.5402
     452    1341.5823
     453    1365.8090
     454    1409.1112
     455    1463.6725
     456    1518.0095
     457    1560.2135
     458    1581.3614
     459    1578.0069
     460    1553.0021
     461    1514.4676
     462    1473.3047
     463    1440.0335
     464    1421.8738
     465    1420.8824
     466    1433.6625
     467    1452.6958
     468    1468.8677
     469    1474.4004
     470    1465.2681
     471    1442.3676
     472    1411.1598
     473    1379.9781
     474    1357.5511
     475    1350.4658
     476    1361.2526
     477    1387.5682
     478    1422.6483
     479    1456.9337
     480    1480.5702
     481    1486.2235
     482    1471.3557
     483    1439.1410
     484    1397.6615
     485    1357.6459
     486    1329.4358
     487    1320.0508
     488    1331.1805
     489    1358.7006
     490    1393.8781
     491    1425.9209
     492    1445.0992
     493    1445.5274
     494    1426.8213
     495    1394.1832
     496    1356.8925
     497    1325.6025
     498    1309.2001
     499    1312.1831
     500    1333.4170
     501    1366.7307
     502    1403.1521
     503    1433.9390
     504    1453.2698
     505    1459.6975
     506    1456.0193
     507    1447.8275
     508    1441.3690
     509    1441.4735
     510    1450.1628
     511    1466.2659
     512    1485.9968
     513    1504.2032
     514    1515.8462
     515    1517.2805
     516    1507.0389
     517    1486.0325
     518    1457.2412
     519    1425.0715
     520    1394.5169
     521    1370.2163
     522    1355.5262
     523    1351.8282
     524    1358.2814
     525    1372.0872
     526    1389.1562
     527    1405.0268
     528    1415.8927
     529    1419.5337
     530    1415.9068
     531    1407.1588
     532    1396.9716
     533    1389.3693
     534    1387.3437
     535    1391.7640
     536    1400.9542
     537    1411.0794
     538    1417.2056
     539    1414.7300
     540    1400.8142
     541    1375.4595
     542    1341.8997
     543    1306.1071
     544    1275.4464
     545    1256.8200
     546    1254.8556
     547    1270.6861
     548    1301.6729
     549    1342.1513
     550    1384.9668
     551    1423.3437
     552    1452.5394
     553    1470.8350
     554    1479.6218
     555    1482.5853
     556    1484.2127
     557    1488.0805
     558    1495.4987
     559    1505.0337
     560    1513.1491
     561    1515.7175
     562    1509.6731
     563    1493.9271
     564    1469.3896
     565    1438.8450
     566    1406.9786
     567    1379.7485
     568    1362.6946
     569    1358.9336
     570    1367.9145
     571    1385.5338
     572    1405.5541
     573    1421.7770
     574    1430.1709
     575    1430.1822
     576    1424.7504
     577    1419.0163
     578    1418.1994
     579    1425.4497
     580    1440.4961
     581    1459.6029
     582    1476.8358
     583    1486.1661
     584    1483.6639
     585    1469.0074
     586    1445.7778
     587    1420.4222
     588    1400.2291
     589    1390.9692
     590    1394.9855
     591    1410.4076
     592    1431.7944
     593    1451.9571
     594    1464.2609
     595    1464.5997
     596    1452.4642
     597    1430.8761
     598    1405.3274
     599    1382.1392
     600    1366.7634
     601    1362.4973
     602    1369.8766
     603    1386.8044
     604    1409.3019
     605    1432.6564
     606    1452.6732
     607    1466.7288
     608    1474.4110
     609    1477.5825
     610    1479.6684
     611    1484.0799
     612    1492.3156
     613    1502.9380
     614    1512.1582
     615    1515.4406
     616    1509.0475
     617    1491.0173
     618    1461.6439
     619    1423.6003
     620    1381.6559
     621    1341.9071
     622    1310.5997
     623    1292.7839
     624    1291.0951
     625    1304.9911
     626    1330.7441
     627    1362.3219
     628    1392.9908
     629    1417.1832
     630    1432.0293
     631    1438.0369
     632    1438.6934
     633    1439.1178
     634    1444.1585
     635    1456.4884
     636    1475.2997
     637    1496.1162
     638    1511.9146
     639    1515.3041
     640    1501.0764
     641    1468.2652
     642    1420.9877
     643    1367.7407
     644    1319.3169
     645    1285.9201
     646    1274.3241
     647    1285.9272
     648    1316.3311
     649    1356.6150
     650    1395.9575
     651    1424.8476
     652    1437.9162
     653    1435.4884
     654    1423.3150
     655    1410.4949
     656    1406.1955
     657    1416.2116
     658    1440.5074
     659    1472.6304
     660    1501.3482
     661    1514.1449
     662    1501.5049
     663    1460.5205
     664    1396.4836
     665    1321.8145
     666    1252.6944
     667    1204.5203
     668    1187.5643
     669    1204.1034
     670    1247.9167
     671    1306.3780
     672    1364.4882
     673    1409.4670
     674    1434.3331
     675    1439.3299
     676    1430.9221
     677    1418.9367
     678    1412.9270
     679    1418.9341
     680    1437.5909
     681    1464.0353
     682    1489.5519
     683    1504.3879
     684    1500.9426
     685    1476.4845
     686    1434.6020
     687    1384.7497
     688    1339.6445
     689    1311.0766
     690    1305.8511
     691    1323.9309
     692    1359.4294
     693    1403.1792
     694    1445.3033
     695    1477.2216
     696    1493.1791
     697    1491.2924
     698    1473.8903
     699    1446.9135
     700    1418.3809
     701    1396.2023
     702    1385.9168
     703    1389.0599
     704    1402.7639
     705    1420.7631
     706    1435.5015
     707    1440.6419
     708    1433.1927
     709    1414.5719
     710    1390.2719
     711    1368.1931
     712    1356.1443
     713    1359.2644
     714    1378.1730
     715    1408.4327
     716    1441.4854
     717    1466.7718
     718    1474.5899
     719    1459.1558
     720    1421.0130
     721    1367.6790
     722    1311.9217
     723    1268.0646
     724    1247.5878
     725    1255.5816
     726    1289.2210
     727    1338.6503
     728    1389.9381
     729    1429.2216
     730    1446.8004
     731    1439.9045
     732    1413.2496
     733    1377.2161
     734    1344.2798
     735    1324.8831
     736    1324.1157
     737    1340.2621
     738    1365.6475
     739    1389.4079
     740    1401.1308
     741    1394.1155
     742    1367.3832
     743    1326.0708
     744    1280.0761
     745    1241.1259
     746    1219.0752
     747    1218.7270
     748    1238.3325
     749    1270.2847
     750    1303.6949
     751    1327.9201
     752    1335.8678
     753    1326.0735
     754    1302.9898
     755    1275.5067
     756    1254.1925
     757    1248.0137
     758    1261.4347
     759    1292.8993
     760    1335.4489
     761    1379.2776
     762    1415.0546
     763    1436.7049
     764    1442.8623
     765    1436.7855
     766    1424.9292
     767    1414.6932
     768    1412.0227
     769    1419.5577
     770    1435.8711
     771    1455.9862
     772    1472.9443
     773    1479.8856
     774    1472.0291
     775    1448.0169
     776    1410.3122
     777    1364.6130
     778    1318.4688
     779    1279.4681
     780    1253.4553
     781    1243.2557
     782    1248.2425
     783    1264.8078
     784    1287.5868
     785    1311.1143
     786    1331.4628
     787    1347.3426
     788    1360.2573
     789    1373.6455
     790    1391.3141
     791    1415.7112
     792    1446.6135
     793    1480.6680
     794    1511.9662
     795    1533.5041
     796    1539.1470
     797    1525.5495
     798    1493.4552
     799    1447.9004
     800    1397.1171
     801    1350.3288
     802    1315.0585
     803    1294.8645
     804    1288.3627
     805    1289.9467
     806    1291.9918
     807    1287.8006
     808    1274.2639
     809    1253.1753
     810    1230.5719
     811    1214.3541
     812    1211.3863
     813    1225.2866
     814    1255.2799
     815    1296.0786
     816    1338.9370
     817    1373.8699
     818    1392.4341
     819    1390.1458
     820    1367.7856
     821    1331.2400
     822    1289.9491
     823    1254.3835
     824    1233.2325
     825    1231.0958
     826    1247.3707
     827    1276.6932
     828    1310.7901
     829    1341.1138
     830    1361.4036
     831    1369.3782
     832    1367.0937
     833    1359.9441
     834    1354.6953
     835    1357.1294
     836    1369.8999
     837    1391.2851
     838    1415.5589
     839    1435.0103
     840    1442.6228
     841    1434.2646
     842    1409.8340
     843    1373.2607
     844    1331.4166
     845    1292.2156
     846    1262.5318
     847    1246.6905
     848    1245.9370
     849    1258.7450
     850    1281.5968
     851    1309.9464
     852    1339.1837
     853    1365.4691
     854    1386.3072
     855    1400.7785
     856    1409.4209
     857    1413.8315
     858    1416.0798
     859    1418.0412
     860    1420.8056
     861    1424.3229
     862    1427.4140
     863    1428.1624
     864    1424.6036
     865    1415.5196
     866    1401.0931
     867    1383.1502
     868    1364.8535
     869    1349.8821
     870    1341.3342
     871    1340.6848
     872    1347.1809
     873    1357.9437
     874    1368.8093
     875    1375.6545
     876    1375.7621
     877    1368.7483
     878    1356.7283
     879    1343.6390
     880    1333.9344
     881    1331.0574
     882    1336.1943
     883    1347.7751
     884    1361.9611
     885    1374.0000
     886    1379.9637
     887    1378.2096
     888    1370.0077
     889    1359.0861
     890    1350.2736
     891    1347.7243
     892    1353.3373
     893    1365.8998
     894    1381.2439
     895    1393.4277
     896    1396.6690
     897    1387.4492
     898    1366.0003
     899    1336.4920
     900    1305.7405
     901    1280.8854
     902    1266.9227
     903    1265.0187
     904    1272.2304
     905    1282.7115
     906    1289.9402
     907    1289.1243
     908    1278.9052
     909    1261.7469
     910    1242.9038
     911    1228.4012
     912    1222.8211
     913    1227.7270
     914    1241.2859
     915    1259.1658
     916    1276.2962
     917    1288.7527
     918    1295.0314
     919    1296.2860
     920    1295.5352
     921    1296.2295
     922    1300.7816
     923    1309.6675
     924    1321.4441
     925    1333.5843
     926    1343.6522
     927    1350.2533
     928    1353.3691
     929    1354.0082
     930    1353.4049
     931    1352.1968
     932    1350.0148
     933    1345.6979
     934    1338.0336
     935    1326.6564
     936    1312.6496
     937    1298.5159
     938    1287.4744
     939    1282.3515
     940    1284.5203
     941    1293.3025
     942    1306.0733
     943    1319.0498
     944    1328.5017
     945    1331.9866
     946    1329.2043
     947    1322.1863
     948    1314.7257
     949    1311.1531
     950    1314.8061
     951    1326.7184
     952    1345.0602
     953    1365.6241
     954    1383.2316
     955    1393.5396
     956    1394.5622
     957    1387.3272
     958    1375.4411
     959    1363.7601
     960    1356.6993
     961    1356.7975
     962    1364.0196
     963    1375.9586
     964    1388.8094
     965    1398.7273
     966    1403.0742
     967    1401.1123
     968    1393.9202
     969    1383.6243
     970    1372.3032
     971    1361.0402
     972    1349.5359
     973    1336.4843
     974    1320.5761
     975    1301.6568
     976    1281.4094
     977    1263.0702
     978    1250.1710
     979    1244.8669
     980    1246.7314
     981    1252.6270
     982    1257.7004
     983    1257.1358
     984    1248.1352
     985    1231.4673
     986    1211.9283
     987    1197.3337
     988    1196.1919
     989    1214.7520
     990    1254.4420
     991    1310.6421
     992    1373.3423
     993    1429.6508
     994    1467.4914
     995    1479.3331
     996    1464.6635
     997    1430.3130
     998    1388.4210
     999    1352.6470
    1000    1333.9228
    1001    1336.5672
    1002    1357.5519
    1003    1387.2725
    1004    1412.9832
    1005    1423.1230
    1006    1411.2144
    1007    1378.0781
    1008    1331.6506
    1009    1284.4688
    1010    1249.6381
    1011    1236.6031
    1012    1248.1226
    1013    1279.4525
    1014    1319.9969
    1015    1356.8137
    1016    1378.7568
    1017    1379.8679
    1018    1360.9505
    1019    1328.8970
    1020    1294.0983
    1021    1266.8724
    1022    1254.1242
    1023    1257.3134
    1024    1272.3376
    1025    1291.2842
    1026    1305.3914
    1027    1308.1731
    1028    1297.6463
    1029    1276.9076
    1030    1252.9213
    1031    1234.0684
    1032    1227.4151
    1033    1236.5389
    1034    1260.3936
    1035    1293.4708
    1036    1327.3735
    1037    1353.4449
    1038    1365.5078
    1039    1361.6480
    1040    1344.4459
    1041    1319.7406
    1042    1294.5181
    1043    1274.7266
    1044    1263.7317
    1045    1261.8143
    1046    1266.7228
    1047    1274.9620
    1048    1283.2938
    1049    1289.9162
    1050    1294.9611
    1051    1300.2253
    1052    1308.3430
    1053    1321.8237
    1054    1342.3242
    1055    1370.2318
    1056    1404.4197
    1057    1442.1120
    1058    1478.9587
    1059    1509.4537
    1060    1527.7627
    1061    1528.8912
    1062    1509.9740
    1063    1471.3429
    1064    1417.0004
    1065    1354.1931
    1066    1292.0134
    1067    1239.2870
    1068    1202.3214
    1069    1183.2437
    1070    1179.5274
    1071    1184.9478
    1072    1191.7030
    1073    1193.0618
    1074    1185.7308
    1075    1171.1680
    1076    1155.3086
    1077    1146.5995
    1078    1152.8635
    1079    1178.0514
    1080    1220.1536
    1081    1271.1800
    1082    1319.3549
    1083    1352.8063
    1084    1363.4615
    1085    1349.7947
    1086    1317.4592
    1087    1277.5480
    1088    1243.0555
    1089    1224.7352
    1090    1227.7648
    1091    1250.3281
    1092    1284.5606
    1093    1319.4988
    1094    1344.9731
    1095    1355.0742
    1096    1349.9697
    1097    1335.4486
    1098    1320.4266
    1099    1313.3919
    1100    1319.1362
    1101    1336.9329
    1102    1360.7773
    1103    1381.5690
    1104    1390.4335
    1105    1382.0246
    1106    1356.6324
    1107    1320.3405
    1108    1283.1638
    1109    1255.8427
    1110    1246.4426
    1111    1257.9338
    1112    1287.5207
    1113    1327.8112
    1114    1369.2996
    1115    1403.2590
    1116    1424.1427
    1117    1430.8055
    1118    1426.2150
    1119    1415.8309
    1120    1405.2812
    1121    1398.1862
    1122    1394.8734
    1123    1392.4371
    1124    1386.0770
    1125    1371.1353
    1126    1344.9689
    1127    1307.9930
    1128    1263.6362
    1129    1217.3750
    1130    1175.2714
    1131    1142.5158
    1132    1122.3809
    1133    1115.7698
    1134    1121.3548
    1135    1136.1596
    1136    1156.4015
    1137    1178.3928
    1138    1199.3005
    1139    1217.5740
    1140    1232.9526
    1141    1246.1908
    1142    1258.7326
    1143    1272.3621
    1144    1288.6993
    1145    1308.5483
    1146    1331.3527
    1147    1355.0416
    1148    1376.4225
    1149    1392.0329
    1150    1399.1506
    1151    1396.6376
    1152    1385.3860
    1153    1368.2542
    1154    1349.4522
    1155    1333.4715
    1156    1323.8038
    1157    1321.8489
    1158    1326.3933
    1159    1333.8868
    1160    1339.4763
    1161    1338.5246
    1162    1328.1458
    1163    1308.2792
    1164    1281.9024
    1165    1254.2450
    1166    1231.2086
    1167    1217.5072
    1168    1215.1900
    1169    1223.0508
    1170    1237.0609
    1171    1251.6361
    1172    1261.3612
    1173    1262.7034
    1174    1255.2332
    1175    1241.9311
    1176    1228.4062
    1177    1221.1623
    1178    1225.4447
    1179    1243.4019
    1180    1273.2372
    1181    1309.6387
    1182    1345.3125
    1183    1373.0686
    1184    1387.7616
    1185    1387.4840
    1186    1373.7065
    1187    1350.4417
    1188    1322.8054
    1189    1295.4878
    1190    1271.6098
    1191    1252.3023
    1192    1237.0356
    1193    1224.4563
    1194    1213.3140
    1195    1203.1259
    1196    1194.3863
    1197    1188.3314
    1198    1186.4307
    1199    1189.8415
    1200    1199.0503
    1201    1213.8024
    1202    1233.2530
    1203    1256.1541
    1204    1280.9269
    1205    1305.6420
    1206    1328.0443
    1207    1345.7309
    1208    1356.5251
    1209    1359.0180
    1210    1353.1529
    1211    1340.6308
    1212    1324.8765
    1213    1310.4031
    1214    1301.6462
    1215    1301.6032
    1216    1310.7699
    1217    1326.8273
    1218    1345.2616
    1219    1360.7556
    1220    1368.8696
    1221    1367.4045
    1222    1356.9797
    1223    1340.6833
    1224    1322.9772
    1225    1308.2043
    1226    1299.1374
    1227    1296.0460
    1228    1296.6431
    1229    1296.9735
    1230    1292.9372
    1231    1281.8914
    1232    1263.7659
    1233    1241.2959
    1234    1219.2743
    1235    1203.0312
    1236    1196.6238
    1237    1201.3962
    1238    1215.5106
    1239    1234.6385
    1240    1253.4862
    1241    1267.5668
    1242    1274.6295
    1243    1275.3008
    1244    1272.7463
    1245    1271.4958
    1246    1275.8443
    1247    1288.4027
    1248    1309.2730
    1249    1336.0856
    1250    1364.7980
    1251    1390.9007
    1252    1410.5655
    1253    1421.3407
    1254    1422.2975
    1255    1413.8039
    1256    1397.2327
    1257    1374.7621
    1258    1349.2053
    1259    1323.6648
    1260    1300.8535
    1261    1282.2250
    1262    1267.4578
    1263    1254.7248
    1264    1241.6100
    1265    1226.2105
    1266    1208.0889
    1267    1188.8552
    1268    1172.1819
    1269    1163.1437
    1270    1166.9242
    1271    1187.1136
    1272    1224.0379
    1273    1273.8152
    1274    1328.7955
    1275    1379.4347
    1276    1416.9056
    1277    1435.5008
    1278    1434.1212
    1279    1416.4791
    1280    1389.9418
    1281    1363.2888
    1282    1343.9891
    1283    1335.8014
    1284    1337.4957
    1285    1343.2216
    1286    1344.5060
    1287    1333.2555
    1288    1304.7870
    1289    1259.8980
    1290    1205.2718
    1291    1151.9729
    1292    1112.3777
    1293    1096.4044
    1294    1108.2219
    1295    1144.5695
    1296    1195.3784
    1297    1246.6461
    1298    1284.7125
    1299    1300.5573
    1300    1292.6472
    1301    1267.3173
    1302    1236.5097
    1303    1213.6059
    1304    1208.7598
    1305    1225.3318
    1306    1258.6622
    1307    1297.6250
    1308    1328.4716
    1309    1339.6982
    1310    1326.2689
    1311    1291.6524
    1312    1246.8730
    1313    1206.9026
    1314    1185.6722
    1315    1191.4628
    1316    1224.2181
    1317    1275.6335
    1318    1331.9161
    1319    1378.2335
    1320    1403.3482
    1321    1402.9185
    1322    1380.4327
    1323    1345.5708
    1324    1310.6632
    1325    1286.5452
    1326    1279.2301
    1327    1288.4457
    1328    1308.3695
    1329    1330.1225
    1330    1345.0270
    1331    1347.4383
    1332    1336.1798
    1333    1314.2322
    1334    1287.1230
    1335    1260.9431
    1336    1240.7551
    1337    1229.6710
    1338    1228.5801
    1339    1236.3746
    1340    1250.4648
    1341    1267.3892
    1342    1283.4040
    1343    1295.0613
    1344    1299.8110
    1345    1296.6251
    1346    1286.4773
    1347    1272.4255
    1348    1259.0566
    1349    1251.2587
    1350    1252.5773
    1351    1263.6802
    1352    1281.5665
    1353    1299.9887
    1354    1311.2210
    1355    1308.7568
    1356    1289.9943
    1357    1257.7987
    1358    1220.1623
    1359    1187.9062
    1360    1171.1112
    1361    1175.5140
    1362    1200.1848
    1363    1237.3878
    1364    1274.7983
    1365    1299.4386
    1366    1302.0763
    1367    1280.5854
    1368    1241.0599
    1369    1196.1429
    1370    1160.9833
    1371    1148.0955
    1372    1162.9356
    1373    1201.8810
    1374    1253.4417
    1375    1302.2524
    1376    1334.3745
    1377    1342.0261
    1378    1326.1237
    1379    1295.7979
    1380    1265.0800
    1381    1247.9121
    1382    1253.1888
    1383    1281.5384
    1384    1324.9676
    1385    1369.5348
    1386    1400.1520
    1387    1405.8302
    1388    1383.5065
    1389    1339.0839
    1390    1285.3532
    1391    1237.5568
    1392    1208.1829
    1393    1202.8228
    1394    1218.5420
    1395    1245.3208
    1396    1269.9980
    1397    1281.2244
    1398    1273.4877
    1399    1248.7097
    1400    1215.1424
    1401    1184.4027
    1402    1167.6359
    1403    1171.7541
    1404    1196.9371
    1405    1236.4155
    1406    1278.7096
    1407    1311.5398
    1408    1325.9988
    1409    1319.5048
    1410    1296.4860
    1411    1266.5974
    1412    1241.1379
    1413    1228.9851
    1414    1233.5330
    1415    1251.7189
    1416    1275.4447
    1417    1294.7774
    1418    1301.6868
    1419    1292.9284
    1420    1271.0596
    1421    1243.2994
    1422    1218.7362
    1423    1204.9675
    1424    1205.4406
    1425    1218.4477
    1426    1238.0633
    1427    1256.5569
    1428    1267.2997
    1429    1267.0668
    1430    1256.9444
    1431    1241.6174
    1432    1227.4225
    1433    1219.9849
    1434    1222.3411
    1435    1234.1619
    1436    1252.2001
    1437    1271.6514
    1438    1287.8624
    1439    1297.7598
    1440    1300.5444
    1441    1297.5035
    1442    1291.1466
    1443    1284.0830
    1444    1278.0899
    1445    1273.6797
    1446    1270.2616
    1447    1266.7536
    1448    1262.3469
    1449    1257.0735
    1450    1251.9044
    1451    1248.3119
    1452    1247.4723
    1453    1249.4869
    1454    1253.0333
    1455    1255.6894
    1456    1254.8250
    1457    1248.6647
    1458    1237.0569
    1459    1221.6577
    1460    1205.4754
    1461    1191.9120
    1462    1183.6262
    1463    1181.6546
    1464    1185.1606
    1465    1191.8730
    1466    1198.9625
    1467    1204.0012
    1468    1205.7449
    1469    1204.5478
    1470    1202.2416
    1471    1201.4329
    1472    1204.4557
    1473    1212.4559
    1474    1225.0246
    1475    1240.4745
    1476    1256.4925
    1477    1270.8039
    1478    1281.6254
    1479    1287.8867
    1480    1289.3135
    1481    1286.4126
    1482    1280.3245
    1483    1272.5186
    1484    1264.4277
    1485    1257.1754
    1486    1251.4718
    1487    1247.6098
    1488    1245.4225
    1489    1244.2037
    1490    1242.6946
    1491    1239.2936
    1492    1232.5518
    1493    1221.8700
    1494    1208.1783
    1495    1194.2872
    1496    1184.5997
    1497    1184.0455
    1498    1196.4432
    1499    1222.8720
    1500    1260.8083
    1501    1304.5186
    1502    1346.6101
    1503    1380.1191
    1504    1400.4166
    1505    1406.3767
    1506    1400.4696
    1507    1387.6898
    1508    1373.5947
    1509    1362.1765
    1510    1354.4231
    1511    1348.1046
    1512    1338.7686
    1513    1321.5343
    1514    1293.0828
    1515    1253.2086
    1516    1205.4138
    1517    1156.2588
    1518    1113.5916
    1519    1084.2452
    1520    1072.0931
    1521    1077.2184
    1522    1096.3938
    1523    1124.4746
    1524    1156.0379
    1525    1186.6711
    1526    1213.6429
    1527    1235.9909
    1528    1254.1858
    1529    1269.5170
    1530    1283.3525
    1531    1296.4708
    1532    1308.6587
    1533    1318.6879
    1534    1324.6613
    1535    1324.6122
    1536    1317.1875
    1537    1302.2430
    1538    1281.1885
    1539    1256.9413
    1540    1233.4300
    1541    1214.7073
    1542    1203.9270
    1543    1202.5094
    1544    1209.7946
    1545    1223.2877
    1546    1239.4110
    1547    1254.5213
    1548    1265.8963
    1549    1272.4102
    1550    1274.7065
    1551    1274.8323
    1552    1275.4581
    1553    1278.9215
    1554    1286.3655
    1555    1297.2232
    1556    1309.2258
    1557    1318.9839
    1558    1322.9914
    1559    1318.7359
    1560    1305.5225
    1561    1284.7153
    1562    1259.2806
    1563    1232.7840
    1564    1208.2192
    1565    1187.1446
    1566    1169.4524
    1567    1153.8036
    1568    1138.5052
    1569    1122.5238
    1570    1106.3011
    1571    1092.0717
    1572    1083.4690
    1573    1084.4222
    1574    1097.6570
    1575    1123.3444
    1576    1158.5117
    1577    1197.5566
    1578    1233.7726
    1579    1261.3783
    1580    1277.3328
    1581    1282.2958
    1582    1280.3684
    1583    1277.6567
    1584    1280.1091
    1585    1291.3321
    1586    1311.1328
    1587    1335.2925
    1588    1356.6877
    1589    1367.4512
    1590    1361.5292
    1591    1336.8545
    1592    1296.4204
    1593    1247.8500
    1594    1201.4875
    1595    1167.5484
    1596    1153.1803
    1597    1160.3498
    1598    1185.2091
    1599    1219.1697
    1600    1251.4315
    1601    1272.2537
    1602    1275.9387
    1603    1262.4896
    1604    1237.3610
    1605    1209.4152
    1606    1187.8136
    1607    1178.8974
    1608    1184.1170
    1609    1199.6973
    1610    1218.1303
    1611    1230.9463
    1612    1231.7907
    1613    1218.7413
    1614    1195.0958
    1615    1168.3628
    1616    1147.7721
    1617    1141.1079
    1618    1151.9879
    1619    1178.6204
    1620    1214.4754
    1621    1250.4733
    1622    1277.8284
    1623    1290.6535
    1624    1287.6186
    1625    1272.2242
    1626    1251.5839
    1627    1234.0659
    1628    1226.5103
    1629    1231.9329
    1630    1248.5155
    1631    1270.2762
    1632    1289.2270
    1633    1298.2677
    1634    1293.7389
    1635    1276.6306
    1636    1251.9785
    1637    1226.7720
    1638    1207.3704
    1639    1197.5116
    1640    1197.5021
    1641    1204.6461
    1642    1214.6330
    1643    1223.3592
    1644    1228.4906
    1645    1230.1726
    1646    1230.6577
    1647    1233.0505
    1648    1239.7231
    1649    1251.0995
    1650    1265.3329
    1651    1278.9901
    1652    1288.4057
    1653    1291.1117
    1654    1286.7293
    1655    1276.9415
    1656    1264.5632
    1657    1252.1836
    1658    1241.0675
    1659    1230.8546
    1660    1220.1380
    1661    1207.5666
    1662    1192.9094
    1663    1177.5736
    1664    1164.3192
    1665    1156.2743
    1666    1155.6421
    1667    1162.6442
    1668    1175.1931
    1669    1189.4972
    1670    1201.4142
    1671    1208.0408
    1672    1208.9228
    1673    1206.3968
    1674    1204.8834
    1675    1209.2833
    1676    1222.9153
    1677    1245.6933
    1678    1273.3669
    1679    1298.4315
    1680    1312.5255
    1681    1309.3563
    1682    1287.0200
    1683    1248.9389
    1684    1203.1338
    1685    1160.0140
    1686    1129.2915
    1687    1116.9548
    1688    1123.3045
    1689    1142.8091
    1690    1165.9298
    1691    1182.3562
    1692    1184.5478
    1693    1170.3476
    1694    1143.7438
    1695    1113.5412
    1696    1090.4014
    1697    1083.2851
    1698    1096.4954
    1699    1128.3073
    1700    1171.6044
    1701    1216.2600
    1702    1252.4336
    1703    1273.6529
    1704    1278.6421
    1705    1271.3251
    1706    1259.0967
    1707    1250.0729
    1708    1250.3354
    1709    1262.1009
    1710    1283.3226
    1711    1308.6999
    1712    1331.5987
    1713    1346.1782
    1714    1349.0209
    1715    1339.8278
    1716    1321.0728
    1717    1296.8695
    1718    1271.5158
    1719    1248.2529
    1720    1228.6341
    1721    1212.6139
    1722    1199.1852
    1723    1187.1902
    1724    1175.9103
    1725    1165.2031
    1726    1155.2178
    1727    1145.9609
    1728    1137.0556
    1729    1127.9293
    1730    1118.4153
    1731    1109.4694
    1732    1103.5525
    1733    1104.3048
    1734    1115.4297
    1735    1139.1029
    1736    1174.5154
    1737    1217.2385
    1738    1259.8627
    1739    1293.8984
    1740    1312.3996
    1741    1312.3844
    1742    1296.0921
    1743    1270.4580
    1744    1244.8389
    1745    1227.7411
    1746    1223.7648
    1747    1231.9342
    1748    1246.0675
    1749    1257.0795
    1750    1256.4314
    1751    1239.5289
    1752    1207.8512
    1753    1168.9768
    1754    1134.3744
    1755    1115.6432
    1756    1120.5680
    1757    1150.4289
    1758    1199.4568
    1759    1256.4803
    1760    1308.1635
    1761    1342.8479
    1762    1353.8046
    1763    1340.8829
    1764    1310.0547
    1765    1271.1054
    1766    1234.3445
    1767    1207.4681
    1768    1193.5422
    1769    1190.6274
    1770    1192.9914
    1771    1193.3879
    1772    1185.6161
    1773    1166.5852
    1774    1137.3396
    1775    1102.8365
    1776    1070.6290
    1777    1048.8512
    1778    1044.0541
    1779    1059.4317
    1780    1093.8534
    1781    1141.9008
    1782    1194.8894
    1783    1242.6817
    1784    1275.9225
    1785    1288.2852
    1786    1278.2146
    1787    1249.6124
    1788    1211.0142
    1789    1173.2513
    1790    1146.2426
    1791    1135.9774
    1792    1142.7354
    1793    1161.1552
    1794    1182.1462
    1795    1196.0513
    1796    1196.0696
    1797    1180.8244
    1798    1155.1775
    1799    1128.9221
    1800    1113.7016
    1801    1119.1333
    1802    1149.4243
    1803    1201.6244
    1804    1266.1047
    1805    1329.1445
    1806    1376.8608
    1807    1399.3001
    1808    1393.4303
    1809    1364.0583
    1810    1322.3168
    1811    1282.1455
    1812    1255.8638
    1813    1250.2625
    1814    1264.5115
    1815    1290.5805
    1816    1316.0106
    1817    1328.1064
    1818    1318.1562
    1819    1284.3062
    1820    1232.1537
    1821    1172.8896
    1822    1119.6732
    1823    1083.4975
    1824    1069.9329
    1825    1077.7603
    1826    1099.8331
    1827    1125.7578
    1828    1145.4118
    1829    1152.1420
    1830    1144.7030
    1831    1127.4116
    1832    1108.4844
    1833    1097.1210
    1834    1100.3469
    1835    1120.7150
    1836    1155.5850
    1837    1198.1166
    1838    1239.5441
    1839    1271.9341
    1840    1290.4715
    1841    1294.5166
    1842    1287.1602
    1843    1273.5869
    1844    1258.9915
    1845    1246.9154
    1846    1238.5690
    1847    1233.2052
    1848    1229.1489
    1849    1224.9533
    1850    1220.1951
    1851    1215.6184
    1852    1212.5359
    1853    1211.7049
    1854    1212.3397
    1855    1212.1263
    1856    1208.4324
    1857    1199.9502
    1858    1187.7689
    1859    1175.3528
    1860    1167.4405
    1861    1168.2591
    1862    1179.6850
    1863    1200.0416
    1864    1224.0748
    1865    1244.2704
    1866    1253.1821
    1867    1246.0195
    1868    1222.5954
    1869    1187.8420
    1870    1150.5771
    1871    1120.7871
    1872    1106.2856
    1873    1109.9682
    1874    1128.8648
    1875    1155.5086
    1876    1180.9780
    1877    1198.2296
    1878    1204.4450
    1879    1201.6596
    1880    1195.5862
    1881    1193.1312
    1882    1199.5669
    1883    1216.4149
    1884    1240.8203
    1885    1266.5983
    1886    1286.5049
    1887    1294.8555
    1888    1289.5109
    1889    1272.5290
    1890    1249.2846
    1891    1226.4429
    1892    1209.5503
    1893    1201.1389
    1894    1200.0234
    1895    1202.0282
    1896    1201.8323
    1897    1195.2074
    1898    1180.7794
    1899    1160.6376
    1900    1139.5530
    1901    1123.1143
    1902    1115.5404
    1903    1118.0498
    1904    1128.4839
    1905    1142.3555
    1906    1154.8718
    1907    1163.0193
    1908    1166.7432
    1909    1168.6658
    1910    1172.5250
    1911    1181.1766
    1912    1195.1413
    1913    1212.2409
    1914    1228.3017
    1915    1238.6046
    1916    1239.5968
    1917    1230.3113
    1918    1212.9740
    1919    1192.5156
    1920    1175.0830
    1921    1165.9997
    1922    1167.8406
    1923    1179.3369
    1924    1195.6516
    1925    1210.0704
    1926    1216.5474
    1927    1212.1251
    1928    1198.2413
    1929    1180.3176
    1930    1165.6128
    1931    1160.1381
    1932    1166.0374
    1933    1180.6951
    1934    1197.8426
    1935    1209.9603
    1936    1210.9524
    1937    1198.2446
    1938    1173.7224
    1939    1143.2351
    1940    1114.7782
    1941    1095.9000
    1942    1091.1674
    1943    1100.5595
    1944    1119.3914
    1945    1139.8726
    1946    1153.8288
    1947    1155.6729
    1948    1144.5811
    1949    1125.0540
    1950    1105.5655
    1951    1095.6664
    1952    1102.5167
    1953    1128.1541
    1954    1168.5966
    1955    1215.1431
    1956    1257.3290
    1957    1286.3802
    1958    1297.9153
    1959    1293.0295
    1960    1277.5077
    1961    1259.5492
    1962    1246.8415
    1963    1243.9803
    1964    1251.0481
    1965    1263.7650
    1966    1275.0847
    1967    1277.6360
    1968    1266.1866
    1969    1239.3339
    1970    1199.9411
    1971    1154.2648
    1972    1110.1451
    1973    1074.8782
    1974    1053.4422
    1975    1047.5711
    1976    1055.8542
    1977    1074.6558
    1978    1099.4019
    1979    1125.7512
    1980    1150.3840
    1981    1171.3843
    1982    1188.2613
    1983    1201.6150
    1984    1212.5049
    1985    1221.7100
    1986    1229.1155
    1987    1233.4246
    1988    1232.3266
    1989    1223.1573
    1990    1203.9341
    1991    1174.4390
    1992    1136.9060
    1993    1095.9928
    1994    1057.9892
    1995    1029.4725
    1996    1015.8021
    1997    1019.8661
    1998    1041.3964
    1999    1077.0299
    2000    1121.1354
