#Frame              T
       1    2969.3703
       2    2830.6834
       3    2612.2875
       4    2356.7612
       5    2108.4586
       6    1901.3671
       7    1751.2948
       8    1654.6884
       9    1593.8501
      10    1546.0473
      11    1493.0310
      12    1427.9772
      13    1357.9624
      14    1301.2383
      15    1280.1195
      16    1312.0419
      17    1402.1660
      18    1540.2094
      19    1702.4547
      20    1858.0488
      21    1977.4112
      22    2040.0697
      23    2039.6009
      24    1984.3682
      25    1894.0908
      26    1793.5660
      27    1705.5992
      28    1645.2855
      29    1617.1895
      30    1615.9417
      31    1629.6978
      32    1645.0779
      33    1651.8965
      34    1646.2359
      35    1631.0944
      36    1614.6528
      37    1606.9300
      38    1616.0239
      39    1645.1709
      40    1691.5100
      41    1746.8153
      42    1799.7987
      43    1839.1260
      44    1856.2208
      45    1847.1779
      46    1813.4558
      47    1761.3249
      48    1700.2882
      49    1640.8842
      50    1592.3637
      51    1560.7300
      52    1547.5931
      53    1550.1402
      54    1562.2113
      55    1576.1169
      56    1584.7037
      57    1583.2636
      58    1570.8895
      59    1550.8185
      60    1529.3514
      61    1513.5059
      62    1508.4983
      63    1516.2548
      64    1535.1313
      65    1560.4153
      66    1585.4388
      67    1603.2533
      68    1608.5494
      69    1599.2510
      70    1577.2453
      71    1547.9623
      72    1518.8877
      73    1497.4341
      74    1488.7605
      75    1494.1734
      76    1510.6413
      77    1531.8303
      78    1550.5622
      79    1561.7518
      80    1564.4773
      81    1562.3043
      82    1561.8127
      83    1569.9527
      84    1591.1651
      85    1625.2739
      86    1666.9450
      87    1706.9903
      88    1735.0991
      89    1743.0496
      90    1727.3619
      91    1690.6367
      92    1641.2373
      93    1591.1674
      94    1552.2678
      95    1532.0812
      96    1531.7797
      97    1546.9205
      98    1569.8014
      99    1592.2912
     100    1608.3549
     101    1615.5527
     102    1615.1929
     103    1611.2860
     104    1608.7645
     105    1611.5776
     106    1621.2501
     107    1636.2943
     108    1652.5814
     109    1664.5461
     110    1666.9365
     111    1656.6261
     112    1633.9343
     113    1603.0151
     114    1571.1491
     115    1547.0092
     116    1538.2359
     117    1548.9362
     118    1577.9131
     119    1618.3388
     120    1659.1879
     121    1688.2074
     122    1695.6812
     123    1677.8498
     124    1638.7371
     125    1589.4719
     126    1545.0197
     127    1519.2736
     128    1520.1895
     129    1546.7845
     130    1589.2093
     131    1631.9660
     132    1659.1657
     133    1659.9785
     134    1632.3603
     135    1583.7560
     136    1528.6176
     137    1483.7203
     138    1462.8529
     139    1472.3024
     140    1508.4411
     141    1558.7852
     142    1606.6095
     143    1636.9270
     144    1641.2426
     145    1619.6927
     146    1580.2234
     147    1535.2946
     148    1497.3356
     149    1474.5721
     150    1468.6631
     151    1474.8918
     152    1484.7155
     153    1489.6146
     154    1484.6765
     155    1470.4943
     156    1452.6860
     157    1439.3729
     158    1437.7951
     159    1451.4819
     160    1479.0154
     161    1514.6817
     162    1550.5940
     163    1579.4170
     164    1596.6964
     165    1602.0127
     166    1598.6043
     167    1591.6515
     168    1585.9145
     169    1583.6870
     170    1583.9310
     171    1582.9133
     172    1576.0217
     173    1559.9472
     174    1534.3553
     175    1502.3762
     176    1469.7214
     177    1442.7581
     178    1426.2883
     179    1421.8736
     180    1427.2970
     181    1437.3566
     182    1445.7650
     183    1447.5234
     184    1440.8068
     185    1427.5625
     186    1412.5963
     187    1401.6232
     188    1399.1001
     189    1406.6499
     190    1422.5898
     191    1442.6646
     192    1461.6963
     193    1475.5688
     194    1482.8586
     195    1485.5065
     196    1488.2128
     197    1496.6876
     198    1515.3344
     199    1545.2159
     200    1583.1338
     201    1622.2939
     202    1654.4383
     203    1672.7107
     204    1674.1418
     205    1660.7350
     206    1638.6773
     207    1615.9516
     208    1599.3087
     209    1591.8011
     210    1591.8478
     211    1594.1625
     212    1592.1387
     213    1580.7306
     214    1558.6887
     215    1529.2441
     216    1498.9527
     217    1475.1906
     218    1463.3409
     219    1464.7944
     220    1476.5260
     221    1492.4000
     222    1505.6715
     223    1511.6467
     224    1509.3960
     225    1501.9046
     226    1494.7386
     227    1493.7706
     228    1502.7493
     229    1521.6280
     230    1546.4401
     231    1570.8846
     232    1588.9811
     233    1597.6198
     234    1597.8197
     235    1594.0968
     236    1592.1949
     237    1596.2176
     238    1606.4351
     239    1618.7471
     240    1626.1100
     241    1621.4192
     242    1600.6833
     243    1565.1493
     244    1521.4263
     245    1479.4955
     246    1449.3497
     247    1437.5259
     248    1444.8666
     249    1466.3967
     250    1493.4058
     251    1516.9087
     252    1531.0612
     253    1535.1298
     254    1533.2050
     255    1531.7895
     256    1536.3483
     257    1548.4008
     258    1564.4855
     259    1577.3285
     260    1578.6195
     261    1562.2746
     262    1526.9951
     263    1477.2164
     264    1422.1186
     265    1373.0750
     266    1340.4095
     267    1330.5232
     268    1344.2918
     269    1377.2008
     270    1421.0890
     271    1466.7839
     272    1506.6782
     273    1536.4553
     274    1555.5691
     275    1566.4770
     276    1572.9555
     277    1578.1055
     278    1582.7694
     279    1584.9898
     280    1580.7387
     281    1565.5571
     282    1536.3112
     283    1492.4098
     284    1436.4431
     285    1374.3189
     286    1314.4705
     287    1265.8380
     288    1235.2322
     289    1225.2802
     290    1233.8818
     291    1255.3709
     292    1282.8473
     293    1310.7269
     294    1336.5019
     295    1361.0222
     296    1387.1975
     297    1417.7166
     298    1452.8452
     299    1489.3537
     300    1521.1291
     301    1541.2311
     302    1544.5547
     303    1530.0720
     304    1501.8371
     305    1468.3110
     306    1440.0659
     307    1426.5113
     308    1432.7357
     309    1457.6644
     310    1494.3555
     311    1532.4709
     312    1562.0444
     313    1577.0247
     314    1577.1335
     315    1567.3528
     316    1555.3829
     317    1548.1866
     318    1549.0463
     319    1556.2767
     320    1564.0123
     321    1564.5995
     322    1551.5772
     323    1522.1756
     324    1478.5705
     325    1427.4860
     326    1378.2065
     327    1339.6414
     328    1317.5324
     329    1312.8844
     330    1322.1333
     331    1338.7619
     332    1355.5897
     333    1366.9847
     334    1370.4721
     335    1367.3178
     336    1361.8696
     337    1359.8944
     338    1366.6021
     339    1385.0616
     340    1415.3879
     341    1454.7195
     342    1497.8483
     343    1538.2710
     344    1569.4482
     345    1586.0823
     346    1585.2655
     347    1567.2944
     348    1535.8907
     349    1497.6180
     350    1460.4214
     351    1431.5513
     352    1415.6041
     353    1413.5626
     354    1423.0855
     355    1439.5993
     356    1457.6301
     357    1472.0667
     358    1479.2275
     359    1477.6153
     360    1468.1927
     361    1454.0081
     362    1439.1903
     363    1427.6568
     364    1422.0083
     365    1422.9606
     366    1429.3620
     367    1438.6494
     368    1447.6218
     369    1453.4451
     370    1454.6664
     371    1451.8505
     372    1447.4991
     373    1445.1867
     374    1448.2302
     375    1458.4534
     376    1475.4710
     377    1496.6108
     378    1517.4590
     379    1532.9462
     380    1538.7326
     381    1532.4822
     382    1514.5791
     383    1488.0276
     384    1457.5403
     385    1428.0980
     386    1403.4355
     387    1384.9731
     388    1371.5967
     389    1360.4116
     390    1348.2208
     391    1333.1727
     392    1315.9347
     393    1299.9031
     394    1290.2918
     395    1292.3306
     396    1309.1451
     397    1340.0966
     398    1380.2884
     399    1421.5479
     400    1454.6083
     401    1471.7710
     402    1469.1452
     403    1447.7176
     404    1412.9095
     405    1372.7830
     406    1335.4948
     407    1306.8340
     408    1288.6707
     409    1278.8379
     410    1272.4542
     411    1264.1780
     412    1250.5715
     413    1231.7409
     414    1211.6834
     415    1197.2208
     416    1195.8409
     417    1213.1329
     418    1250.6455
     419    1304.9089
     420    1368.0073
     421    1429.5873
     422    1479.6669
     423    1511.3455
     424    1522.5752
     425    1516.5037
     426    1500.3541
     427    1483.2278
     428    1473.4331
     429    1475.9840
     430    1490.9763
     431    1513.5392
     432    1535.5415
     433    1548.4292
     434    1546.1591
     435    1527.3260
     436    1495.8497
     437    1459.9359
     438    1429.5138
     439    1412.9303
     440    1414.0724
     441    1431.0241
     442    1456.7159
     443    1481.2871
     444    1495.3419
     445    1493.0390
     446    1474.0185
     447    1443.5010
     448    1410.4936
     449    1384.6998
     450    1373.1998
     451    1378.0817
     452    1395.8608
     453    1418.8954
     454    1438.2752
     455    1447.1122
     456    1442.9978
     457    1428.6810
     458    1410.7447
     459    1396.8888
     460    1392.9526
     461    1400.7460
     462    1417.3592
     463    1436.1602
     464    1449.1857
     465    1450.1119
     466    1436.7067
     467    1411.8193
     468    1382.5660
     469    1358.0738
     470    1346.6361
     471    1353.2056
     472    1377.8168
     473    1415.2976
     474    1456.6256
     475    1491.8549
     476    1513.4054
     477    1518.1152
     478    1507.3672
     479    1485.6997
     480    1458.7944
     481    1431.6965
     482    1407.7072
     483    1388.0325
     484    1372.0992
     485    1358.4814
     486    1346.3020
     487    1336.3199
     488    1330.1773
     489    1328.2311
     490    1329.4423
     491    1333.5761
     492    1342.2002
     493    1357.6812
     494    1381.6211
     495    1413.6219
     496    1450.6674
     497    1487.3099
     498    1516.7525
     499    1532.6489
     500    1531.0892
     501    1512.0222
     502    1479.4760
     503    1440.4024
     504    1402.5491
     505    1372.1302
     506    1352.0648
     507    1341.3197
     508    1335.5647
     509    1328.9725
     510    1316.6122
     511    1296.6324
     512    1271.4195
     513    1247.1966
     514    1232.0814
     515    1233.2148
     516    1253.9736
     517    1292.3609
     518    1341.2891
     519    1390.6671
     520    1430.4498
     521    1453.5806
     522    1457.9968
     523    1447.1626
     524    1428.8786
     525    1412.6257
     526    1406.3062
     527    1413.5329
     528    1432.4249
     529    1456.3418
     530    1476.2959
     531    1484.1969
     532    1475.8062
     533    1452.3891
     534    1420.4999
     535    1389.9853
     536    1370.8301
     537    1369.8376
     538    1388.2170
     539    1420.9121
     540    1457.9538
     541    1487.4972
     542    1499.7133
     543    1490.2922
     544    1462.1689
     545    1424.6411
     546    1390.1346
     547    1369.8125
     548    1369.6217
     549    1388.1851
     550    1417.3121
     551    1444.9530
     552    1459.5579
     553    1454.2971
     554    1429.6323
     555    1393.2911
     556    1357.5865
     557    1334.9846
     558    1333.5145
     559    1353.7494
     560    1388.5115
     561    1425.4153
     562    1451.2772
     563    1456.7621
     564    1439.6063
     565    1405.3262
     566    1365.2485
     567    1332.6293
     568    1318.2586
     569    1327.0451
     570    1356.6573
     571    1398.5259
     572    1440.7226
     573    1471.6668
     574    1483.4635
     575    1473.9056
     576    1446.6709
     577    1409.8307
     578    1373.2729
     579    1345.8850
     580    1333.2948
     581    1336.6930
     582    1352.9266
     583    1375.7117
     584    1397.5790
     585    1412.0270
     586    1415.3485
     587    1407.7063
     588    1393.1588
     589    1378.5842
     590    1371.7154
     591    1378.7766
     592    1402.3999
     593    1440.4708
     594    1486.3515
     595    1530.5246
     596    1563.2440
     597    1577.3836
     598    1570.5351
     599    1545.6208
     600    1509.8377
     601    1472.3374
     602    1441.4659
     603    1422.4145
     604    1415.9705
     605    1418.6886
     606    1424.4036
     607    1426.5542
     608    1420.5150
     609    1405.1490
     610    1383.1004
     611    1359.8030
     612    1341.5921
     613    1333.5821
     614    1338.0013
     615    1353.4896
     616    1375.5210
     617    1397.7760
     618    1414.0172
     619    1419.9304
     620    1414.4090
     621    1399.9003
     622    1381.6591
     623    1366.0602
     624    1358.4481
     625    1361.2292
     626    1372.9323
     627    1388.6372
     628    1401.6380
     629    1405.7645
     630    1397.5984
     631    1377.8876
     632    1351.6763
     633    1326.9930
     634    1312.3713
     635    1313.9488
     636    1333.2030
     637    1366.1929
     638    1404.5794
     639    1438.0505
     640    1457.3922
     641    1457.3226
     642    1438.2405
     643    1406.2602
     644    1371.3712
     645    1344.1637
     646    1332.1535
     647    1337.0318
     648    1353.9428
     649    1373.1449
     650    1383.5103
     651    1376.6503
     652    1350.2455
     653    1309.3806
     654    1265.3162
     655    1231.9661
     656    1221.2115
     657    1238.7063
     658    1281.7350
     659    1339.9238
     660    1398.5131
     661    1443.0155
     662    1463.7141
     663    1458.5788
     664    1433.6806
     665    1400.8529
     666    1373.2745
     667    1360.6208
     668    1365.8398
     669    1384.7125
     670    1407.8599
     671    1424.1210
     672    1424.2412
     673    1403.9404
     674    1365.5467
     675    1317.6886
     676    1273.0041
     677    1244.3930
     678    1240.8944
     679    1264.6225
     680    1309.9215
     681    1365.0209
     682    1415.5610
     683    1448.8639
     684    1457.7020
     685    1442.4649
     686    1411.0336
     687    1376.3249
     688    1352.2035
     689    1349.0066
     690    1370.1151
     691    1410.7213
     692    1459.2800
     693    1501.2031
     694    1523.5503
     695    1519.1105
     696    1488.5025
     697    1439.6752
     698    1385.0864
     699    1337.5964
     700    1306.4804
     701    1294.8393
     702    1299.1782
     703    1311.1663
     704    1320.8761
     705    1320.3594
     706    1306.3804
     707    1281.4688
     708    1253.0190
     709    1230.7960
     710    1223.7180
     711    1236.9956
     712    1270.5657
     713    1319.2418
     714    1374.4194
     715    1426.6425
     716    1468.1370
     717    1494.5438
     718    1505.4554
     719    1503.7794
     720    1494.3083
     721    1482.0622
     722    1470.9297
     723    1462.9248
     724    1458.1132
     725    1455.0787
     726    1451.6864
     727    1445.9103
     728    1436.5107
     729    1423.4248
     730    1407.8466
     731    1392.0270
     732    1378.8395
     733    1371.1530
     734    1371.0775
     735    1379.2377
     736    1394.2957
     737    1412.9367
     738    1430.4383
     739    1441.7542
     740    1442.8502
     741    1431.8777
     742    1409.7995
     743    1380.2359
     744    1348.5239
     745    1320.2236
     746    1299.5390
     747    1288.2422
     748    1285.4988
     749    1288.5805
     750    1294.1221
     751    1299.4419
     752    1303.5112
     753    1307.2841
     754    1313.2995
     755    1324.6835
     756    1343.8697
     757    1371.4339
     758    1405.3998
     759    1441.2723
     760    1472.8690
     761    1493.8173
     762    1499.3077
     763    1487.5641
     764    1460.5185
     765    1423.4218
     766    1383.4622
     767    1347.7617
     768    1321.3301
     769    1305.6429
     770    1298.3796
     771    1294.4854
     772    1288.2226
     773    1275.4776
     774    1255.4795
     775    1231.2979
     776    1208.9183
     777    1195.1665
     778    1195.1703
     779    1210.2607
     780    1237.1541
     781    1268.8345
     782    1296.9148
     783    1314.6412
     784    1319.3872
     785    1313.6342
     786    1303.9966
     787    1298.6268
     788    1303.9907
     789    1322.2538
     790    1350.3018
     791    1380.7960
     792    1404.8845
     793    1415.5402
     794    1410.2501
     795    1391.9946
     796    1368.0853
     797    1347.2511
     798    1336.1261
     799    1336.5823
     800    1345.0212
     801    1353.9133
     802    1354.9516
     803    1342.5436
     804    1316.2434
     805    1281.1301
     806    1245.9650
     807    1219.8821
     808    1208.9650
     809    1214.0119
     810    1230.1933
     811    1248.7511
     812    1260.4656
     813    1259.7263
     814    1247.2340
     815    1229.9082
     816    1218.0447
     817    1221.0044
     818    1243.2317
     819    1282.1975
     820    1329.0593
     821    1371.7438
     822    1399.2337
     823    1405.4312
     824    1391.1597
     825    1363.6379
     826    1333.7212
     827    1312.0135
     828    1305.2892
     829    1314.4718
     830    1334.7799
     831    1357.8367
     832    1374.8472
     833    1379.6377
     834    1370.5204
     835    1350.4613
     836    1325.7060
     837    1303.5228
     838    1289.9016
     839    1287.8820
     840    1296.8736
     841    1313.0348
     842    1330.5243
     843    1343.2440
     844    1346.5837
     845    1338.6645
     846    1320.7151
     847    1296.4993
     848    1271.0244
     849    1248.9972
     850    1233.5443
     851    1225.5776
     852    1223.9804
     853    1226.5174
     854    1231.1033
     855    1236.8353
     856    1244.2725
     857    1254.8362
     858    1269.7536
     859    1289.1786
     860    1311.8593
     861    1335.3389
     862    1356.5012
     863    1372.3082
     864    1380.5640
     865    1380.4970
     866    1372.9364
     867    1359.9868
     868    1344.3238
     869    1328.3974
     870    1313.8682
     871    1301.4694
     872    1291.2604
     873    1283.0542
     874    1276.7702
     875    1272.5531
     876    1270.6606
     877    1271.2443
     878    1274.1674
     879    1278.9494
     880    1284.8630
     881    1291.1336
     882    1297.1348
     883    1302.4633
     884    1306.8356
     885    1309.8469
     886    1310.7639
     887    1308.5344
     888    1302.1192
     889    1291.0782
     890    1276.1555
     891    1259.5435
     892    1244.5972
     893    1234.9888
     894    1233.5518
     895    1241.2104
     896    1256.4110
     897    1275.3513
     898    1293.0345
     899    1304.9059
     900    1308.5582
     901    1304.8786
     902    1298.0993
     903    1294.5664
     904    1300.5222
     905    1319.6390
     906    1351.2408
     907    1389.9739
     908    1427.1970
     909    1453.6850
     910    1462.7081
     911    1452.3448
     912    1426.1473
     913    1391.8937
     914    1358.8796
     915    1334.7520
     916    1323.0516
     917    1322.3301
     918    1327.0985
     919    1330.1974
     920    1325.7086
     921    1311.3763
     922    1289.6805
     923    1267.1481
     924    1252.0782
     925    1251.4060
     926    1267.8010
     927    1298.1372
     928    1334.0759
     929    1364.6930
     930    1380.2220
     931    1375.5122
     932    1351.9292
     933    1317.0366
     934    1282.1919
     935    1258.8907
     936    1255.0571
     937    1272.4650
     938    1306.1076
     939    1345.7371
     940    1379.1293
     941    1396.0021
     942    1391.2396
     943    1366.3217
     944    1328.5658
     945    1288.5785
     946    1256.8586
     947    1240.6729
     948    1242.1320
     949    1257.9650
     950    1280.9362
     951    1302.3868
     952    1315.0691
     953    1315.3752
     954    1304.2836
     955    1286.7810
     956    1270.0337
     957    1260.9926
     958    1264.2481
     959    1280.7519
     960    1307.6751
     961    1339.3193
     962    1368.7637
     963    1389.7664
     964    1398.3679
     965    1393.7435
     966    1378.1359
     967    1355.9892
     968    1332.6292
     969    1312.8892
     970    1300.0353
     971    1295.1962
     972    1297.3459
     973    1303.7799
     974    1310.9679
     975    1315.6126
     976    1315.6734
     977    1311.0779
     978    1303.8793
     979    1297.7587
     980    1296.9472
     981    1304.8404
     982    1322.6722
     983    1348.6438
     984    1377.8459
     985    1403.1826
     986    1417.2147
     987    1414.4727
     988    1393.5056
     989    1357.8940
     990    1315.7019
     991    1277.3460
     992    1252.4428
     993    1246.6346
     994    1259.5128
     995    1284.4673
     996    1310.6755
     997    1326.6903
     998    1324.4605
     999    1302.3686
    1000    1266.2406
    1001    1227.3561
    1002    1199.3447
    1003    1193.3117
    1004    1214.1114
    1005    1258.4850
    1006    1315.8229
    1007    1371.3654
    1008    1410.8407
    1009    1424.9964
    1010    1412.4826
    1011    1380.0931
    1012    1340.2969
    1013    1306.9486
    1014    1290.6648
    1015    1295.4225
    1016    1317.4715
    1017    1346.8791
    1018    1371.1947
    1019    1379.9995
    1020    1368.6909
    1021    1339.9915
    1022    1302.5840
    1023    1267.6973
    1024    1245.3661
    1025    1241.6517
    1026    1257.2644
    1027    1287.6960
    1028    1324.7916
    1029    1359.2837
    1030    1383.4836
    1031    1393.3080
    1032    1389.0967
    1033    1375.0944
    1034    1357.8821
    1035    1344.3003
    1036    1339.4659
    1037    1345.3919
    1038    1360.5143
    1039    1380.1914
    1040    1397.9866
    1041    1407.3986
    1042    1403.6121
    1043    1384.8902
    1044    1353.2575
    1045    1314.2514
    1046    1275.7302
    1047    1245.9536
    1048    1231.4075
    1049    1234.9570
    1050    1254.9071
    1051    1285.3300
    1052    1317.6513
    1053    1343.0901
    1054    1355.2742
    1055    1352.2934
    1056    1337.5489
    1057    1318.9712
    1058    1306.4747
    1059    1308.1380
    1060    1326.6168
    1061    1357.7457
    1062    1392.0464
    1063    1418.1173
    1064    1426.4287
    1065    1412.4540
    1066    1378.3006
    1067    1332.2869
    1068    1286.5188
    1069    1253.2249
    1070    1241.0368
    1071    1252.4038
    1072    1282.9329
    1073    1322.8441
    1074    1360.0669
    1075    1384.0003
    1076    1388.7464
    1077    1374.7919
    1078    1348.5780
    1079    1320.0427
    1080    1298.9472
    1081    1291.3802
    1082    1297.8243
    1083    1313.3582
    1084    1329.6665
    1085    1338.0801
    1086    1332.6386
    1087    1312.1737
    1088    1280.7521
    1089    1246.3870
    1090    1218.5138
    1091    1205.0784
    1092    1210.1305
    1093    1232.6063
    1094    1266.6042
    1095    1303.1094
    1096    1332.7422
    1097    1348.7071
    1098    1348.8894
    1099    1336.3316
    1100    1317.9460
    1101    1301.9794
    1102    1295.1505
    1103    1300.4245
    1104    1316.1674
    1105    1336.9166
    1106    1355.4892
    1107    1365.6722
    1108    1364.4805
    1109    1353.0733
    1110    1336.0110
    1111    1319.3364
    1112    1308.3193
    1113    1305.5948
    1114    1310.2833
    1115    1318.4497
    1116    1324.6888
    1117    1324.1100
    1118    1313.9659
    1119    1294.4210
    1120    1268.2793
    1121    1239.8874
    1122    1213.7801
    1123    1193.6322
    1124    1181.7347
    1125    1178.8615
    1126    1184.3952
    1127    1196.6583
    1128    1213.4219
    1129    1232.5013
    1130    1252.2757
    1131    1271.9481
    1132    1291.4147
    1133    1310.7616
    1134    1329.6271
    1135    1346.8049
    1136    1360.3328
    1137    1367.9832
    1138    1367.8796
    1139    1358.9988
    1140    1341.5084
    1141    1316.9764
    1142    1288.4270
    1143    1260.0301
    1144    1236.2501
    1145    1220.5517
    1146    1214.1380
    1147    1215.3224
    1148    1219.9345
    1149    1222.7438
    1150    1219.4511
    1151    1208.5163
    1152    1192.0724
    1153    1175.4791
    1154    1165.5537
    1155    1168.0613
    1156    1185.3801
    1157    1215.2801
    1158    1251.3452
    1159    1284.9560
    1160    1308.1404
    1161    1316.2757
    1162    1309.6517
    1163    1293.2918
    1164    1275.0452
    1165    1262.6271
    1166    1260.7257
    1167    1269.2891
    1168    1283.6425
    1169    1296.3557
    1170    1300.1181
    1171    1290.5314
    1172    1267.8069
    1173    1236.8093
    1174    1205.4999
    1175    1182.4014
    1176    1173.9793
    1177    1182.7441
    1178    1206.5198
    1179    1239.0578
    1180    1272.0637
    1181    1298.1483
    1182    1313.3472
    1183    1317.9384
    1184    1315.3964
    1185    1310.3116
    1186    1306.3211
    1187    1304.8731
    1188    1305.1482
    1189    1304.9755
    1190    1302.1863
    1191    1295.7872
    1192    1286.4903
    1193    1276.4741
    1194    1268.5722
    1195    1265.2680
    1196    1267.8894
    1197    1276.2457
    1198    1288.7431
    1199    1302.8698
    1200    1315.8596
    1201    1325.2987
    1202    1329.4837
    1203    1327.4789
    1204    1318.9859
    1205    1304.2011
    1206    1283.7850
    1207    1258.9586
    1208    1231.6245
    1209    1204.3604
    1210    1180.1584
    1211    1161.9033
    1212    1151.7328
    1213    1150.4991
    1214    1157.5455
    1215    1170.9062
    1216    1187.8889
    1217    1205.8693
    1218    1223.0525
    1219    1238.9436
    1220    1254.3339
    1221    1270.7372
    1222    1289.4185
    1223    1310.3479
    1224    1331.5554
    1225    1349.2705
    1226    1358.9500
    1227    1356.9103
    1228    1341.9942
    1229    1316.6271
    1230    1286.7706
    1231    1260.6052
    1232    1246.1983
    1233    1248.8230
    1234    1268.8458
    1235    1301.0677
    1236    1335.9584
    1237    1362.5312
    1238    1371.9236
    1239    1360.4283
    1240    1330.8627
    1241    1291.7068
    1242    1254.2315
    1243    1228.5679
    1244    1220.1036
    1245    1227.5302
    1246    1243.3057
    1247    1256.4240
    1248    1256.5443
    1249    1238.0092
    1250    1202.2879
    1251    1157.8892
    1252    1117.6404
    1253    1094.2644
    1254    1095.9102
    1255    1123.4142
    1256    1170.3039
    1257    1225.3420
    1258    1276.4452
    1259    1314.4873
    1260    1335.6998
    1261    1341.9609
    1262    1339.0472
    1263    1333.6506
    1264    1330.3960
    1265    1330.0492
    1266    1329.5675
    1267    1323.8769
    1268    1308.5395
    1269    1282.1219
    1270    1247.2357
    1271    1209.8246
    1272    1177.0310
    1273    1154.5467
    1274    1144.5576
    1275    1145.1291
    1276    1151.2812
    1277    1157.2931
    1278    1159.2760
    1279    1156.9450
    1280    1153.8639
    1281    1156.0204
    1282    1169.2232
    1283    1196.2996
    1284    1235.3219
    1285    1279.7925
    1286    1320.7865
    1287    1350.0486
    1288    1362.7317
    1289    1358.8157
    1290    1342.8688
    1291    1322.3758
    1292    1305.2432
    1293    1297.2964
    1294    1300.5545
    1295    1312.8115
    1296    1328.6247
    1297    1341.3197
    1298    1345.3107
    1299    1337.9780
    1300    1320.5014
    1301    1297.3643
    1302    1274.6846
    1303    1258.0005
    1304    1250.3723
    1305    1251.4997
    1306    1258.1027
    1307    1265.3490
    1308    1268.7856
    1309    1266.0618
    1310    1257.8003
    1311    1247.2836
    1312    1239.1001
    1313    1237.3153
    1314    1243.9206
    1315    1258.1365
    1316    1276.7634
    1317    1295.3467
    1318    1309.6556
    1319    1316.9260
    1320    1316.4615
    1321    1309.4742
    1322    1298.3594
    1323    1285.7906
    1324    1274.0197
    1325    1264.5840
    1326    1258.3930
    1327    1256.0160
    1328    1257.9358
    1329    1264.5634
    1330    1275.9450
    1331    1291.2940
    1332    1308.6482
    1333    1324.9905
    1334    1336.9868
    1335    1342.1420
    1336    1339.8243
    1337    1331.5447
    1338    1320.3162
    1339    1309.4614
    1340    1301.3606
    1341    1296.4730
    1342    1292.9785
    1343    1287.3365
    1344    1275.7230
    1345    1255.8758
    1346    1228.6434
    1347    1198.5681
    1348    1173.0944
    1349    1160.4595
    1350    1166.8319
    1351    1193.6948
    1352    1236.5298
    1353    1285.5209
    1354    1328.2837
    1355    1353.8068
    1356    1356.2220
    1357    1336.9581
    1358    1304.3609
    1359    1270.7965
    1360    1248.2225
    1361    1243.8430
    1362    1257.4530
    1363    1281.4834
    1364    1303.7931
    1365    1312.2433
    1366    1299.4133
    1367    1265.6997
    1368    1219.6117
    1369    1175.1186
    1370    1146.9880
    1371    1145.7623
    1372    1174.0917
    1373    1225.6514
    1374    1287.0393
    1375    1342.0759
    1376    1377.0518
    1377    1385.0422
    1378    1367.7615
    1379    1334.4085
    1380    1298.0730
    1381    1271.0560
    1382    1260.7422
    1383    1267.3999
    1384    1284.5744
    1385    1301.8259
    1386    1308.7422
    1387    1298.7762
    1388    1271.6066
    1389    1233.2850
    1390    1194.2071
    1391    1165.6677
    1392    1156.1921
    1393    1168.8712
    1394    1200.5332
    1395    1242.9221
    1396    1285.3630
    1397    1317.9563
    1398    1334.2824
    1399    1332.8641
    1400    1317.0653
    1401    1293.6026
    1402    1270.2219
    1403    1253.3199
    1404    1246.1959
    1405    1248.3885
    1406    1256.2135
    1407    1264.2549
    1408    1267.2545
    1409    1261.7571
    1410    1247.0477
    1411    1225.2423
    1412    1200.6787
    1413    1178.8251
    1414    1164.8627
    1415    1162.2271
    1416    1171.6669
    1417    1191.3161
    1418    1217.6766
    1419    1246.7220
    1420    1274.3253
    1421    1296.0925
    1422    1307.7454
    1423    1306.5859
    1424    1292.9723
    1425    1270.6054
    1426    1245.5202
    1427    1224.2928
    1428    1212.0463
    1429    1210.8448
    1430    1219.0180
    1431    1231.7172
    1432    1242.5965
    1433    1246.1475
    1434    1239.8838
    1435    1225.5273
    1436    1208.6551
    1437    1196.8509
    1438    1196.9704
    1439    1212.4986
    1440    1241.9605
    1441    1278.9894
    1442    1314.0760
    1443    1337.4511
    1444    1342.1689
    1445    1326.3681
    1446    1293.8936
    1447    1252.9997
    1448    1213.5506
    1449    1183.7156
    1450    1167.3765
    1451    1163.2097
    1452    1165.7966
    1453    1168.3161
    1454    1165.7302
    1455    1157.0947
    1456    1145.9869
    1457    1138.8705
    1458    1142.1878
    1459    1159.4816
    1460    1189.7200
    1461    1227.4072
    1462    1264.3640
    1463    1292.4526
    1464    1306.2405
    1465    1304.6678
    1466    1291.1824
    1467    1272.3791
    1468    1255.6847
    1469    1246.9331
    1470    1248.6686
    1471    1259.7150
    1472    1276.0882
    1473    1292.8201
    1474    1305.9338
    1475    1313.7954
    1476    1317.3236
    1477    1318.9945
    1478    1321.0725
    1479    1323.9288
    1480    1325.3937
    1481    1321.5204
    1482    1308.3226
    1483    1283.7494
    1484    1249.7964
    1485    1214.7479
    1486    1191.1697
    1487    1184.6389
    1488    1188.7359
    1489    1195.4160
    1490    1201.3080
    1491    1206.1918
    1492    1211.0939
    1493    1217.6723
    1494    1227.9724
    1495    1243.9890
    1496    1266.9702
    1497    1296.6506
    1498    1330.6956
    1499    1364.6678
    1500    1392.7369
    1501    1409.0853
    1502    1409.6032
    1503    1393.2584
    1504    1362.6141
    1505    1323.3170
    1506    1282.7385
    1507    1248.1218
    1508    1224.6335
    1509    1213.8044
    1510    1213.0049
    1511    1216.4800
    1512    1217.7208
    1513    1212.1448
    1514    1198.9992
    1515    1181.9405
    1516    1168.1771
    1517    1166.1157
    1518    1181.5754
    1519    1214.0685
    1520    1256.1121
    1521    1296.3355
    1522    1323.7701
    1523    1331.1061
    1524    1316.5475
    1525    1284.2687
    1526    1243.3203
    1527    1205.0885
    1528    1179.9249
    1529    1173.9247
    1530    1186.9394
    1531    1212.6697
    1532    1240.9574
    1533    1261.4299
    1534    1267.0782
    1535    1256.5121
    1536    1234.2226
    1537    1208.8729
    1538    1190.2682
    1539    1186.0200
    1540    1198.9889
    1541    1226.3277
    1542    1260.4141
    1543    1291.3230
    1544    1309.9646
    1545    1310.8321
    1546    1293.5304
    1547    1262.7648
    1548    1226.9314
    1549    1195.7266
    1550    1177.3740
    1551    1176.1935
    1552    1191.2494
    1553    1216.5410
    1554    1242.7161
    1555    1259.8172
    1556    1260.2917
    1557    1241.3950
    1558    1206.2478
    1559    1163.1510
    1560    1123.2827
    1561    1097.4192
    1562    1092.6640
    1563    1110.2064
    1564    1144.8209
    1565    1186.3107
    1566    1222.5194
    1567    1243.0693
    1568    1242.7051
    1569    1223.1575
    1570    1192.8404
    1571    1164.3724
    1572    1150.6335
    1573    1160.5675
    1574    1196.0469
    1575    1250.7795
    1576    1311.6592
    1577    1362.2671
    1578    1387.5981
    1579    1378.6447
    1580    1335.3585
    1581    1266.9428
    1582    1189.2978
    1583    1120.4031
    1584    1075.1240
    1585    1061.0952
    1586    1076.9669
    1587    1113.5002
    1588    1157.0449
    1589    1194.1302
    1590    1215.5922
    1591    1218.9246
    1592    1208.2686
    1593    1192.2790
    1594    1180.7456
    1595    1181.1491
    1596    1196.2465
    1597    1223.3632
    1598    1255.5017
    1599    1283.7716
    1600    1300.2456
    1601    1300.2768
    1602    1283.5931
    1603    1253.9771
    1604    1217.8324
    1605    1182.2543
    1606    1153.2501
    1607    1134.5413
    1608    1127.0830
    1609    1129.2189
    1610    1137.3529
    1611    1146.9914
    1612    1153.9705
    1613    1155.5993
    1614    1151.4313
    1615    1143.4324
    1616    1135.4523
    1617    1132.1084
    1618    1137.3806
    1619    1153.3366
    1620    1179.3982
    1621    1212.3796
    1622    1247.2687
    1623    1278.4675
    1624    1301.1106
    1625    1312.1542
    1626    1311.0389
    1627    1299.7798
    1628    1282.3944
    1629    1263.7636
    1630    1248.2605
    1631    1238.6016
    1632    1235.3035
    1633    1236.8892
    1634    1240.7124
    1635    1244.0483
    1636    1245.0768
    1637    1243.4659
    1638    1240.4063
    1639    1238.1151
    1640    1238.9626
    1641    1244.5002
    1642    1254.7031
    1643    1267.6806
    1644    1279.9734
    1645    1287.4010
    1646    1286.2688
    1647    1274.5776
    1648    1252.8258
    1649    1224.0632
    1650    1193.1403
    1651    1165.3855
    1652    1145.1537
    1653    1134.7414
    1654    1133.9915
    1655    1140.6244
    1656    1151.0651
    1657    1161.4882
    1658    1168.8821
    1659    1171.9035
    1660    1171.2184
    1661    1169.0938
    1662    1168.3647
    1663    1171.2229
    1664    1178.3612
    1665    1188.8047
    1666    1200.4203
    1667    1210.7980
    1668    1218.0753
    1669    1221.3657
    1670    1220.7031
    1671    1216.6700
    1672    1210.0022
    1673    1201.4125
    1674    1191.6985
    1675    1181.9884
    1676    1173.8018
    1677    1168.6690
    1678    1167.4751
    1679    1170.1143
    1680    1175.7730
    1681    1183.4358
    1682    1192.0645
    1683    1200.4348
    1684    1207.0443
    1685    1210.3775
    1686    1209.4771
    1687    1204.5080
    1688    1196.9688
    1689    1189.3474
    1690    1184.2782
    1691    1183.4981
    1692    1187.0397
    1693    1193.0341
    1694    1198.2758
    1695    1199.3446
    1696    1193.8502
    1697    1181.3473
    1698    1163.6548
    1699    1144.5252
    1700    1128.7231
    1701    1120.6768
    1702    1123.0769
    1703    1135.9203
    1704    1156.4185
    1705    1179.8305
    1706    1200.9225
    1707    1215.5145
    1708    1221.5965
    1709    1219.7114
    1710    1212.5429
    1711    1203.9302
    1712    1197.6513
    1713    1196.3587
    1714    1200.9518
    1715    1210.4940
    1716    1222.5777
    1717    1233.9686
    1718    1241.4108
    1719    1242.5174
    1720    1236.5267
    1721    1224.6195
    1722    1209.6219
    1723    1195.1677
    1724    1184.5970
    1725    1179.9524
    1726    1181.3766
    1727    1187.1032
    1728    1194.0510
    1729    1198.8416
    1730    1198.9043
    1731    1193.3095
    1732    1183.0610
    1733    1170.7668
    1734    1159.8184
    1735    1153.3707
    1736    1153.4480
    1737    1160.4122
    1738    1172.8731
    1739    1187.9975
    1740    1202.1528
    1741    1211.8489
    1742    1214.8028
    1743    1210.7322
    1744    1201.5021
    1745    1190.5689
    1746    1181.9403
    1747    1179.0022
    1748    1183.5429
    1749    1195.2335
    1750    1211.6911
    1751    1229.0992
    1752    1243.2188
    1753    1250.5192
    1754    1249.1258
    1755    1239.3416
    1756    1223.6162
    1757    1205.9719
    1758    1190.9922
    1759    1182.5841
    1760    1182.8211
    1761    1191.2192
    1762    1204.7222
    1763    1218.4631
    1764    1227.1144
    1765    1226.4521
    1766    1214.6608
    1767    1192.9785
    1768    1165.4708
    1769    1138.0091
    1770    1116.7437
    1771    1106.4567
    1772    1109.1478
    1773    1123.3091
    1774    1144.4611
    1775    1166.9816
    1776    1186.3032
    1777    1200.3443
    1778    1209.6999
    1779    1216.7834
    1780    1224.4327
    1781    1234.5746
    1782    1247.4478
    1783    1261.6068
    1784    1274.5997
    1785    1283.9643
    1786    1288.1357
    1787    1286.9353
    1788    1281.5052
    1789    1273.7247
    1790    1265.3533
    1791    1257.2665
    1792    1249.1454
    1793    1239.7717
    1794    1227.7825
    1795    1212.5284
    1796    1194.6494
    1797    1176.1233
    1798    1159.7855
    1799    1148.5086
    1800    1144.3374
    1801    1147.8524
    1802    1157.9497
    1803    1172.1013
    1804    1187.0179
    1805    1199.5101
    1806    1207.2992
    1807    1209.5625
    1808    1207.0710
    1809    1201.8914
    1810    1196.6829
    1811    1193.7261
    1812    1194.0079
    1813    1196.8095
    1814    1200.0120
    1815    1200.9309
    1816    1197.3139
    1817    1188.2053
    1818    1174.4458
    1819    1158.6561
    1820    1144.6413
    1821    1136.3519
    1822    1136.6967
    1823    1146.5974
    1824    1164.6140
    1825    1187.2731
    1826    1210.0005
    1827    1228.3522
    1828    1239.1609
    1829    1241.2567
    1830    1235.5852
    1831    1224.7210
    1832    1211.9636
    1833    1200.3096
    1834    1191.6397
    1835    1186.3657
    1836    1183.6100
    1837    1181.7682
    1838    1179.1912
    1839    1174.7506
    1840    1168.1439
    1841    1159.9319
    1842    1151.3405
    1843    1143.8986
    1844    1138.9781
    1845    1137.3697
    1846    1139.0472
    1847    1143.1902
    1848    1148.4361
    1849    1153.2570
    1850    1156.3984
    1851    1157.3211
    1852    1156.5052
    1853    1155.4432
    1854    1156.2626
    1855    1161.0948
    1856    1171.4165
    1857    1187.5839
    1858    1208.6858
    1859    1232.7154
    1860    1256.9749
    1861    1278.5790
    1862    1294.9386
    1863    1304.1512
    1864    1305.2723
    1865    1298.4367
    1866    1284.7852
    1867    1266.1608
    1868    1244.6093
    1869    1221.8319
    1870    1198.8266
    1871    1175.9066
    1872    1153.1158
    1873    1130.8422
    1874    1110.3000
    1875    1093.5953
    1876    1083.2637
    1877    1081.4443
    1878    1089.0611
    1879    1105.4092
    1880    1128.3359
    1881    1154.8791
    1882    1181.9888
    1883    1206.9760
    1884    1227.6338
    1885    1242.2930
    1886    1249.9716
    1887    1250.4324
    1888    1244.0056
    1889    1231.3391
    1890    1213.3362
    1891    1191.3476
    1892    1167.4005
    1893    1144.1837
    1894    1124.6565
    1895    1111.4163
    1896    1106.0873
    1897    1108.9607
    1898    1119.0159
    1899    1134.3234
    1900    1152.6718
    1901    1172.1506
    1902    1191.4475
    1903    1209.7499
    1904    1226.3276
    1905    1240.0377
    1906    1249.0545
    1907    1251.0401
    1908    1243.7645
    1909    1225.9659
    1910    1198.1055
    1911    1162.7084
    1912    1124.1145
    1913    1087.6844
    1914    1058.6814
    1915    1041.1426
    1916    1037.0451
    1917    1045.9705
    1918    1065.3337
    1919    1091.0789
    1920    1118.6426
    1921    1143.9560
    1922    1164.2500
    1923    1178.4559
    1924    1187.0840
    1925    1191.6321
    1926    1193.7372
    1927    1194.3339
    1928    1193.0853
    1929    1188.3168
    1930    1177.5722
    1931    1158.7363
    1932    1131.3852
    1933    1097.7734
    1934    1062.8582
    1935    1033.2486
    1936    1015.5560
    1937    1014.6778
    1938    1032.3421
    1939    1066.3069
    1940    1110.6217
    1941    1157.0234
    1942    1197.0666
    1943    1224.3269
    1944    1235.9775
    1945    1233.2372
    1946    1220.5455
    1947    1203.7654
    1948    1188.0448
    1949    1176.0989
    1950    1167.5189
    1951    1159.3494
    1952    1147.7053
    1953    1129.7883
    1954    1105.5059
    1955    1078.0414
    1956    1053.1413
    1957    1037.3293
    1958    1035.6511
    1959    1049.7592
    1960    1077.0732
    1961    1111.3917
    1962    1144.7925
    1963    1170.1534
    1964    1183.3907
    1965    1184.6144
    1966    1177.7721
    1967    1168.9172
    1968    1163.7533
    1969    1165.4047
    1970    1173.2816
    1971    1183.4596
    1972    1190.3872
    1973    1189.1994
    1974    1177.7372
    1975    1157.5494
    1976    1133.5703
    1977    1112.6133
    1978    1101.1353
    1979    1102.9899
    1980    1117.9955
    1981    1141.9767
    1982    1168.3210
    1983    1190.3332
    1984    1203.3557
    1985    1205.9173
    1986    1199.6802
    1987    1188.3756
    1988    1176.1937
    1989    1166.2270
    1990    1159.5028
    1991    1154.9251
    1992    1150.1034
    1993    1142.6965
    1994    1131.6827
    1995    1118.0245
    1996    1104.4958
    1997    1094.7756
    1998    1092.1465
    1999    1098.2120
    2000    1112.0733
