#Frame              T
       1    1268.3022
       2    1222.5273
       3    1172.9379
       4    1197.8734
       5     970.1720
       6    1207.6017
       7    1089.7136
       8    1067.8313
       9    1037.5972
      10    1059.0911
      11    1067.5821
      12    1122.9041
      13    1119.1634
      14    1021.5514
      15    1034.3972
      16    1047.3797
      17     984.7903
      18    1060.3026
      19     987.7422
      20    1068.9733
      21     914.9604
      22     910.2002
      23     988.0439
      24    1100.1550
      25    1095.0742
      26    1009.5981
      27     982.5509
      28     995.6103
      29     985.5330
      30     943.2535
      31     898.0364
      32     966.9061
      33     941.3488
      34     902.3783
      35     820.2412
      36     874.2659
      37     940.7492
      38     937.4958
      39     941.0757
      40     869.6245
      41     822.5329
      42     786.4294
      43     885.1371
      44     826.0915
      45     898.8593
      46     870.4214
      47     814.8331
      48     841.5822
      49     833.9054
      50     819.2572
      51     804.6052
      52     759.1403
      53     768.1296
      54     759.6815
      55     776.6094
      56     794.0666
      57     728.3729
      58     810.9017
      59     750.5094
      60     793.2263
      61     728.8230
      62     698.3137
      63     721.6788
      64     724.5355
      65     766.4587
      66     724.1540
      67     723.0874
      68     705.4277
      69     731.4957
      70     691.6238
      71     651.2502
      72     696.3392
      73     741.2753
      74     703.7660
      75     735.6636
      76     710.2332
      77     704.0363
      78     634.0250
      79     638.8524
      80     621.7266
      81     703.6758
      82     691.1938
      83     680.3512
      84     705.9525
      85     668.3428
      86     684.2382
      87     657.1012
      88     654.3452
      89     665.6983
      90     635.5223
      91     653.3326
      92     619.4193
      93     692.9940
      94     664.3296
      95     655.7646
      96     637.9081
      97     677.0496
      98     646.3402
      99     666.1974
     100     652.9709
     101     666.5688
     102     650.1261
     103     659.6973
     104     613.2646
     105     609.3772
     106     595.4184
     107     573.2304
     108     615.8532
     109     606.8924
     110     662.5670
     111     630.2221
     112     655.1367
     113     606.5104
     114     663.3060
     115     606.6828
     116     625.1674
     117     605.0334
     118     646.8135
     119     648.9792
     120     542.3325
     121     593.0762
     122     641.5487
     123     588.5846
     124     606.5933
     125     620.8840
     126     577.6593
     127     535.6637
     128     614.5737
     129     546.2066
     130     568.8949
     131     551.6034
     132     582.3776
     133     551.7886
     134     564.8080
     135     626.6060
     136     609.3826
     137     547.6824
     138     604.2516
     139     568.3941
     140     547.6719
     141     569.0848
     142     573.0853
     143     585.6676
     144     551.4615
     145     573.6596
     146     552.9571
     147     573.2973
     148     550.5556
     149     602.8906
     150     589.2553
     151     547.9893
     152     526.7860
     153     619.3634
     154     559.8912
     155     532.8219
     156     502.1951
     157     499.1511
     158     515.0736
     159     536.0811
     160     507.6178
     161     524.5716
     162     501.8759
     163     496.6124
     164     507.6422
     165     530.8880
     166     511.6255
     167     521.0794
     168     491.1741
     169     537.5010
     170     471.7651
     171     489.5441
     172     501.4737
     173     500.8076
     174     485.3650
     175     513.3947
     176     523.2051
     177     510.0333
     178     494.5771
     179     515.9160
     180     517.5305
     181     512.8983
     182     424.2790
     183     508.8230
     184     487.9875
     185     466.0168
     186     437.3983
     187     485.4499
     188     430.2185
     189     492.1570
     190     461.4630
     191     487.0511
     192     456.9492
     193     415.9077
     194     485.3020
     195     436.2873
     196     485.5527
     197     476.6524
     198     466.2793
     199     463.1795
     200     489.0138
     201     466.1785
     202     499.0300
     203     498.8255
     204     462.8049
     205     446.9941
     206     453.3799
     207     448.2777
     208     441.7769
     209     486.0323
     210     453.9800
     211     456.1872
     212     450.8832
     213     444.8489
     214     420.1347
     215     453.4490
     216     489.4596
     217     457.7314
     218     471.9574
     219     473.7119
     220     479.8777
     221     439.6291
     222     462.8541
     223     410.5559
     224     441.4675
     225     401.8089
     226     429.6311
     227     435.9082
     228     415.6045
     229     407.9589
     230     405.8323
     231     473.2387
     232     446.2414
     233     417.6961
     234     387.4185
     235     432.9930
     236     411.0531
     237     448.0422
     238     428.0664
     239     417.2592
     240     439.5500
     241     464.2401
     242     488.7835
     243     438.8242
     244     409.9819
     245     394.0982
     246     425.9840
     247     423.5821
     248     395.6987
     249     375.3891
     250     389.3501
     251     429.8103
     252     366.6735
     253     331.1149
     254     358.4451
     255     385.7187
     256     383.4098
     257     433.5631
     258     408.4340
     259     398.0528
     260     407.9241
     261     402.3115
     262     391.2145
     263     386.1534
     264     407.0993
     265     404.1007
     266     429.3329
     267     411.1647
     268     409.8787
     269     392.1993
     270     404.9297
     271     375.7272
     272     383.7263
     273     415.9370
     274     420.9583
     275     388.2802
     276     405.8075
     277     433.6711
     278     391.1756
     279     401.9033
     280     418.1326
     281     392.6152
     282     409.7105
     283     390.2054
     284     361.5171
     285     382.1253
     286     402.8816
     287     396.7072
     288     407.1956
     289     383.7395
     290     396.8883
     291     405.6592
     292     361.4791
     293     379.0642
     294     398.1587
     295     386.1176
     296     376.9038
     297     378.4006
     298     359.4990
     299     348.6581
     300     342.5558
     301     356.0237
     302     369.2699
     303     354.4147
     304     333.6754
     305     367.9815
     306     359.7013
     307     384.6387
     308     417.9784
     309     360.5575
     310     398.3060
     311     390.5482
     312     360.1353
     313     378.5595
     314     365.1837
     315     388.3510
     316     383.9870
     317     365.8116
     318     365.5699
     319     368.9919
     320     403.6894
     321     371.6488
     322     365.8295
     323     363.8409
     324     374.0063
     325     383.8620
     326     349.8574
     327     347.9123
     328     370.1288
     329     351.9651
     330     384.7208
     331     331.2014
     332     358.8109
     333     348.1003
     334     379.6347
     335     348.2760
     336     334.6510
     337     348.1226
     338     343.1338
     339     397.5768
     340     367.0639
     341     375.7034
     342     374.6606
     343     338.1213
     344     363.8466
     345     335.4489
     346     363.4570
     347     332.2893
     348     346.1038
     349     345.1737
     350     339.0429
     351     380.9230
     352     359.8067
     353     387.3634
     354     353.5282
     355     405.0949
     356     360.4275
     357     392.2042
     358     360.0395
     359     374.0715
     360     318.7281
     361     347.1486
     362     352.5638
     363     348.3214
     364     347.1605
     365     326.9305
     366     368.5252
     367     339.4215
     368     367.1449
     369     370.3107
     370     356.2957
     371     358.0908
     372     339.7870
     373     329.7625
     374     332.9458
     375     331.6606
     376     322.8247
     377     321.7046
     378     371.0706
     379     302.8714
     380     331.4165
     381     353.4658
     382     376.5089
     383     335.2959
     384     339.5506
     385     338.9570
     386     336.7614
     387     372.2482
     388     375.6766
     389     324.2490
     390     357.0362
     391     362.2396
     392     380.6590
     393     381.0115
     394     375.4277
     395     335.2141
     396     341.5032
     397     367.5275
     398     345.7867
     399     356.8510
     400     338.0498
