#Frame              T
       1    3002.1114
       2    2892.7035
       3    2697.7781
       4    2462.0709
       5    2235.5903
       6    2058.8270
       7    1951.4886
       8    1908.5195
       9    1904.6833
      10    1905.7731
      11    1882.1050
      12    1819.4498
      13    1723.8582
      14    1619.0911
      15    1537.8181
      16    1509.7242
      17    1550.6009
      18    1656.1253
      19    1802.4336
      20    1953.2298
      21    2070.8870
      22    2127.6788
      23    2113.4693
      24    2037.6455
      25    1925.0964
      26    1807.8765
      27    1715.3439
      28    1665.8508
      29    1662.4714
      30    1693.9137
      31    1739.9803
      32    1779.4156
      33    1797.2996
      34    1789.4573
      35    1762.5722
      36    1730.2775
      37    1706.9935
      38    1702.1834
      39    1717.2838
      40    1746.0033
      41    1777.2099
      42    1799.0028
      43    1802.5069
      44    1784.2004
      45    1746.2537
      46    1695.1457
      47    1639.4194
      48    1587.4945
      49    1546.1130
      50    1519.5599
      51    1509.5671
      52    1515.7490
      53    1536.3075
      54    1568.5645
      55    1608.9803
      56    1652.6875
      57    1693.1327
      58    1722.8066
      59    1735.4630
      60    1728.7704
      61    1705.7172
      62    1673.9626
      63    1643.4381
      64    1623.0280
      65    1617.4037
      66    1625.1462
      67    1639.0022
      68    1648.4789
      69    1644.0514
      70    1621.3413
      71    1583.4105
      72    1540.1096
      73    1504.6819
      74    1488.8704
      75    1498.2465
      76    1529.4401
      77    1570.4244
      78    1604.0385
      79    1613.6903
      80    1589.2075
      81    1530.6723
      82    1448.8390
      83    1361.9880
      84    1290.2831
      85    1249.5478
      86    1246.5842
      87    1277.6444
      88    1330.4952
      89    1389.1786
      90    1439.6018
      91    1473.9251
      92    1492.3731
      93    1502.1378
      94    1513.8999
      95    1537.1086
      96    1575.6080
      97    1625.2803
      98    1674.7921
      99    1709.3321
     100    1715.9845
     101    1688.6400
     102    1630.5277
     103    1553.4252
     104    1473.8987
     105    1407.9771
     106    1366.2092
     107    1350.8616
     108    1356.1691
     109    1371.3572
     110    1385.1664
     111    1390.1256
     112    1385.0419
     113    1374.8958
     114    1368.3337
     115    1373.7979
     116    1395.8189
     117    1432.9192
     118    1477.9234
     119    1520.4308
     120    1550.3745
     121    1561.3412
     122    1552.5524
     123    1528.8723
     124    1498.8876
     125    1471.7447
     126    1453.8988
     127    1446.9614
     128    1447.4287
     129    1448.3382
     130    1442.1257
     131    1423.5587
     132    1391.6992
     133    1350.2740
     134    1306.4250
     135    1268.3346
     136    1242.5678
     137    1232.0652
     138    1235.5251
     139    1248.3926
     140    1264.9560
     141    1280.5650
     142    1293.0598
     143    1303.0099
     144    1312.9152
     145    1325.8487
     146    1344.1074
     147    1368.3709
     148    1397.6147
     149    1429.6754
     150    1462.0871
     151    1492.7428
     152    1520.0952
     153    1542.9061
     154    1559.8306
     155    1569.1990
     156    1569.2161
     157    1558.5483
     158    1537.0798
     159    1506.5099
     160    1470.4772
     161    1434.0118
     162    1402.3778
     163    1379.6563
     164    1367.6040
     165    1365.2593
     166    1369.4876
     167    1376.3013
     168    1382.5025
     169    1386.9797
     170    1391.0435
     171    1397.5866
     172    1409.4166
     173    1427.4745
     174    1449.7108
     175    1471.1606
     176    1485.3017
     177    1486.2737
     178    1471.1964
     179    1441.7371
     180    1404.2403
     181    1368.1807
     182    1343.3268
     183    1336.5782
     184    1349.6616
     185    1378.5947
     186    1415.1681
     187    1449.9137
     188    1475.4335
     189    1488.7921
     190    1492.0663
     191    1490.9113
     192    1491.8132
     193    1499.1188
     194    1512.9314
     195    1528.6512
     196    1538.4412
     197    1534.1813
     198    1510.8452
     199    1468.9523
     200    1415.0761
     201    1360.1699
     202    1316.2993
     203    1292.9029
     204    1293.8155
     205    1316.0588
     206    1350.8600
     207    1386.6379
     208    1412.9780
     209    1424.2026
     210    1421.1954
     211    1410.7288
     212    1402.4485
     213    1404.7034
     214    1420.9935
     215    1448.5422
     216    1479.3623
     217    1503.1857
     218    1511.1388
     219    1498.9026
     220    1468.2929
     221    1426.7346
     222    1384.8329
     223    1352.8951
     224    1337.5970
     225    1339.9245
     226    1355.0594
     227    1374.2276
     228    1387.9174
     229    1389.4205
     230    1377.2983
     231    1355.6148
     232    1331.8050
     233    1313.3441
     234    1304.8214
     235    1306.5297
     236    1315.0308
     237    1325.5296
     238    1334.6725
     239    1341.6898
     240    1347.6841
     241    1355.0626
     242    1367.1221
     243    1386.2860
     244    1411.7989
     245    1438.9036
     246    1460.4022
     247    1469.8464
     248    1464.5984
     249    1447.0098
     250    1423.1804
     251    1400.4463
     252    1385.0518
     253    1380.3480
     254    1385.5514
     255    1395.6764
     256    1403.1981
     257    1401.0409
     258    1385.6398
     259    1358.7329
     260    1327.1052
     261    1300.3000
     262    1287.0926
     263    1292.0458
     264    1313.5214
     265    1344.0030
     266    1372.7063
     267    1389.5798
     268    1389.1741
     269    1372.7975
     270    1348.0879
     271    1326.2141
     272    1317.7489
     273    1328.6020
     274    1357.5757
     275    1396.8144
     276    1435.0327
     277    1461.8494
     278    1471.3697
     279    1463.8509
     280    1445.0154
     281    1423.3676
     282    1406.6625
     283    1399.0008
     284    1399.6617
     285    1403.9701
     286    1405.6933
     287    1399.8431
     288    1384.6400
     289    1361.8598
     290    1335.6230
     291    1310.4043
     292    1289.3162
     293    1273.4191
     294    1262.2100
     295    1254.8668
     296    1251.4929
     297    1253.6637
     298    1263.9921
     299    1284.8404
     300    1316.6536
     301    1356.6603
     302    1398.7428
     303    1434.8382
     304    1457.5107
     305    1462.7477
     306    1451.8156
     307    1431.2767
     308    1410.9825
     309    1400.5911
     310    1405.6655
     311    1424.9231
     312    1450.2416
     313    1469.7247
     314    1472.4004
     315    1452.5384
     316    1412.0612
     317    1360.2834
     318    1311.0263
     319    1277.9849
     320    1269.9340
     321    1287.5641
     322    1323.1348
     323    1363.1020
     324    1392.7990
     325    1401.4958
     326    1386.0536
     327    1351.9259
     328    1311.1271
     329    1277.6490
     330    1261.7938
     331    1265.9700
     332    1284.1904
     333    1305.1901
     334    1317.2000
     335    1312.3903
     336    1289.6682
     337    1255.0530
     338    1219.5351
     339    1195.1654
     340    1190.7871
     341    1208.9823
     342    1245.3454
     343    1290.2801
     344    1332.5269
     345    1362.9951
     346    1377.4172
     347    1376.9616
     348    1366.8005
     349    1353.4510
     350    1342.0963
     351    1334.9543
     352    1331.2056
     353    1328.3157
     354    1324.0399
     355    1318.1248
     356    1312.8666
     357    1312.2215
     358    1319.8602
     359    1337.1287
     360    1361.9553
     361    1389.3417
     362    1413.3317
     363    1429.6394
     364    1437.7366
     365    1441.3639
     366    1447.0645
     367    1461.2219
     368    1486.7771
     369    1521.0354
     370    1555.6557
     371    1579.1235
     372    1580.9246
     373    1555.7585
     374    1506.0768
     375    1441.9303
     376    1378.1511
     377    1329.7730
     378    1307.1935
     379    1312.7136
     380    1339.7341
     381    1375.0035
     382    1403.2287
     383    1412.4343
     384    1398.1393
     385    1364.8531
     386    1324.3825
     387    1291.5971
     388    1279.1412
     389    1292.8994
     390    1329.7722
     391    1378.5948
     392    1423.9548
     393    1451.5211
     394    1452.9290
     395    1428.5141
     396    1387.0555
     397    1342.7262
     398    1310.3746
     399    1300.7602
     400    1317.3244
     401    1355.4993
     402    1404.6436
     403    1451.8090
     404    1485.9412
     405    1501.0875
     406    1497.5935
     407    1481.0757
     408    1459.7681
     409    1441.3293
     410    1430.2468
     411    1426.6215
     412    1426.5841
     413    1424.0416
     414    1413.0514
     415    1389.9753
     416    1354.7177
     417    1310.7286
     418    1263.9403
     419    1221.1345
     420    1188.3391
     421    1169.6699
     422    1166.7869
     423    1178.9381
     424    1203.4966
     425    1236.7916
     426    1274.8428
     427    1313.6263
     428    1349.0421
     429    1377.2816
     430    1395.8322
     431    1404.4774
     432    1405.4973
     433    1402.9013
     434    1401.1332
     435    1403.8609
     436    1413.1758
     437    1429.2155
     438    1450.1232
     439    1472.3804
     440    1491.5713
     441    1503.5047
     442    1505.4205
     443    1496.8491
     444    1479.7431
     445    1457.7726
     446    1435.0034
     447    1414.4435
     448    1396.9746
     449    1381.0347
     450    1363.1975
     451    1339.5030
     452    1307.1632
     453    1266.0601
     454    1219.4407
     455    1173.4446
     456    1135.5664
     457    1112.5692
     458    1108.5649
     459    1123.9068
     460    1155.2237
     461    1196.5458
     462    1241.1188
     463    1283.3052
     464    1319.9468
     465    1350.7373
     466    1377.5075
     467    1402.7384
     468    1427.9023
     469    1452.2699
     470    1472.6342
     471    1484.1353
     472    1481.9934
     473    1463.5617
     474    1429.8877
     475    1386.0689
     476    1340.0996
     477    1300.5436
     478    1273.9008
     479    1262.6626
     480    1264.7856
     481    1274.7738
     482    1285.9604
     483    1293.1124
     484    1294.3545
     485    1291.6632
     486    1289.7706
     487    1293.9227
     488    1307.3816
     489    1329.6510
     490    1356.1622
     491    1379.6111
     492    1392.5095
     493    1389.9910
     494    1371.7858
     495    1342.5624
     496    1310.4654
     497    1284.4117
     498    1271.2099
     499    1273.5941
     500    1289.8267
     501    1314.8394
     502    1342.3244
     503    1366.9173
     504    1385.7008
     505    1398.6112
     506    1407.7694
     507    1416.1507
     508    1426.1509
     509    1438.5743
     510    1452.3549
     511    1465.0565
     512    1473.9370
     513    1477.1468
     514    1474.5282
     515    1467.6238
     516    1458.9065
     517    1450.6188
     518    1443.7784
     519    1437.8255
     520    1431.0677
     521    1421.6971
     522    1408.8932
     523    1393.4749
     524    1377.7943
     525    1364.9143
     526    1357.4191
     527    1356.3625
     528    1360.7822
     529    1367.9906
     530    1374.5237
     531    1377.3715
     532    1374.9973
     533    1367.7457
     534    1357.4964
     535    1346.7294
     536    1337.4171
     537    1330.2320
     538    1324.4296
     539    1318.4627
     540    1311.0404
     541    1302.1341
     542    1293.4258
     543    1287.9146
     544    1288.7539
     545    1297.7478
     546    1314.1231
     547    1334.1832
     548    1352.1491
     549    1362.0230
     550    1359.8302
     551    1345.3507
     552    1322.5789
     553    1298.5766
     554    1281.0327
     555    1275.3690
     556    1282.5124
     557    1298.2924
     558    1314.8161
     559    1323.4048
     560    1318.0161
     561    1297.8318
     562    1267.9718
     563    1237.9860
     564    1218.6540
     565    1218.2898
     566    1239.9138
     567    1280.2646
     568    1330.9023
     569    1380.9111
     570    1420.2477
     571    1442.6277
     572    1447.0331
     573    1437.4187
     574    1420.8001
     575    1404.4815
     576    1393.4483
     577    1388.8524
     578    1388.0494
     579    1386.0509
     580    1377.7374
     581    1359.9671
     582    1332.8325
     583    1299.7019
     584    1266.1525
     585    1238.2583
     586    1220.8223
     587    1216.0967
     588    1223.3518
     589    1239.3546
     590    1259.5131
     591    1279.2430
     592    1295.1310
     593    1305.5772
     594    1310.7906
     595    1312.2481
     596    1311.9257
     597    1311.6290
     598    1312.6021
     599    1315.4240
     600    1320.0880
     601    1326.1380
     602    1332.7636
     603    1338.8334
     604    1342.9490
     605    1343.6569
     606    1339.9010
     607    1331.6585
     608    1320.4936
     609    1309.6728
     610    1303.5656
     611    1306.3606
     612    1320.4649
     613    1345.2021
     614    1376.4077
     615    1407.2301
     616    1429.9818
     617    1438.4786
     618    1430.0776
     619    1406.6828
     620    1374.2976
     621    1341.1928
     622    1315.2671
     623    1301.4828
     624    1300.2772
     625    1307.5194
     626    1316.0667
     627    1318.3926
     628    1309.3985
     629    1288.4306
     630    1259.7991
     631    1231.5668
     632    1212.9323
     633    1211.0635
     634    1228.4717
     635    1261.9087
     636    1303.2218
     637    1341.8967
     638    1368.4229
     639    1377.3338
     640    1368.8900
     641    1348.8481
     642    1326.4132
     643    1311.0683
     644    1309.3355
     645    1322.5383
     646    1346.2982
     647    1371.9460
     648    1389.3801
     649    1390.4336
     650    1371.6434
     651    1335.5281
     652    1289.9732
     653    1245.9158
     654    1214.0443
     655    1201.5288
     656    1209.7986
     657    1234.0584
     658    1264.7312
     659    1290.4250
     660    1301.5312
     661    1293.3159
     662    1267.4950
     663    1231.7782
     664    1197.5226
     665    1176.2790
     666    1176.3235
     667    1200.2210
     668    1244.0965
     669    1298.7520
     670    1352.2713
     671    1393.3720
     672    1414.5630
     673    1414.1676
     674    1396.5567
     675    1370.4899
     676    1346.1074
     677    1331.5800
     678    1330.5135
     679    1340.9388
     680    1356.1792
     681    1367.3151
     682    1366.4495
     683    1349.6836
     684    1318.7518
     685    1280.6908
     686    1245.6124
     687    1223.3247
     688    1219.9752
     689    1235.8987
     690    1265.4558
     691    1298.9276
     692    1325.7983
     693    1338.2375
     694    1333.5525
     695    1314.8115
     696    1289.5381
     697    1267.0550
     698    1255.4151
     699    1258.8986
     700    1276.7961
     701    1303.7993
     702    1331.8458
     703    1352.8149
     704    1361.1701
     705    1355.6905
     706    1339.7155
     707    1319.8240
     708    1303.4120
     709    1296.0038
     710    1299.2338
     711    1310.1867
     712    1322.3186
     713    1327.6766
     714    1319.6972
     715    1295.6459
     716    1257.8261
     717    1213.1054
     718    1170.9003
     719    1140.3368
     720    1127.5468
     721    1133.9847
     722    1156.2832
     723    1187.6516
     724    1220.3129
     725    1248.1102
     726    1268.3673
     727    1282.3672
     728    1294.3017
     729    1309.1359
     730    1330.2231
     731    1357.6004
     732    1387.6259
     733    1414.0959
     734    1430.4287
     735    1432.1078
     736    1418.4753
     737    1393.1596
     738    1362.8700
     739    1335.0531
     740    1315.5483
     741    1307.2120
     742    1309.6731
     743    1319.9526
     744    1333.6733
     745    1346.5210
     746    1355.4543
     747    1359.2273
     748    1358.0803
     749    1352.8809
     750    1344.2403
     751    1332.0670
     752    1315.7211
     753    1294.6176
     754    1268.9488
     755    1240.1581
     756    1210.9085
     757    1184.5323
     758    1164.1950
     759    1152.1638
     760    1149.5061
     761    1156.2928
     762    1172.1031
     763    1196.4709
     764    1228.9371
     765    1268.6116
     766    1313.4408
     767    1359.6034
     768    1401.4896
     769    1432.5428
     770    1446.8840
     771    1441.2182
     772    1416.2864
     773    1377.1654
     774    1332.1158
     775    1290.2375
     776    1258.7082
     777    1240.6176
     778    1234.2685
     779    1234.2900
     780    1234.1899
     781    1229.3642
     782    1219.3743
     783    1208.5284
     784    1204.4071
     785    1214.7474
     786    1243.7998
     787    1289.5914
     788    1343.3379
     789    1391.5280
     790    1420.1335
     791    1419.4965
     792    1388.0603
     793    1333.5011
     794    1270.6985
     795    1217.1396
     796    1187.2768
     797    1187.7842
     798    1215.3761
     799    1257.9874
     800    1298.9408
     801    1322.6820
     802    1320.1117
     803    1291.6794
     804    1247.1852
     805    1202.3621
     806    1173.4139
     807    1171.3722
     808    1198.2165
     809    1246.0916
     810    1299.9043
     811    1342.4032
     812    1359.9843
     813    1347.2258
     814    1308.5990
     815    1256.8295
     816    1208.5369
     817    1178.7186
     818    1175.9657
     819    1200.0054
     820    1242.3147
     821    1289.4505
     822    1327.8148
     823    1348.1325
     824    1348.1165
     825    1332.5403
     826    1310.8870
     827    1293.5834
     828    1288.2390
     829    1297.1942
     830    1317.0968
     831    1340.4602
     832    1358.4799
     833    1364.0446
     834    1353.9456
     835    1329.6665
     836    1296.6197
     837    1262.1826
     838    1233.2869
     839    1214.5005
     840    1207.2573
     841    1210.2407
     842    1220.4529
     843    1234.4174
     844    1249.1079
     845    1262.4240
     846    1273.2801
     847    1281.4823
     848    1287.5085
     849    1292.2169
     850    1296.5148
     851    1301.0799
     852    1306.2112
     853    1311.8529
     854    1317.7809
     855    1323.8237
     856    1329.7972
     857    1334.9471
     858    1337.4553
     859    1335.0216
     860    1326.4084
     861    1312.6229
     862    1296.8449
     863    1283.2841
     864    1275.5977
     865    1275.5090
     866    1282.0938
     867    1291.9697
     868    1300.3306
     869    1302.4869
     870    1295.4121
     871    1278.7853
     872    1255.2039
     873    1229.6052
     874    1208.1820
     875    1196.9092
     876    1199.3912
     877    1214.5953
     878    1236.6011
     879    1257.2932
     880    1270.0923
     881    1272.5412
     882    1266.8530
     883    1258.5857
     884    1254.2330
     885    1258.7380
     886    1273.8074
     887    1297.5144
     888    1325.1769
     889    1351.0517
     890    1370.1498
     891    1379.5554
     892    1378.9211
     893    1370.1094
     894    1356.2087
     895    1340.2989
     896    1324.4420
     897    1309.2734
     898    1294.2681
     899    1278.4309
     900    1261.0418
     901    1242.1408
     902    1222.6515
     903    1204.2165
     904    1188.8708
     905    1178.6793
     906    1175.4234
     907    1180.3678
     908    1194.0515
     909    1216.0545
     910    1244.7598
     911    1277.2711
     912    1309.6452
     913    1337.4755
     914    1356.6488
     915    1364.0425
     916    1358.0948
     917    1339.2935
     918    1310.4385
     919    1276.3227
     920    1242.6761
     921    1214.6483
     922    1195.4180
     923    1185.4739
     924    1182.8498
     925    1184.2106
     926    1186.3690
     927    1187.6434
     928    1188.5272
     929    1191.4042
     930    1199.4237
     931    1214.9840
     932    1238.4192
     933    1267.3939
     934    1297.2344
     935    1322.1021
     936    1336.6376
     937    1337.5502
     938    1324.6303
     939    1300.8513
     940    1271.5422
     941    1242.9275
     942    1220.5194
     943    1207.8272
     944    1205.7134
     945    1212.5069
     946    1224.7980
     947    1238.6412
     948    1250.8050
     949    1259.6628
     950    1265.4281
     951    1269.6749
     952    1274.4148
     953    1281.2004
     954    1290.5954
     955    1302.0549
     956    1314.0509
     957    1324.2775
     958    1329.9170
     959    1328.1401
     960    1316.9567
     961    1296.1502
     962    1267.7923
     963    1236.0191
     964    1206.1080
     965    1183.1395
     966    1170.6397
     967    1169.6067
     968    1178.2376
     969    1192.4530
     970    1207.0525
     971    1217.1490
     972    1219.4944
     973    1213.3692
     974    1200.8129
     975    1186.1092
     976    1174.5849
     977    1170.9695
     978    1177.7569
     979    1194.1258
     980    1215.9063
     981    1236.7029
     982    1249.8380
     983    1250.4945
     984    1237.3910
     985    1213.4605
     986    1185.2695
     987    1161.2900
     988    1149.4870
     989    1154.9050
     990    1177.9788
     991    1214.1111
     992    1254.7490
     993    1289.7424
     994    1310.3281
     995    1311.8288
     996    1295.2052
     997    1266.9341
     998    1237.1945
     999    1216.8255
    1000    1213.9279
    1001    1230.7870
    1002    1263.1119
    1003    1301.0973
    1004    1332.8041
    1005    1348.1902
    1006    1342.4159
    1007    1317.4234
    1008    1281.3599
    1009    1245.9878
    1010    1222.8856
    1011    1219.6547
    1012    1237.3945
    1013    1270.2967
    1014    1307.5415
    1015    1337.0489
    1016    1350.1847
    1017    1345.6658
    1018    1329.3116
    1019    1308.6319
    1020    1288.9925
    1021    1274.7316
    1022    1269.6242
    1023    1275.3046
    1024    1290.1912
    1025    1309.8125
    1026    1328.1133
    1027    1339.1704
    1028    1338.8337
    1029    1325.9051
    1030    1302.5745
    1031    1274.0084
    1032    1247.1374
    1033    1228.8873
    1034    1224.2916
    1035    1235.0053
    1036    1258.6663
    1037    1289.3218
    1038    1318.8672
    1039    1339.1664
    1040    1344.3263
    1041    1332.4865
    1042    1306.5356
    1043    1273.4398
    1044    1242.2592
    1045    1221.3549
    1046    1215.6070
    1047    1224.5866
    1048    1242.4182
    1049    1259.5460
    1050    1265.9431
    1051    1254.7366
    1052    1225.0061
    1053    1182.7262
    1054    1139.4132
    1055    1108.7884
    1056    1102.4476
    1057    1125.9027
    1058    1176.3389
    1059    1242.9748
    1060    1310.0175
    1061    1361.2472
    1062    1384.7369
    1063    1376.2046
    1064    1339.9438
    1065    1287.0450
    1066    1231.5897
    1067    1186.1798
    1068    1158.3152
    1069    1148.6879
    1070    1151.7691
    1071    1158.3574
    1072    1159.1960
    1073    1148.4611
    1074    1125.9841
    1075    1097.5041
    1076    1072.9038
    1077    1063.0211
    1078    1076.0592
    1079    1114.7194
    1080    1174.9686
    1081    1246.8095
    1082    1316.7823
    1083    1371.4039
    1084    1400.5532
    1085    1399.9246
    1086    1371.9526
    1087    1325.0058
    1088    1271.0811
    1089    1222.6198
    1090    1189.2993
    1091    1175.6863
    1092    1180.3808
    1093    1196.8706
    1094    1215.8095
    1095    1228.0321
    1096    1227.4032
    1097    1212.6671
    1098    1187.7593
    1099    1160.4988
    1100    1140.0578
    1101    1133.9727
    1102    1145.6194
    1103    1172.9390
    1104    1208.8213
    1105    1243.0545
    1106    1265.2883
    1107    1268.1486
    1108    1249.5646
    1109    1213.5809
    1110    1169.3841
    1111    1128.8052
    1112    1103.0249
    1113    1099.4338
    1114    1119.5462
    1115    1158.5759
    1116    1206.8147
    1117    1252.4447
    1118    1284.9736
    1119    1298.2642
    1120    1292.2268
    1121    1272.6231
    1122    1249.0193
    1123    1231.5305
    1124    1227.4072
    1125    1238.6023
    1126    1261.1630
    1127    1286.6602
    1128    1305.1809
    1129    1308.8287
    1130    1294.4816
    1131    1264.7864
    1132    1227.0835
    1133    1190.7987
    1134    1164.3660
    1135    1152.6809
    1136    1155.7605
    1137    1168.9570
    1138    1184.6590
    1139    1194.9118
    1140    1194.0518
    1141    1180.4125
    1142    1156.5376
    1143    1128.0392
    1144    1101.8603
    1145    1084.6242
    1146    1081.2900
    1147    1094.1596
    1148    1122.3970
    1149    1162.1997
    1150    1207.5915
    1151    1251.6582
    1152    1287.9592
    1153    1311.8042
    1154    1321.1241
    1155    1316.7265
    1156    1301.8787
    1157    1281.3164
    1158    1259.9449
    1159    1241.5534
    1160    1227.8591
    1161    1218.1134
    1162    1209.4144
    1163    1197.7344
    1164    1179.4620
    1165    1153.0392
    1166    1120.1331
    1167    1085.8354
    1168    1057.6462
    1169    1043.4004
    1170    1048.7305
    1171    1074.8967
    1172    1117.7969
    1173    1168.6137
    1174    1216.0461
    1175    1249.4986
    1176    1262.2339
    1177    1253.4489
    1178    1228.5516
    1179    1197.5131
    1180    1171.8205
    1181    1160.9737
    1182    1169.4449
    1183    1194.8069
    1184    1227.9270
    1185    1256.0388
    1186    1267.8081
    1187    1257.8310
    1188    1228.5809
    1189    1189.4110
    1190    1153.2844
    1191    1132.4119
    1192    1134.2074
    1193    1158.8506
    1194    1199.2355
    1195    1243.3078
    1196    1278.0183
    1197    1293.5486
    1198    1286.3867
    1199    1260.2305
    1200    1224.4663
    1201    1190.8123
    1202    1169.3421
    1203    1165.2791
    1204    1177.6149
    1205    1199.9411
    1206    1223.0916
    1207    1238.6072
    1208    1241.7731
    1209    1233.1837
    1210    1218.3300
    1211    1205.4267
    1212    1202.2995
    1213    1213.4350
    1214    1238.2045
    1215    1270.8460
    1216    1302.1959
    1217    1322.6031
    1218    1325.0810
    1219    1307.6627
    1220    1274.1659
    1221    1233.0994
    1222    1195.0696
    1223    1169.5557
    1224    1162.0918
    1225    1172.7276
    1226    1196.2275
    1227    1223.9283
    1228    1246.6547
    1229    1257.7462
    1230    1255.2092
    1231    1242.2915
    1232    1226.2910
    1233    1215.9687
    1234    1218.4015
    1235    1236.3023
    1236    1266.7314
    1237    1301.7125
    1238    1330.6478
    1239    1343.7857
    1240    1335.5708
    1241    1306.6959
    1242    1264.1091
    1243    1218.9332
    1244    1182.9684
    1245    1164.9612
    1246    1167.9016
    1247    1188.2592
    1248    1217.3864
    1249    1244.5627
    1250    1260.6069
    1251    1260.8451
    1252    1246.4845
    1253    1223.9898
    1254    1202.7113
    1255    1191.5725
    1256    1195.9533
    1257    1215.8495
    1258    1245.9409
    1259    1277.4854
    1260    1301.3059
    1261    1310.7979
    1262    1303.9610
    1263    1283.8597
    1264    1257.3934
    1265    1232.7832
    1266    1216.6699
    1267    1211.9975
    1268    1217.4944
    1269    1228.6732
    1270    1239.6714
    1271    1245.2099
    1272    1242.1661
    1273    1230.4466
    1274    1213.0128
    1275    1195.0569
    1276    1182.5391
    1277    1180.4757
    1278    1191.4828
    1279    1215.0010
    1280    1247.3956
    1281    1282.8530
    1282    1314.8007
    1283    1337.4712
    1284    1347.1823
    1285    1342.9806
    1286    1326.5734
    1287    1301.7967
    1288    1273.8415
    1289    1248.2318
    1290    1229.6208
    1291    1220.7233
    1292    1221.7250
    1293    1230.3376
    1294    1242.4807
    1295    1253.4345
    1296    1259.2116
    1297    1257.7821
    1298    1249.7491
    1299    1238.1622
    1300    1227.4512
    1301    1221.8111
    1302    1223.6161
    1303    1232.4591
    1304    1245.1816
    1305    1256.8926
    1306    1262.6110
    1307    1258.9605
    1308    1245.3171
    1309    1224.0114
    1310    1199.5382
    1311    1177.0950
    1312    1161.0091
    1313    1153.5802
    1314    1154.6396
    1315    1161.8334
    1316    1171.4920
    1317    1179.9540
    1318    1185.0281
    1319    1186.9441
    1320    1188.1879
    1321    1192.1907
    1322    1201.4825
    1323    1216.1851
    1324    1233.5307
    1325    1248.6291
    1326    1256.2089
    1327    1252.6703
    1328    1237.6699
    1329    1214.6037
    1330    1189.7441
    1331    1170.2772
    1332    1161.9195
    1333    1166.9784
    1334    1183.5868
    1335    1206.4130
    1336    1228.6029
    1337    1244.2532
    1338    1250.4848
    1339    1248.3610
    1340    1242.3364
    1341    1238.4618
    1342    1242.0205
    1343    1255.4407
    1344    1277.2161
    1345    1302.1793
    1346    1323.0443
    1347    1332.7169
    1348    1326.6216
    1349    1304.2868
    1350    1269.6818
    1351    1230.1894
    1352    1194.5456
    1353    1170.3576
    1354    1161.9664
    1355    1169.3249
    1356    1188.2516
    1357    1211.9455
    1358    1233.2017
    1359    1246.5081
    1360    1249.3258
    1361    1242.2851
    1362    1228.5354
    1363    1212.6269
    1364    1199.1647
    1365    1191.4755
    1366    1190.6293
    1367    1195.1628
    1368    1201.6057
    1369    1205.6339
    1370    1203.4774
    1371    1193.1600
    1372    1175.1977
    1373    1152.5693
    1374    1129.9903
    1375    1112.7244
    1376    1105.2747
    1377    1110.2848
    1378    1127.8843
    1379    1155.6104
    1380    1188.9093
    1381    1222.1487
    1382    1249.9907
    1383    1268.8135
    1384    1277.7123
    1385    1278.6658
    1386    1275.7553
    1387    1273.7011
    1388    1276.2098
    1389    1284.6651
    1390    1297.5803
    1391    1310.9867
    1392    1319.6422
    1393    1318.7041
    1394    1305.3632
    1395    1279.9221
    1396    1245.9576
    1397    1209.4610
    1398    1177.1710
    1399    1154.5580
    1400    1144.0849
    1401    1144.3630
    1402    1150.5717
    1403    1156.0392
    1404    1154.5045
    1405    1142.3963
    1406    1120.4049
    1407    1093.6875
    1408    1070.4343
    1409    1059.1562
    1410    1065.6305
    1411    1090.6213
    1412    1129.2558
    1413    1172.3664
    1414    1209.3985
    1415    1231.9023
    1416    1236.3625
    1417    1225.3497
    1418    1206.5822
    1419    1190.2202
    1420    1185.2765
    1421    1196.3584
    1422    1221.8585
    1423    1254.2766
    1424    1282.5955
    1425    1295.9521
    1426    1287.3733
    1427    1256.3030
    1428    1209.0043
    1429    1156.6497
    1430    1111.7513
    1431    1084.2106
    1432    1078.3657
    1433    1092.0093
    1434    1117.6162
    1435    1145.2563
    1436    1166.1215
    1437    1175.4208
    1438    1173.6635
    1439    1165.9645
    1440    1159.7629
    1441    1161.8957
    1442    1176.1096
    1443    1201.8148
    1444    1234.3806
    1445    1266.7737
    1446    1291.9222
    1447    1304.9667
    1448    1304.6120
    1449    1293.1385
    1450    1275.2070
    1451    1256.0453
    1452    1239.7874
    1453    1228.5468
    1454    1222.4233
    1455    1220.2251
    1456    1220.4560
    1457    1222.1014
    1458    1224.9357
    1459    1229.3088
    1460    1235.5906
    1461    1243.6103
    1462    1252.4303
    1463    1260.6391
    1464    1267.0214
    1465    1271.2216
    1466    1273.9959
    1467    1276.8612
    1468    1281.2388
    1469    1287.4432
    1470    1294.0088
    1471    1297.7545
    1472    1294.7071
    1473    1281.6295
    1474    1257.6080
    1475    1225.0404
    1476    1189.5344
    1477    1158.5714
    1478    1139.2785
    1479    1136.0577
    1480    1148.9641
    1481    1173.4870
    1482    1201.8820
    1483    1225.6187
    1484    1238.1084
    1485    1236.7860
    1486    1223.8271
    1487    1205.2239
    1488    1188.5098
    1489    1179.9284
    1490    1182.0651
    1491    1192.7696
    1492    1205.7618
    1493    1212.7545
    1494    1206.4326
    1495    1183.3023
    1496    1145.4293
    1497    1100.3868
    1498    1059.3119
    1499    1033.6035
    1500    1031.3074
    1501    1054.4155
    1502    1098.0437
    1503    1151.8057
    1504    1202.9389
    1505    1240.1463
    1506    1256.8799
    1507    1253.0022
    1508    1234.3278
    1509    1210.2999
    1510    1190.6633
    1511    1182.2935
    1512    1187.2158
    1513    1202.4050
    1514    1221.3432
    1515    1236.7083
    1516    1243.1561
    1517    1239.1528
    1518    1227.2158
    1519    1212.6032
    1520    1201.0771
    1521    1196.6092
    1522    1199.9056
    1523    1208.2977
    1524    1216.9739
    1525    1220.9553
    1526    1216.9667
    1527    1204.4933
    1528    1185.7095
    1529    1164.4127
    1530    1144.4798
    1531    1128.4772
    1532    1116.9621
    1533    1108.6995
    1534    1101.6964
    1535    1094.6222
    1536    1087.9748
    1537    1084.3245
    1538    1087.3029
    1539    1099.7098
    1540    1121.7071
    1541    1150.0539
    1542    1178.7444
    1543    1200.8151
    1544    1210.7201
    1545    1206.4675
    1546    1190.6929
    1547    1170.1004
    1548    1153.3150
    1549    1147.8327
    1550    1157.1866
    1551    1179.3965
    1552    1207.3450
    1553    1231.0348
    1554    1241.0273
    1555    1231.8723
    1556    1204.2790
    1557    1165.1535
    1558    1125.3914
    1559    1096.1480
    1560    1084.8887
    1561    1092.6439
    1562    1113.4761
    1563    1136.4090
    1564    1149.1852
    1565    1142.5810
    1566    1113.8044
    1567    1067.8102
    1568    1016.0608
    1569     973.0748
    1570     951.8154
    1571     959.4048
    1572     994.6907
    1573    1048.6332
    1574    1107.4270
    1575    1157.1450
    1576    1188.1188
    1577    1197.5221
    1578    1189.5186
    1579    1173.2922
    1580    1159.7242
    1581    1157.6327
    1582    1170.6854
    1583    1196.0794
    1584    1225.5327
    1585    1248.2809
    1586    1255.0457
    1587    1241.5762
    1588    1210.4623
    1589    1170.4853
    1590    1133.6754
    1591    1111.1514
    1592    1109.3273
    1593    1127.8656
    1594    1160.0036
    1595    1194.9867
    1596    1221.6462
    1597    1231.8438
    1598    1222.6619
    1599    1196.7558
    1600    1160.9565
    1601    1123.7817
    1602    1092.7799
    1603    1072.5708
    1604    1064.1340
    1605    1065.4237
    1606    1072.8875
    1607    1083.1761
    1608    1094.3717
    1609    1106.3427
    1610    1120.2301
    1611    1137.4451
    1612    1158.6929
    1613    1183.4614
    1614    1210.1194
    1615    1236.4738
    1616    1260.4402
    1617    1280.4995
    1618    1295.7652
    1619    1305.7193
    1620    1309.8281
    1621    1307.2913
    1622    1297.1056
    1623    1278.4944
    1624    1251.5774
    1625    1217.9985
    1626    1181.1845
    1627    1145.9979
    1628    1117.7768
    1629    1100.9748
    1630    1097.8065
    1631    1107.3724
    1632    1125.6592
    1633    1146.5732
    1634    1163.8018
    1635    1172.9388
    1636    1173.0904
    1637    1167.2698
    1638    1161.2911
    1639    1161.4681
    1640    1171.9336
    1641    1192.6171
    1642    1218.7367
    1643    1242.1236
    1644    1254.0125
    1645    1248.3406
    1646    1224.3328
    1647    1187.3276
    1648    1147.3641
    1649    1115.8971
    1650    1101.8050
    1651    1108.2056
    1652    1131.2701
    1653    1161.4468
    1654    1186.6591
    1655    1196.3810
    1656    1185.2110
    1657    1154.7113
    1658    1112.8926
    1659    1071.5116
    1660    1042.1185
    1661    1032.1913
    1662    1042.6705
    1663    1067.7277
    1664    1096.8408
    1665    1118.4688
    1666    1124.0694
    1667    1111.0867
    1668    1083.8701
    1669    1052.1954
    1670    1027.8662
    1671    1020.5645
    1672    1034.3939
    1673    1066.3507
    1674    1107.3089
    1675    1145.2026
    1676    1169.2701
    1677    1173.8191
    1678    1160.1414
    1679    1135.9296
    1680    1112.4630
    1681    1100.6268
    1682    1107.1852
    1683    1132.5790
    1684    1170.9363
    1685    1212.1935
    1686    1245.4960
    1687    1262.6605
    1688    1260.5196
    1689    1241.4510
    1690    1212.0509
    1691    1180.5637
    1692    1154.0593
    1693    1136.3278
    1694    1127.1236
    1695    1122.8729
    1696    1118.4434
    1697    1109.2792
    1698    1093.1531
    1699    1070.9931
    1700    1046.5976
    1701    1025.3927
    1702    1012.6749
    1703    1011.9237
    1704    1023.7411
    1705    1045.7510
    1706    1073.4213
    1707    1101.4494
    1708    1125.1951
    1709    1141.7053
    1710    1150.0754
    1711    1151.1521
    1712    1146.8182
    1713    1139.2052
    1714    1130.1449
    1715    1121.0120
    1716    1112.8832
    1717    1106.7775
    1718    1103.7345
    1719    1104.6152
    1720    1109.7070
    1721    1118.3314
    1722    1128.7038
    1723    1138.2571
    1724    1144.4523
    1725    1145.8169
    1726    1142.7224
    1727    1137.4586
    1728    1133.4443
    1729    1133.8015
    1730    1139.8558
    1731    1150.2108
    1732    1160.8819
    1733    1166.5472
    1734    1162.5136
    1735    1146.6617
    1736    1120.6015
    1737    1089.5531
    1738    1060.9393
    1739    1042.1341
    1740    1038.1084
    1741    1049.7439
    1742    1073.4064
    1743    1101.9920
    1744    1127.2058
    1745    1142.3458
    1746    1144.5861
    1747    1135.8734
    1748    1122.0116
    1749    1110.3038
    1750    1106.7813
    1751    1114.1525
    1752    1131.0681
    1753    1152.7480
    1754    1172.7084
    1755    1185.0508
    1756    1186.5764
    1757    1177.9728
    1758    1163.5830
    1759    1149.7791
    1760    1142.4902
    1761    1144.7990
    1762    1155.5415
    1763    1169.4915
    1764    1179.1538
    1765    1177.5554
    1766    1160.9976
    1767    1130.6979
    1768    1092.6436
    1769    1055.6712
    1770    1028.4588
    1771    1016.5491
    1772    1020.5328
    1773    1036.0814
    1774    1055.8257
    1775    1072.3451
    1776    1081.1202
    1777    1082.2937
    1778    1080.5705
    1779    1083.2711
    1780    1097.2362
    1781    1125.7339
    1782    1166.5947
    1783    1212.4028
    1784    1252.7466
    1785    1277.6631
    1786    1280.9588
    1787    1262.1974
    1788    1226.7006
    1789    1183.6155
    1790    1142.7487
    1791    1111.2699
    1792    1091.4394
    1793    1080.1991
    1794    1070.7859
    1795    1055.7706
    1796    1030.4085
    1797     995.0957
    1798     956.0151
    1799     923.5685
    1800     908.9665
    1801     920.2367
    1802     959.2787
    1803    1021.0095
    1804    1094.6527
    1805    1166.6234
    1806    1224.1647
    1807    1258.6894
    1808    1267.8158
    1809    1255.4824
    1810    1230.1588
    1811    1201.8179
    1812    1178.7221
    1813    1165.0721
    1814    1160.2253
    1815    1159.6086
    1816    1156.8999
    1817    1146.6705
    1818    1126.5746
    1819    1098.3591
    1820    1067.3705
    1821    1040.7560
    1822    1025.0408
    1823    1023.9914
    1824    1037.5117
    1825    1061.8661
    1826    1091.0100
    1827    1118.4544
    1828    1139.0182
    1829    1149.9609
    1830    1151.2817
    1831    1145.2459
    1832    1135.4112
    1833    1125.4889
    1834    1118.3483
    1835    1115.3730
    1836    1116.3201
    1837    1119.7395
    1838    1123.8134
    1839    1127.2398
    1840    1129.7302
    1841    1131.9020
    1842    1134.6683
    1843    1138.4966
    1844    1142.9533
    1845    1146.8057
    1846    1148.6475
    1847    1147.7213
    1848    1144.4906
    1849    1140.6058
    1850    1138.2266
    1851    1138.9606
    1852    1142.8971
    1853    1148.2251
    1854    1151.6984
    1855    1149.8592
    1856    1140.5399
    1857    1123.9940
    1858    1103.1276
    1859    1082.6878
    1860    1067.7034
    1861    1061.7562
    1862    1065.7291
    1863    1077.5070
    1864    1092.7420
    1865    1106.4145
    1866    1114.6337
    1867    1116.0368
    1868    1112.2724
    1869    1107.3732
    1870    1106.2139
    1871    1112.6264
    1872    1127.8723
    1873    1150.0332
    1874    1174.5323
    1875    1195.5856
    1876    1208.0742
    1877    1209.2152
    1878    1199.4654
    1879    1182.3579
    1880    1163.3019
    1881    1147.7947
    1882    1139.6545
    1883    1139.8521
    1884    1146.3003
    1885    1154.6240
    1886    1159.6508
    1887    1157.1457
    1888    1145.2155
    1889    1124.9322
    1890    1099.9473
    1891    1075.2443
    1892    1055.4756
    1893    1043.5012
    1894    1039.6804
    1895    1042.1813
    1896    1048.1372
    1897    1055.0827
    1898    1061.9632
    1899    1069.2719
    1900    1078.4409
    1901    1090.9707
    1902    1107.6594
    1903    1128.0808
    1904    1150.4261
    1905    1171.7995
    1906    1188.9266
    1907    1199.0303
    1908    1200.5612
    1909    1193.5147
    1910    1179.2385
    1911    1159.8324
    1912    1137.4012
    1913    1113.4735
    1914    1088.8229
    1915    1063.7410
    1916    1038.6097
    1917    1014.4774
    1918     993.3425
    1919     977.9507
    1920     971.1104
    1921     974.7481
    1922     989.0483
    1923    1012.0309
    1924    1039.7858
    1925    1067.3797
    1926    1090.2031
    1927    1105.3366
    1928    1112.4556
    1929    1113.9136
    1930    1113.8971
    1931    1116.8603
    1932    1125.7321
    1933    1140.5534
    1934    1158.1606
    1935    1173.1834
    1936    1180.0377
    1937    1175.1274
    1938    1158.3932
    1939    1133.6367
    1940    1107.4653
    1941    1087.1815
    1942    1078.2914
    1943    1082.5308
    1944    1097.2118
    1945    1116.1960
    1946    1132.0789
    1947    1138.7211
    1948    1133.2623
    1949    1117.0032
    1950    1094.8686
    1951    1073.6372
    1952    1059.5456
    1953    1056.1295
    1954    1063.0661
    1955    1076.4058
    1956    1090.0491
    1957    1097.9249
    1958    1096.1091
    1959    1084.1772
    1960    1065.3641
    1961    1045.4838
    1962    1030.9847
    1963    1026.8051
    1964    1034.7773
    1965    1053.0985
    1966    1076.9963
    1967    1100.3093
    1968    1117.4440
    1969    1125.0832
    1970    1123.1142
    1971    1114.4688
    1972    1103.9369
    1973    1096.3810
    1974    1094.9945
    1975    1100.2313
    1976    1109.7997
    1977    1119.7163
    1978    1126.0115
    1979    1126.4251
    1980    1121.3682
    1981    1113.6764
    1982    1107.2460
    1983    1105.2722
    1984    1108.9730
    1985    1117.2428
    1986    1127.1892
    1987    1135.2722
    1988    1138.6604
    1989    1136.3352
    1990    1129.5198
    1991    1121.2544
    1992    1115.2564
    1993    1114.4631
    1994    1119.7892
    1995    1129.5621
    1996    1139.8849
    1997    1145.8530
    1998    1143.2451
    1999    1130.1054
    2000    1107.6415
