#Frame              T
       1    2993.3629
       2    2884.3961
       3    2698.0658
       4    2474.1349
       5    2255.5493
       6    2076.3027
       7    1952.7020
       8    1880.7858
       9    1840.4987
      10    1804.9088
      11    1751.1336
      12    1669.2076
      13    1565.9688
      14    1462.8021
      15    1388.1493
      16    1367.3927
      17    1413.5798
      18    1522.1893
      19    1671.7086
      20    1829.7090
      21    1962.2461
      22    2043.4730
      23    2062.4733
      24    2025.3307
      25    1952.0112
      26    1869.2597
      27    1801.9533
      28    1765.7730
      29    1763.5164
      30    1785.9724
      31    1816.6203
      32    1838.1633
      33    1838.5022
      34    1814.2532
      35    1770.9586
      36    1720.3273
      37    1675.8023
      38    1648.1358
      39    1642.3658
      40    1656.9260
      41    1684.8433
      42    1716.3430
      43    1741.8679
      44    1754.5776
      45    1751.7043
      46    1734.4245
      47    1706.3437
      48    1671.6043
      49    1634.0795
      50    1597.9782
      51    1568.5653
      52    1551.7059
      53    1552.1253
      54    1571.2413
      55    1605.6849
      56    1647.3288
      57    1685.0588
      58    1707.9007
      59    1708.5577
      60    1686.1261
      61    1646.8954
      62    1602.7321
      63    1567.3999
      64    1551.9700
      65    1560.9360
      66    1590.4648
      67    1629.4979
      68    1663.4271
      69    1679.1441
      70    1669.7264
      71    1637.0107
      72    1590.9543
      73    1545.9167
      74    1515.4010
      75    1507.4585
      76    1522.3175
      77    1552.6377
      78    1586.0624
      79    1609.3103
      80    1612.6025
      81    1593.0162
      82    1555.5969
      83    1511.7941
      84    1475.7151
      85    1459.4923
      86    1469.3575
      87    1503.7294
      88    1553.8741
      89    1606.8410
      90    1649.6054
      91    1673.0110
      92    1674.2820
      93    1657.4362
      94    1631.5808
      95    1607.6752
      96    1594.8046
      97    1597.2093
      98    1613.0612
      99    1635.3735
     100    1654.6404
     101    1662.2120
     102    1653.1865
     103    1627.8452
     104    1591.2282
     105    1551.1649
     106    1515.5661
     107    1489.9861
     108    1476.2379
     109    1472.4338
     110    1474.2792
     111    1477.0250
     112    1477.2719
     113    1473.9579
     114    1468.2343
     115    1462.4319
     116    1458.6783
     117    1457.8465
     118    1459.2896
     119    1461.3614
     120    1462.3265
     121    1461.1265
     122    1457.6496
     123    1452.4568
     124    1446.1856
     125    1439.0183
     126    1430.5078
     127    1419.8533
     128    1406.4724
     129    1390.5770
     130    1373.4511
     131    1357.2654
     132    1344.4926
     133    1337.1556
     134    1336.1947
     135    1341.1575
     136    1350.3103
     137    1361.1830
     138    1371.4421
     139    1379.8104
     140    1386.6556
     141    1393.9426
     142    1404.4682
     143    1420.6054
     144    1443.0247
     145    1469.9933
     146    1497.7143
     147    1521.6567
     148    1538.1963
     149    1545.7804
     150    1545.2175
     151    1539.1285
     152    1530.8441
     153    1523.1439
     154    1517.2683
     155    1512.5347
     156    1506.6825
     157    1496.8111
     158    1480.5704
     159    1457.2145
     160    1428.1928
     161    1397.1051
     162    1368.9817
     163    1349.0160
     164    1341.0574
     165    1346.3793
     166    1363.2827
     167    1387.7845
     168    1415.0806
     169    1441.0809
     170    1463.3467
     171    1481.1735
     172    1495.0379
     173    1505.8768
     174    1514.5614
     175    1521.6391
     176    1527.2436
     177    1531.0793
     178    1532.4584
     179    1530.3971
     180    1523.8040
     181    1511.7617
     182    1493.8847
     183    1470.6742
     184    1443.7622
     185    1415.9374
     186    1390.8893
     187    1372.6599
     188    1364.8530
     189    1369.7070
     190    1387.2439
     191    1414.8797
     192    1447.8128
     193    1480.1949
     194    1506.7372
     195    1524.2596
     196    1532.6390
     197    1534.7311
     198    1535.2130
     199    1538.7629
     200    1548.2451
     201    1563.5456
     202    1581.4540
     203    1596.6345
     204    1603.4067
     205    1597.7910
     206    1579.1288
     207    1550.6308
     208    1518.5573
     209    1490.2408
     210    1471.6215
     211    1465.1861
     212    1469.0503
     213    1477.5360
     214    1483.0928
     215    1478.9819
     216    1461.8412
     217    1433.1769
     218    1399.1457
     219    1368.6349
     220    1350.3256
     221    1349.7723
     222    1367.4955
     223    1398.6854
     224    1434.6237
     225    1465.3990
     226    1483.0682
     227    1484.1878
     228    1470.7892
     229    1449.4721
     230    1428.9496
     231    1416.9303
     232    1417.3972
     233    1429.2379
     234    1446.7770
     235    1462.0702
     236    1468.0801
     237    1461.4820
     238    1444.0191
     239    1421.8782
     240    1403.2777
     241    1395.1762
     242    1400.4465
     243    1416.7050
     244    1437.2338
     245    1453.5196
     246    1458.3612
     247    1448.4027
     248    1425.2338
     249    1394.7209
     250    1364.8401
     251    1342.8198
     252    1332.7151
     253    1334.3686
     254    1344.0435
     255    1356.2905
     256    1366.2309
     257    1371.3952
     258    1372.4410
     259    1372.4577
     260    1375.1516
     261    1382.8230
     262    1395.2008
     263    1409.5604
     264    1421.8219
     265    1428.0934
     266    1426.1474
     267    1416.3446
     268    1401.6478
     269    1386.6942
     270    1376.2731
     271    1373.7985
     272    1380.3106
     273    1394.2366
     274    1411.8953
     275    1428.6865
     276    1440.7555
     277    1446.4992
     278    1447.1481
     279    1446.1635
     280    1447.8000
     281    1455.4191
     282    1470.1378
     283    1490.2653
     284    1511.7286
     285    1529.3406
     286    1538.5002
     287    1536.7687
     288    1524.7849
     289    1506.1825
     290    1486.4301
     291    1470.9008
     292    1462.8643
     293    1462.3176
     294    1466.2089
     295    1469.8134
     296    1468.5474
     297    1459.5648
     298    1442.7140
     299    1420.6255
     300    1397.8953
     301    1379.5391
     302    1369.1285
     303    1367.3541
     304    1371.8265
     305    1378.3814
     306    1383.1809
     307    1384.4547
     308    1383.1107
     309    1382.1033
     310    1384.9732
     311    1394.2485
     312    1410.3841
     313    1431.5502
     314    1454.0974
     315    1473.4443
     316    1485.4738
     317    1488.2654
     318    1483.1939
     319    1474.5302
     320    1467.7201
     321    1467.2173
     322    1474.7859
     323    1488.8818
     324    1505.2983
     325    1518.7855
     326    1525.0029
     327    1522.0671
     328    1511.1394
     329    1495.8759
     330    1480.9840
     331    1470.4573
     332    1466.1610
     333    1467.2776
     334    1470.7675
     335    1472.5831
     336    1469.1126
     337    1458.3280
     338    1440.2935
     339    1416.9740
     340    1391.4983
     341    1367.1732
     342    1346.6563
     343    1331.6512
     344    1323.2096
     345    1322.2774
     346    1329.9540
     347    1347.1879
     348    1374.0406
     349    1408.8994
     350    1448.0797
     351    1486.1381
     352    1516.9794
     353    1535.5144
     354    1539.3473
     355    1529.8393
     356    1512.0060
     357    1493.0817
     358    1480.1122
     359    1477.4018
     360    1484.7979
     361    1497.5444
     362    1507.8239
     363    1507.4684
     364    1490.9212
     365    1457.4728
     366    1411.9736
     367    1363.6330
     368    1323.1948
     369    1299.4311
     370    1296.2118
     371    1311.2215
     372    1336.7971
     373    1362.5820
     374    1379.1047
     375    1381.0681
     376    1369.2112
     377    1350.0306
     378    1333.3496
     379    1328.5595
     380    1341.0371
     381    1370.2119
     382    1409.9534
     383    1450.8542
     384    1483.3811
     385    1500.7771
     386    1500.8485
     387    1486.2037
     388    1462.9947
     389    1438.6737
     390    1419.5329
     391    1408.8310
     392    1406.0836
     393    1407.6914
     394    1408.6006
     395    1404.3616
     396    1392.8411
     397    1375.0259
     398    1354.6694
     399    1336.9369
     400    1326.5510
     401    1326.1568
     402    1335.5519
     403    1352.0191
     404    1371.4725
     405    1389.8493
     406    1404.2070
     407    1413.2409
     408    1417.1948
     409    1417.3558
     410    1415.4244
     411    1413.0259
     412    1411.4745
     413    1411.7128
     414    1414.2948
     415    1419.3511
     416    1426.5591
     417    1435.1599
     418    1444.0478
     419    1451.9375
     420    1457.5985
     421    1460.1216
     422    1459.1425
     423    1454.9382
     424    1448.3321
     425    1440.4254
     426    1432.2374
     427    1424.3967
     428    1416.9900
     429    1409.6372
     430    1401.7836
     431    1393.1223
     432    1383.9988
     433    1375.6068
     434    1369.8115
     435    1368.5686
     436    1373.1093
     437    1383.2286
     438    1396.9873
     439    1410.9977
     440    1421.2202
     441    1424.0732
     442    1417.5868
     443    1402.2786
     444    1381.3510
     445    1359.9124
     446    1343.3605
     447    1335.5411
     448    1337.4564
     449    1347.0457
     450    1360.0761
     451    1371.7742
     452    1378.5921
     453    1379.4621
     454    1376.0886
     455    1372.1862
     456    1371.9961
     457    1378.6698
     458    1393.0919
     459    1413.4937
     460    1435.9419
     461    1455.5011
     462    1467.6718
     463    1469.6238
     464    1460.8551
     465    1443.1190
     466    1419.7191
     467    1394.4628
     468    1370.6528
     469    1350.4390
     470    1334.6942
     471    1323.3656
     472    1316.0721
     473    1312.6417
     474    1313.3084
     475    1318.4637
     476    1328.1026
     477    1341.2780
     478    1355.9191
     479    1369.1800
     480    1378.2390
     481    1381.2605
     482    1378.1301
     483    1370.6358
     484    1361.9363
     485    1355.4333
     486    1353.4461
     487    1356.2410
     488    1361.8856
     489    1367.0888
     490    1368.7465
     491    1365.5747
     492    1359.1211
     493    1353.6494
     494    1354.8294
     495    1367.6345
     496    1394.1959
     497    1432.4343
     498    1476.0502
     499    1515.9923
     500    1542.9974
     501    1550.3837
     502    1536.1722
     503    1503.8173
     504    1461.2989
     505    1418.8725
     506    1386.1964
     507    1369.7442
     508    1371.2732
     509    1387.7894
     510    1412.9234
     511    1439.1635
     512    1460.1453
     513    1472.2694
     514    1475.2473
     515    1471.5516
     516    1465.0750
     517    1459.4939
     518    1456.8856
     519    1457.0266
     520    1457.5571
     521    1454.9272
     522    1445.7860
     523    1428.3145
     524    1403.0187
     525    1372.6883
     526    1341.5990
     527    1314.3402
     528    1294.7482
     529    1285.2228
     530    1286.4641
     531    1297.5383
     532    1316.1786
     533    1339.2160
     534    1363.0531
     535    1384.1270
     536    1399.3502
     537    1406.5400
     538    1404.8148
     539    1394.8618
     540    1378.9329
     541    1360.4580
     542    1343.2943
     543    1330.7986
     544    1325.0248
     545    1326.3076
     546    1333.3518
     547    1343.7565
     548    1354.8013
     549    1364.2747
     550    1371.1061
     551    1375.5974
     552    1379.1214
     553    1383.3455
     554    1389.2573
     555    1396.4002
     556    1402.6803
     557    1404.8719
     558    1399.6750
     559    1384.9692
     560    1360.8677
     561    1330.2135
     562    1298.2761
     563    1271.6211
     564    1256.4053
     565    1256.6243
     566    1272.8795
     567    1302.0868
     568    1338.2492
     569    1374.1244
     570    1403.3377
     571    1422.2548
     572    1430.8940
     573    1432.4338
     574    1431.4230
     575    1431.4078
     576    1433.0492
     577    1433.6055
     578    1427.9650
     579    1410.7298
     580    1378.5570
     581    1331.9349
     582    1275.7617
     583    1218.4498
     584    1169.8210
     585    1138.4693
     586    1129.4550
     587    1143.0480
     588    1174.8942
     589    1217.5411
     590    1262.7901
     591    1303.9995
     592    1337.4128
     593    1362.1155
     594    1379.1416
     595    1390.6347
     596    1399.3239
     597    1407.9661
     598    1418.5902
     599    1431.7749
     600    1446.2646
     601    1459.0598
     602    1466.0062
     603    1462.8647
     604    1446.7113
     605    1417.2906
     606    1377.7918
     607    1334.6084
     608    1296.0077
     609    1270.0344
     610    1262.2597
     611    1274.0536
     612    1301.9338
     613    1338.2630
     614    1373.1985
     615    1397.3975
     616    1404.6977
     617    1393.9361
     618    1369.2905
     619    1338.9956
     620    1312.8189
     621    1299.0864
     622    1302.1604
     623    1321.0937
     624    1349.7996
     625    1378.6769
     626    1397.3416
     627    1397.8334
     628    1377.4040
     629    1339.8579
     630    1294.7909
     631    1254.8270
     632    1231.7257
     633    1232.6623
     634    1257.9296
     635    1300.8319
     636    1349.8266
     637    1392.2221
     638    1418.2111
     639    1423.9185
     640    1412.4603
     641    1392.6470
     642    1375.7353
     643    1371.3117
     644    1383.7232
     645    1410.3305
     646    1442.2578
     647    1467.3975
     648    1474.6164
     649    1457.6687
     650    1417.4524
     651    1361.8422
     652    1303.1778
     653    1254.2929
     654    1224.4941
     655    1216.8965
     656    1227.9854
     657    1249.4232
     658    1271.3196
     659    1285.7908
     660    1289.6099
     661    1285.1073
     662    1279.0212
     663    1279.6772
     664    1293.4904
     665    1322.1091
     666    1361.3135
     667    1402.0901
     668    1433.4920
     669    1446.2794
     670    1436.0715
     671    1404.8872
     672    1360.4705
     673    1313.6439
     674    1274.7733
     675    1250.7604
     676    1243.5332
     677    1250.2394
     678    1264.7999
     679    1280.2244
     680    1290.9292
     681    1294.3476
     682    1291.4106
     683    1285.8421
     684    1282.6032
     685    1286.0407
     686    1298.3517
     687    1318.8573
     688    1344.2909
     689    1369.9313
     690    1391.1022
     691    1404.4662
     692    1408.7197
     693    1404.5922
     694    1394.3173
     695    1380.8795
     696    1367.2920
     697    1356.0527
     698    1348.8120
     699    1346.2205
     700    1347.9091
     701    1352.5510
     702    1358.0010
     703    1361.5883
     704    1360.6663
     705    1353.4093
     706    1339.6429
     707    1321.3239
     708    1302.3458
     709    1287.5978
     710    1281.5274
     711    1286.6584
     712    1302.5743
     713    1325.7736
     714    1350.5574
     715    1370.7612
     716    1381.8153
     717    1382.3934
     718    1374.9680
     719    1364.9033
     720    1358.3629
     721    1359.9011
     722    1370.7279
     723    1388.1795
     724    1406.4143
     725    1418.1261
     726    1416.8406
     727    1399.1547
     728    1366.1778
     729    1323.6341
     730    1280.5216
     731    1246.6497
     732    1229.7398
     733    1232.9449
     734    1253.6461
     735    1284.0951
     736    1313.9436
     737    1333.9283
     738    1339.3491
     739    1331.9071
     740    1319.0518
     741    1310.8938
     742    1315.8195
     743    1336.7944
     744    1370.0701
     745    1406.5460
     746    1434.9099
     747    1445.3881
     748    1432.9189
     749    1398.7526
     750    1349.9904
     751    1297.2462
     752    1251.2587
     753    1219.6673
     754    1205.0908
     755    1205.0262
     756    1213.4054
     757    1223.1402
     758    1228.7475
     759    1228.1611
     760    1223.1720
     761    1218.4078
     762    1219.2693
     763    1229.5893
     764    1249.9066
     765    1277.0440
     766    1305.1675
     767    1327.8625
     768    1340.3806
     769    1341.2199
     770    1332.5352
     771    1319.3053
     772    1307.5873
     773    1302.4434
     774    1306.1699
     775    1317.4305
     776    1331.7267
     777    1343.1387
     778    1346.6198
     779    1339.9408
     780    1324.6579
     781    1305.7432
     782    1289.7684
     783    1282.2238
     784    1285.4201
     785    1298.1255
     786    1316.6431
     787    1336.2983
     788    1352.7335
     789    1362.8915
     790    1365.6555
     791    1362.0416
     792    1354.8153
     793    1347.5302
     794    1343.2713
     795    1343.6021
     796    1348.1379
     797    1354.7772
     798    1360.3629
     799    1361.5111
     800    1355.4289
     801    1340.6064
     802    1317.2987
     803    1287.6900
     804    1255.6428
     805    1226.0372
     806    1203.8307
     807    1193.0345
     808    1195.8085
     809    1211.9302
     810    1238.8791
     811    1272.5170
     812    1308.0773
     813    1341.1401
     814    1368.3970
     815    1388.1138
     816    1400.2197
     817    1406.0074
     818    1407.5067
     819    1406.6750
     820    1404.6392
     821    1401.2366
     822    1395.0156
     823    1383.7244
     824    1365.1818
     825    1338.3145
     826    1304.0235
     827    1265.4144
     828    1227.1164
     829    1194.1167
     830    1170.8556
     831    1160.7297
     832    1165.5703
     833    1184.9784
     834    1215.9026
     835    1252.8471
     836    1288.8320
     837    1316.9224
     838    1331.9369
     839    1331.8285
     840    1318.2699
     841    1296.1816
     842    1272.2653
     843    1252.9209
     844    1242.2070
     845    1240.5621
     846    1244.7122
     847    1248.6458
     848    1245.3211
     849    1229.0604
     850    1198.3075
     851    1157.4356
     852    1116.2641
     853    1087.2102
     854    1081.1567
     855    1103.5246
     856    1151.9267
     857    1216.2673
     858    1281.3390
     859    1331.1310
     860    1353.5186
     861    1343.9163
     862    1306.7840
     863    1254.5275
     864    1204.0739
     865    1172.0433
     866    1169.7467
     867    1199.3649
     868    1252.8305
     869    1314.4049
     870    1366.1500
     871    1393.9059
     872    1391.5489
     873    1362.4252
     874    1317.8589
     875    1273.3993
     876    1244.0027
     877    1239.5287
     878    1261.8277
     879    1304.2505
     880    1353.7397
     881    1394.8976
     882    1414.7910
     883    1407.0209
     884    1373.7681
     885    1325.1276
     886    1275.8643
     887    1240.6354
     888    1229.3209
     889    1244.0873
     890    1279.0419
     891    1322.4061
     892    1360.4252
     893    1381.7695
     894    1381.0548
     895    1360.3880
     896    1328.4686
     897    1297.5615
     898    1279.3529
     899    1281.0340
     900    1302.8687
     901    1338.0178
     902    1374.6656
     903    1399.7754
     904    1403.2847
     905    1381.3819
     906    1337.7828
     907    1282.5909
     908    1229.1622
     909    1190.0753
     910    1173.5412
     911    1181.2945
     912    1208.4735
     913    1245.3874
     914    1280.6014
     915    1304.3865
     916    1311.4798
     917    1302.3371
     918    1282.5820
     919    1260.9414
     920    1246.3911
     921    1245.4010
     922    1260.0901
     923    1287.7843
     924    1322.0323
     925    1354.6712
     926    1378.1999
     927    1387.6799
     928    1381.6934
     929    1362.3029
     930    1334.2047
     931    1303.3324
     932    1275.2613
     933    1253.8377
     934    1240.3927
     935    1233.6905
     936    1230.5710
     937    1227.0413
     938    1219.5163
     939    1205.9281
     940    1186.5166
     941    1164.1332
     942    1143.9137
     943    1132.2491
     944    1135.1592
     945    1156.4056
     946    1195.8637
     947    1248.7574
     948    1306.2219
     949    1357.3019
     950    1391.9555
     951    1404.1326
     952    1393.8148
     953    1367.1484
     954    1334.4774
     955    1306.9259
     956    1292.7761
     957    1294.9383
     958    1310.3273
     959    1331.2069
     960    1347.9650
     961    1352.4410
     962    1340.8377
     963    1315.2870
     964    1283.4410
     965    1256.0319
     966    1243.0794
     967    1250.0089
     968    1275.1888
     969    1310.0342
     970    1341.8038
     971    1358.0988
     972    1351.3915
     973    1321.9209
     974    1277.9318
     975    1233.2019
     976    1202.6744
     977    1197.5454
     978    1221.3980
     979    1268.7851
     980    1326.8507
     981    1379.5000
     982    1412.7097
     983    1419.1484
     984    1400.4777
     985    1366.5062
     986    1331.5182
     987    1309.1282
     988    1307.5001
     989    1326.5784
     990    1358.2362
     991    1389.2337
     992    1405.9652
     993    1399.3385
     994    1368.0661
     995    1319.1917
     996    1265.6759
     997    1221.9219
     998    1198.8624
     999    1200.3571
    1000    1222.0645
    1001    1253.5539
    1002    1281.7934
    1003    1296.1374
    1004    1291.9924
    1005    1272.2689
    1006    1245.9695
    1007    1224.4736
    1008    1217.1214
    1009    1227.8670
    1010    1254.0567
    1011    1287.5055
    1012    1317.4097
    1013    1334.1270
    1014    1332.5537
    1015    1313.8932
    1016    1285.1717
    1017    1256.6633
    1018    1238.1704
    1019    1235.5210
    1020    1248.5723
    1021    1271.4530
    1022    1294.9539
    1023    1310.1804
    1024    1312.0832
    1025    1301.4617
    1026    1284.5599
    1027    1270.4163
    1028    1267.2237
    1029    1279.2839
    1030    1305.5385
    1031    1339.9322
    1032    1373.4016
    1033    1396.8391
    1034    1404.0209
    1035    1393.5109
    1036    1368.9100
    1037    1337.4104
    1038    1307.1709
    1039    1284.4831
    1040    1271.7807
    1041    1267.2259
    1042    1266.0038
    1043    1262.7789
    1044    1254.2669
    1045    1240.7877
    1046    1226.0729
    1047    1215.4703
    1048    1213.5736
    1049    1222.4972
    1050    1241.3392
    1051    1266.7213
    1052    1294.0298
    1053    1318.9248
    1054    1338.5927
    1055    1352.2771
    1056    1360.9169
    1057    1366.1107
    1058    1368.9318
    1059    1369.1528
    1060    1365.2260
    1061    1355.0448
    1062    1337.1746
    1063    1312.0177
    1064    1282.3552
    1065    1252.9279
    1066    1229.1196
    1067    1215.2223
    1068    1212.9725
    1069    1220.9244
    1070    1234.9059
    1071    1249.3986
    1072    1259.4053
    1073    1262.2069
    1074    1258.3923
    1075    1251.6920
    1076    1247.5536
    1077    1250.9362
    1078    1264.1656
    1079    1285.7082
    1080    1310.3860
    1081    1331.0190
    1082    1340.9329
    1083    1336.4311
    1084    1318.2816
    1085    1291.6198
    1086    1264.2859
    1087    1244.2409
    1088    1236.9837
    1089    1243.8214
    1090    1261.5127
    1091    1283.4022
    1092    1301.6854
    1093    1310.0592
    1094    1305.8626
    1095    1290.9484
    1096    1270.9499
    1097    1253.1859
    1098    1243.9364
    1099    1246.0811
    1100    1257.9808
    1101    1274.0679
    1102    1286.9473
    1103    1290.2308
    1104    1281.0070
    1105    1260.9990
    1106    1236.0132
    1107    1213.9339
    1108    1202.0022
    1109    1204.2849
    1110    1220.1742
    1111    1244.4162
    1112    1268.7070
    1113    1284.3887
    1114    1285.3866
    1115    1270.3485
    1116    1243.1737
    1117    1211.6816
    1118    1184.8918
    1119    1169.9209
    1120    1169.6092
    1121    1181.6405
    1122    1199.3401
    1123    1213.8495
    1124    1217.1530
    1125    1205.1383
    1126    1179.5364
    1127    1147.7764
    1128    1120.6896
    1129    1108.9083
    1130    1119.2015
    1131    1151.9279
    1132    1200.4479
    1133    1252.8308
    1134    1295.4578
    1135    1317.3366
    1136    1313.6245
    1137    1287.1891
    1138    1247.7347
    1139    1208.7694
    1140    1183.3222
    1141    1179.7481
    1142    1198.9986
    1143    1234.3023
    1144    1273.4261
    1145    1302.7984
    1146    1312.1159
    1147    1297.8676
    1148    1264.5548
    1149    1223.1485
    1150    1187.2757
    1151    1168.4561
    1152    1172.1252
    1153    1195.8710
    1154    1230.4052
    1155    1262.7668
    1156    1280.5802
    1157    1275.9975
    1158    1248.1168
    1159    1203.1488
    1160    1152.3135
    1161    1108.2091
    1162    1080.9249
    1163    1075.2000
    1164    1089.4773
    1165    1116.9918
    1166    1148.3571
    1167    1174.6924
    1168    1190.2414
    1169    1193.6942
    1170    1187.9249
    1171    1178.4215
    1172    1171.1084
    1173    1170.3597
    1174    1177.8185
    1175    1192.2497
    1176    1210.2810
    1177    1227.6510
    1178    1240.5108
    1179    1246.4152
    1180    1244.8008
    1181    1236.9072
    1182    1225.2750
    1183    1213.0236
    1184    1203.1339
    1185    1197.8723
    1186    1198.4132
    1187    1204.6573
    1188    1215.2314
    1189    1227.6754
    1190    1238.8288
    1191    1245.4284
    1192    1244.8816
    1193    1236.0967
    1194    1220.1208
    1195    1200.2856
    1196    1181.6232
    1197    1169.5481
    1198    1168.1207
    1199    1178.4872
    1200    1198.1528
    1201    1221.5015
    1202    1241.4729
    1203    1251.8337
    1204    1249.2760
    1205    1234.6344
    1206    1212.7780
    1207    1191.1628
    1208    1177.4653
    1209    1177.0419
    1210    1191.0042
    1211    1215.5543
    1212    1242.9126
    1213    1263.7064
    1214    1270.1213
    1215    1258.7083
    1216    1231.7877
    1217    1196.9019
    1218    1164.4760
    1219    1144.4604
    1220    1143.0605
    1221    1160.6505
    1222    1191.6096
    1223    1226.1964
    1224    1253.8543
    1225    1266.8131
    1226    1262.7196
    1227    1245.3621
    1228    1223.2355
    1229    1206.4430
    1230    1203.0124
    1231    1215.9073
    1232    1241.7946
    1233    1272.0381
    1234    1295.5984
    1235    1302.8182
    1236    1288.7608
    1237    1254.9573
    1238    1208.9681
    1239    1161.9338
    1240    1124.9675
    1241    1105.6586
    1242    1105.9097
    1243    1121.7923
    1244    1145.3254
    1245    1167.4114
    1246    1180.8506
    1247    1182.4415
    1248    1173.5701
    1249    1159.2174
    1250    1145.8271
    1251    1138.8384
    1252    1140.8192
    1253    1150.8756
    1254    1165.4387
    1255    1179.9264
    1256    1190.5133
    1257    1195.3246
    1258    1194.6925
    1259    1190.5053
    1260    1185.0745
    1261    1180.1598
    1262    1176.5945
    1263    1174.4658
    1264    1173.5554
    1265    1173.7934
    1266    1175.5812
    1267    1179.8347
    1268    1187.6341
    1269    1199.5476
    1270    1214.9286
    1271    1231.6134
    1272    1246.3317
    1273    1255.7922
    1274    1258.0120
    1275    1253.2702
    1276    1244.2057
    1277    1234.9733
    1278    1229.7455
    1279    1231.1220
    1280    1239.0167
    1281    1250.4741
    1282    1260.5322
    1283    1263.8821
    1284    1256.7511
    1285    1238.3081
    1286    1211.0724
    1287    1180.1656
    1288    1151.6765
    1289    1130.7034
    1290    1119.7560
    1291    1118.1044
    1292    1122.3347
    1293    1127.9053
    1294    1131.0819
    1295    1130.4791
    1296    1127.6058
    1297    1126.2165
    1298    1130.7192
    1299    1144.2529
    1300    1167.1749
    1301    1196.5665
    1302    1226.9737
    1303    1252.1166
    1304    1266.9274
    1305    1269.1571
    1306    1259.9792
    1307    1243.4364
    1308    1225.0344
    1309    1210.0873
    1310    1202.3212
    1311    1202.8120
    1312    1209.2560
    1313    1216.3316
    1314    1217.9147
    1315    1210.0704
    1316    1192.8425
    1317    1170.1527
    1318    1148.3038
    1319    1133.8294
    1320    1131.3867
    1321    1142.3007
    1322    1164.2235
    1323    1192.0047
    1324    1219.4603
    1325    1241.3883
    1326    1255.0882
    1327    1260.8584
    1328    1261.3513
    1329    1260.1146
    1330    1259.9357
    1331    1261.6659
    1332    1263.9709
    1333    1264.0575
    1334    1259.0243
    1335    1247.2610
    1336    1229.3204
    1337    1207.9266
    1338    1187.1219
    1339    1170.9014
    1340    1161.8749
    1341    1160.4647
    1342    1164.9199
    1343    1172.0822
    1344    1178.5512
    1345    1181.8062
    1346    1180.9450
    1347    1176.9026
    1348    1172.0206
    1349    1168.7851
    1350    1168.1330
    1351    1168.7063
    1352    1167.8366
    1353    1163.3005
    1354    1154.6127
    1355    1143.4128
    1356    1133.0120
    1357    1127.3220
    1358    1129.5201
    1359    1140.8702
    1360    1160.0799
    1361    1183.4431
    1362    1205.7797
    1363    1221.9511
    1364    1228.4978
    1365    1224.8447
    1366    1213.5976
    1367    1199.7456
    1368    1188.9984
    1369    1185.8565
    1370    1192.1101
    1371    1206.2969
    1372    1224.2735
    1373    1240.6978
    1374    1250.9361
    1375    1252.7343
    1376    1247.0389
    1377    1237.6257
    1378    1229.6330
    1379    1227.5444
    1380    1233.3911
    1381    1245.8659
    1382    1260.6835
    1383    1272.0341
    1384    1274.6040
    1385    1265.4325
    1386    1244.9551
    1387    1216.8611
    1388    1186.8429
    1389    1160.7080
    1390    1142.5398
    1391    1133.5398
    1392    1131.9436
    1393    1134.0160
    1394    1135.7400
    1395    1134.5195
    1396    1130.2293
    1397    1125.2194
    1398    1123.2966
    1399    1128.0684
    1400    1141.2965
    1401    1161.9024
    1402    1186.0509
    1403    1208.3168
    1404    1223.5181
    1405    1228.5217
    1406    1223.3308
    1407    1211.0253
    1408    1196.5719
    1409    1184.9292
    1410    1179.1478
    1411    1179.1708
    1412    1181.8319
    1413    1182.1174
    1414    1175.2736
    1415    1158.9568
    1416    1134.5489
    1417    1107.0401
    1418    1083.4201
    1419    1070.1525
    1420    1070.7400
    1421    1084.3832
    1422    1106.2739
    1423    1129.3768
    1424    1146.9951
    1425    1155.1708
    1426    1154.0351
    1427    1147.6265
    1428    1142.2359
    1429    1143.8566
    1430    1155.6557
    1431    1176.4871
    1432    1201.1814
    1433    1222.5907
    1434    1234.4901
    1435    1234.0688
    1436    1223.0532
    1437    1207.0831
    1438    1193.6368
    1439    1189.2858
    1440    1197.3045
    1441    1216.4934
    1442    1241.6129
    1443    1265.2242
    1444    1280.2385
    1445    1282.2404
    1446    1270.7890
    1447    1249.2848
    1448    1223.5284
    1449    1199.5443
    1450    1181.4935
    1451    1170.4439
    1452    1164.4270
    1453    1159.7099
    1454    1152.7212
    1455    1141.8217
    1456    1128.1728
    1457    1115.3506
    1458    1107.8912
    1459    1109.3961
    1460    1120.9946
    1461    1140.7904
    1462    1164.4873
    1463    1186.8947
    1464    1203.6926
    1465    1212.7668
    1466    1214.6377
    1467    1211.8690
    1468    1207.7451
    1469    1204.7758
    1470    1203.6268
    1471    1202.8870
    1472    1199.7313
    1473    1191.1862
    1474    1175.4738
    1475    1152.9038
    1476    1125.9645
    1477    1098.5971
    1478    1074.9610
    1479    1058.1919
    1480    1049.6094
    1481    1048.6285
    1482    1053.3318
    1483    1061.4283
    1484    1071.1996
    1485    1082.0631
    1486    1094.5390
    1487    1109.6627
    1488    1128.1075
    1489    1149.4082
    1490    1171.6473
    1491    1191.7623
    1492    1206.3822
    1493    1212.8861
    1494    1210.2858
    1495    1199.6146
    1496    1183.6789
    1497    1166.2434
    1498    1150.9248
    1499    1140.1746
    1500    1134.7205
    1501    1133.6636
    1502    1135.1724
    1503    1137.4918
    1504    1139.8609
    1505    1142.9731
    1506    1148.7561
    1507    1159.5060
    1508    1176.6889
    1509    1199.9025
    1510    1226.4792
    1511    1251.9734
    1512    1271.4173
    1513    1280.8844
    1514    1278.7600
    1515    1266.2366
    1516    1246.8502
    1517    1225.2554
    1518    1205.7062
    1519    1190.8096
    1520    1181.0111
    1521    1174.9766
    1522    1170.6580
    1523    1166.5569
    1524    1162.6422
    1525    1160.5486
    1526    1162.9702
    1527    1172.4666
    1528    1190.1361
    1529    1214.7050
    1530    1242.4466
    1531    1268.0678
    1532    1286.3115
    1533    1293.7374
    1534    1290.0174
    1535    1278.2206
    1536    1263.9131
    1537    1253.3034
    1538    1250.9973
    1539    1258.1621
    1540    1271.8601
    1541    1285.9010
    1542    1292.8958
    1543    1286.7651
    1544    1264.8584
    1545    1229.0207
    1546    1185.2437
    1547    1141.9697
    1548    1107.5379
    1549    1087.6037
    1550    1083.4037
    1551    1091.4934
    1552    1105.0648
    1553    1116.3989
    1554    1119.6021
    1555    1112.6769
    1556    1098.1634
    1557    1082.0906
    1558    1071.6563
    1559    1072.6139
    1560    1087.3713
    1561    1114.3347
    1562    1148.4604
    1563    1182.7009
    1564    1209.9229
    1565    1224.8043
    1566    1225.2157
    1567    1212.7153
    1568    1192.0209
    1569    1169.6252
    1570    1151.9594
    1571    1143.6406
    1572    1146.2909
    1573    1158.2413
    1574    1175.1978
    1575    1191.6546
    1576    1202.5963
    1577    1204.8744
    1578    1197.8413
    1579    1183.2825
    1580    1164.8879
    1581    1147.3180
    1582    1134.8957
    1583    1130.2618
    1584    1133.5067
    1585    1142.1285
    1586    1151.8194
    1587    1157.8291
    1588    1156.5092
    1589    1146.5964
    1590    1129.8317
    1591    1110.6558
    1592    1095.0223
    1593    1088.6641
    1594    1095.3625
    1595    1115.7455
    1596    1146.9352
    1597    1183.0964
    1598    1216.7999
    1599    1240.9720
    1600    1250.8652
    1601    1245.2844
    1602    1226.6545
    1603    1200.0854
    1604    1171.8926
    1605    1148.0032
    1606    1132.5781
    1607    1127.0621
    1608    1129.8550
    1609    1136.7871
    1610    1142.4881
    1611    1142.3502
    1612    1134.3666
    1613    1120.0853
    1614    1104.2999
    1615    1093.5989
    1616    1094.2159
    1617    1109.7712
    1618    1139.6087
    1619    1178.4555
    1620    1217.7174
    1621    1247.9604
    1622    1261.6531
    1623    1255.3095
    1624    1230.4921
    1625    1193.4240
    1626    1153.2717
    1627    1119.5114
    1628    1099.1238
    1629    1094.5045
    1630    1102.8074
    1631    1117.0037
    1632    1128.3650
    1633    1129.5675
    1634    1117.3849
    1635    1094.0256
    1636    1066.5946
    1637    1044.7858
    1638    1037.5193
    1639    1049.6753
    1640    1080.1021
    1641    1121.6862
    1642    1163.5186
    1643    1194.4144
    1644    1206.5729
    1645    1198.1165
    1646    1173.6469
    1647    1142.6375
    1648    1116.2153
    1649    1103.4325
    1650    1108.2915
    1651    1128.5347
    1652    1156.5891
    1653    1182.2846
    1654    1196.3587
    1655    1193.5593
    1656    1174.3403
    1657    1144.6484
    1658    1113.9039
    1659    1091.8838
    1660    1085.5503
    1661    1096.8816
    1662    1122.3908
    1663    1154.4396
    1664    1183.8419
    1665    1202.8287
    1666    1207.3672
    1667    1198.1110
    1668    1179.7680
    1669    1159.2250
    1670    1143.1481
    1671    1135.8871
    1672    1138.3127
    1673    1147.8736
    1674    1159.7550
    1675    1168.6808
    1676    1170.7274
    1677    1164.5501
    1678    1151.6544
    1679    1135.7039
    1680    1121.1735
    1681    1111.8500
    1682    1109.6759
    1683    1114.2881
    1684    1123.3366
    1685    1133.4217
    1686    1141.3177
    1687    1145.0724
    1688    1144.6347
    1689    1141.8064
    1690    1139.5299
    1691    1140.7501
    1692    1147.2351
    1693    1158.7475
    1694    1172.8702
    1695    1185.5914
    1696    1192.5110
    1697    1190.2892
    1698    1177.8666
    1699    1157.0434
    1700    1132.1923
    1701    1109.1322
    1702    1093.4673
    1703    1088.8869
    1704    1095.9858
    1705    1112.0346
    1706    1131.8392
    1707    1149.4502
    1708    1160.1566
    1709    1162.0630
    1710    1156.6581
    1711    1148.1360
    1712    1141.6926
    1713    1141.4279
    1714    1148.6665
    1715    1161.3565
    1716    1174.7720
    1717    1183.2388
    1718    1182.2336
    1719    1170.1371
    1720    1149.0416
    1721    1124.2956
    1722    1102.8712
    1723    1091.0727
    1724    1092.3792
    1725    1106.1841
    1726    1127.9014
    1727    1150.4445
    1728    1166.6182
    1729    1171.6276
    1730    1164.8269
    1731    1150.0324
    1732    1134.2044
    1733    1124.9414
    1734    1127.7622
    1735    1144.2051
    1736    1171.3538
    1737    1202.8114
    1738    1230.7180
    1739    1248.1570
    1740    1251.1963
    1741    1239.9366
    1742    1218.2707
    1743    1192.4667
    1744    1169.0750
    1745    1152.8649
    1746    1145.4919
    1747    1145.3169
    1748    1148.3602
    1749    1149.9654
    1750    1146.5203
    1751    1136.6552
    1752    1121.5870
    1753    1104.6014
    1754    1089.9306
    1755    1081.4261
    1756    1081.4396
    1757    1090.2084
    1758    1105.8518
    1759    1124.9088
    1760    1143.1915
    1761    1156.7130
    1762    1162.4765
    1763    1159.0075
    1764    1146.5939
    1765    1127.2169
    1766    1104.2041
    1767    1081.6261
    1768    1063.5186
    1769    1053.0500
    1770    1051.7985
    1771    1059.3279
    1772    1073.2230
    1773    1089.6657
    1774    1104.4694
    1775    1114.3332
    1776    1117.9817
    1777    1116.8003
    1778    1114.5724
    1779    1116.0785
    1780    1124.9373
    1781    1141.8995
    1782    1164.5999
    1783    1188.4432
    1784    1207.7954
    1785    1217.1908
    1786    1212.6008
    1787    1192.5969
    1788    1159.0295
    1789    1116.8731
    1790    1073.1479
    1791    1035.1633
    1792    1008.6022
    1793     996.0714
    1794     996.6023
    1795    1006.2889
    1796    1019.8740
    1797    1032.7626
    1798    1042.7538
    1799    1050.8102
    1800    1060.5102
    1801    1076.3345
    1802    1101.4219
    1803    1135.6778
    1804    1175.0053
    1805    1212.0203
    1806    1238.0863
    1807    1246.0174
    1808    1232.5249
    1809    1199.5267
    1810    1153.8234
    1811    1105.1996
    1812    1063.5466
    1813    1035.9642
    1814    1024.8261
    1815    1027.4783
    1816    1037.6521
    1817    1048.0541
    1818    1053.1752
    1819    1051.2873
    1820    1044.9193
    1821    1039.6617
    1822    1041.7827
    1823    1055.5741
    1824    1081.4368
    1825    1115.4220
    1826    1150.3779
    1827    1178.2751
    1828    1192.8600
    1829    1191.7059
    1830    1176.9605
    1831    1154.5530
    1832    1132.1550
    1833    1116.6204
    1834    1111.7848
    1835    1117.3887
    1836    1129.4901
    1837    1142.2145
    1838    1150.1600
    1839    1150.5027
    1840    1143.9432
    1841    1134.1728
    1842    1126.2202
    1843    1124.4563
    1844    1130.9612
    1845    1144.7039
    1846    1161.7604
    1847    1176.5658
    1848    1183.8760
    1849    1180.7527
    1850    1167.7883
    1851    1149.0171
    1852    1130.5010
    1853    1118.1365
    1854    1115.5260
    1855    1122.7177
    1856    1136.2542
    1857    1150.4628
    1858    1159.4747
    1859    1159.2279
    1860    1148.8193
    1861    1130.8023
    1862    1110.3550
    1863    1093.5582
    1864    1085.3282
    1865    1087.7286
    1866    1099.2801
    1867    1115.5213
    1868    1130.6147
    1869    1139.4148
    1870    1139.2336
    1871    1130.6735
    1872    1117.2703
    1873    1104.1684
    1874    1096.3598
    1875    1097.0786
    1876    1106.7758
    1877    1122.9193
    1878    1140.6564
    1879    1154.1683
    1880    1158.3506
    1881    1150.3045
    1882    1130.1702
    1883    1101.0636
    1884    1068.2578
    1885    1037.9730
    1886    1016.0776
    1887    1006.8745
    1888    1012.1749
    1889    1030.9071
    1890    1059.4409
    1891    1092.5815
    1892    1124.9412
    1893    1152.2550
    1894    1172.2482
    1895    1184.8384
    1896    1191.6951
    1897    1195.3645
    1898    1198.2764
    1899    1201.9332
    1900    1206.4958
    1901    1210.8282
    1902    1212.9117
    1903    1210.4494
    1904    1201.4741
    1905    1184.8669
    1906    1160.7797
    1907    1130.9461
    1908    1098.7397
    1909    1068.7636
    1910    1045.8983
    1911    1034.0266
    1912    1034.8560
    1913    1047.2356
    1914    1067.1753
    1915    1088.6056
    1916    1104.7771
    1917    1110.0328
    1918    1101.5186
    1919    1080.3208
    1920    1051.5702
    1921    1023.2981
    1922    1004.2245
    1923    1001.0773
    1924    1016.3336
    1925    1047.2221
    1926    1086.4527
    1927    1124.5416
    1928    1152.9955
    1929    1167.2224
    1930    1168.0553
    1931    1161.2608
    1932    1155.1607
    1933    1157.2388
    1934    1171.0060
    1935    1194.3435
    1936    1219.9995
    1937    1238.1085
    1938    1239.8261
    1939    1220.7020
    1940    1182.4958
    1941    1132.7225
    1942    1082.0888
    1943    1040.8023
    1944    1015.1604
    1945    1005.7248
    1946    1007.7574
    1947    1013.7004
    1948    1016.6497
    1949    1013.3825
    1950    1005.7022
    1951     999.5589
    1952    1002.3502
    1953    1019.5566
    1954    1052.1384
    1955    1095.7667
    1956    1142.1821
    1957    1182.1151
    1958    1208.5894
    1959    1219.2934
    1960    1217.0948
    1961    1208.5070
    1962    1200.7399
    1963    1198.5519
    1964    1202.2147
    1965    1207.4346
    1966    1207.2438
    1967    1195.0723
    1968    1167.7691
    1969    1127.3344
    1970    1080.6358
    1971    1037.1612
    1972    1005.6752
    1973     991.1282
    1974     993.0634
    1975    1006.1496
    1976    1022.5799
    1977    1035.3386
    1978    1041.0134
    1979    1041.0658
    1980    1041.0542
    1981    1048.0840
    1982    1067.4478
    1983    1099.8158
    1984    1140.1973
    1985    1179.1755
    1986    1206.0049
    1987    1212.4418
    1988    1195.8718
    1989    1160.5190
    1990    1116.2243
    1991    1075.2173
    1992    1048.0639
    1993    1040.2730
    1994    1050.7845
    1995    1072.8508
    1996    1096.8955
    1997    1114.1756
    1998    1119.8403
    1999    1114.3628
    2000    1102.9962
