#Frame              T
       1    1135.8994
       2    1004.4652
       3    1117.5989
       4    1157.7143
       5    1156.5475
       6    1065.5164
       7    1024.3293
       8    1040.7371
       9     946.7392
      10     957.5288
      11    1168.6798
      12     903.6382
      13    1093.4645
      14     980.8983
      15     965.5064
      16    1041.8633
      17     906.4786
      18     834.7014
      19     891.4304
      20     919.7711
      21     948.5197
      22     865.4430
      23     952.8749
      24     972.9027
      25     919.6766
      26     856.3564
      27     896.4724
      28     855.0784
      29     839.8436
      30     811.8542
      31     867.7784
      32     859.2957
      33     853.5084
      34     887.6334
      35     847.9824
      36     879.3936
      37     832.2042
      38     847.1324
      39     810.5363
      40     847.8817
      41     858.2145
      42     843.0512
      43     914.7192
      44     786.4517
      45     798.1096
      46     856.5228
      47     728.0283
      48     747.9027
      49     735.4693
      50     728.4459
      51     723.5263
      52     799.2983
      53     806.0903
      54     803.2504
      55     813.6633
      56     845.7607
      57     786.3525
      58     817.4095
      59     786.3585
      60     785.2532
      61     709.3042
      62     720.2607
      63     713.8884
      64     775.5889
      65     716.7802
      66     743.0272
      67     667.8469
      68     702.0810
      69     727.8508
      70     680.4184
      71     604.1896
      72     649.7422
      73     744.3103
      74     685.7378
      75     684.2190
      76     628.7888
      77     666.2922
      78     642.1359
      79     679.4862
      80     675.2725
      81     657.8235
      82     608.0848
      83     581.5496
      84     669.2349
      85     642.8448
      86     647.0052
      87     602.3202
      88     663.3240
      89     600.4495
      90     624.4182
      91     676.4430
      92     604.3080
      93     623.0058
      94     653.5192
      95     626.9053
      96     639.8500
      97     596.3705
      98     606.8634
      99     570.2279
     100     570.9417
     101     519.7242
     102     563.4588
     103     631.9955
     104     583.8354
     105     582.4914
     106     585.4034
     107     591.7238
     108     592.5459
     109     582.2584
     110     573.8241
     111     573.4955
     112     628.7799
     113     574.8023
     114     594.9709
     115     574.1589
     116     572.6681
     117     576.9467
     118     610.1748
     119     588.1191
     120     599.3154
     121     557.1314
     122     568.9326
     123     512.8694
     124     542.1436
     125     548.0213
     126     517.3103
     127     561.7664
     128     571.8822
     129     562.7348
     130     558.7039
     131     545.6776
     132     555.3359
     133     538.2287
     134     523.4754
     135     524.7567
     136     527.9975
     137     593.3087
     138     522.7113
     139     517.0080
     140     554.5869
     141     529.7402
     142     602.1701
     143     538.7881
     144     541.5618
     145     504.5439
     146     540.4497
     147     531.1258
     148     489.1163
     149     507.1250
     150     488.1043
     151     486.8798
     152     506.1360
     153     508.0204
     154     504.7790
     155     497.9473
     156     522.9369
     157     519.0155
     158     536.4914
     159     521.6760
     160     548.6201
     161     522.1298
     162     506.3901
     163     531.2780
     164     508.4084
     165     495.5437
     166     513.3315
     167     505.7739
     168     502.2205
     169     503.8538
     170     465.7249
     171     486.5825
     172     488.1822
     173     513.1130
     174     522.2136
     175     503.2887
     176     509.9116
     177     497.4856
     178     515.1645
     179     464.5825
     180     506.9716
     181     506.3979
     182     492.8856
     183     514.8619
     184     482.8390
     185     440.7208
     186     475.3063
     187     475.8583
     188     437.0087
     189     424.6428
     190     476.4526
     191     453.7479
     192     447.3978
     193     449.5111
     194     456.5749
     195     430.2033
     196     460.3109
     197     519.3614
     198     435.9642
     199     437.2467
     200     423.5564
     201     449.9427
     202     440.5675
     203     410.7383
     204     432.9440
     205     458.2341
     206     459.0132
     207     480.0453
     208     474.4574
     209     459.4298
     210     447.9108
     211     425.3913
     212     416.3440
     213     437.3864
     214     483.8589
     215     440.9106
     216     457.5384
     217     487.7870
     218     444.4918
     219     434.1954
     220     445.3537
     221     437.5034
     222     422.2494
     223     473.4336
     224     432.8309
     225     431.3573
     226     430.3509
     227     450.0048
     228     438.1360
     229     447.1273
     230     454.1658
     231     440.3844
     232     434.9669
     233     397.1904
     234     406.9818
     235     404.4127
     236     404.9228
     237     458.1745
     238     430.2915
     239     474.5131
     240     457.3688
     241     446.9040
     242     470.5171
     243     410.7124
     244     449.0049
     245     413.6752
     246     429.0080
     247     401.2706
     248     432.0135
     249     427.8847
     250     433.8113
     251     435.1844
     252     443.5341
     253     460.1536
     254     439.7032
     255     465.4693
     256     443.2039
     257     433.0731
     258     413.6031
     259     422.9990
     260     395.5130
     261     419.6541
     262     415.8884
     263     393.8304
     264     433.4766
     265     372.9056
     266     413.8634
     267     416.8519
     268     420.8759
     269     419.8702
     270     411.1420
     271     403.2666
     272     415.8990
     273     377.7515
     274     363.0836
     275     397.9067
     276     441.2991
     277     399.1466
     278     440.0594
     279     414.0318
     280     447.8068
     281     454.3403
     282     407.3445
     283     440.3011
     284     408.2011
     285     442.1929
     286     435.9228
     287     427.3519
     288     434.2543
     289     403.1489
     290     417.9267
     291     412.3811
     292     392.8911
     293     416.2852
     294     379.4664
     295     384.6686
     296     393.7238
     297     403.8409
     298     379.0988
     299     415.0540
     300     447.3951
     301     397.5069
     302     400.8116
     303     416.2622
     304     386.2717
     305     392.2902
     306     446.9991
     307     429.4461
     308     405.7510
     309     392.5514
     310     443.5828
     311     410.3106
     312     419.3698
     313     433.4665
     314     406.7077
     315     397.7413
     316     381.3908
     317     360.8176
     318     394.3355
     319     373.2974
     320     398.4155
     321     379.0424
     322     413.3732
     323     377.2997
     324     423.2902
     325     364.3222
     326     372.7593
     327     389.4522
     328     418.3773
     329     410.5738
     330     354.9602
     331     376.7504
     332     390.8006
     333     385.8215
     334     384.2151
     335     390.0791
     336     431.2695
     337     434.9131
     338     416.7282
     339     343.4118
     340     369.3730
     341     386.3450
     342     343.0038
     343     337.3342
     344     387.0263
     345     373.7419
     346     381.3259
     347     371.3776
     348     399.5528
     349     388.2476
     350     418.4785
     351     414.8773
     352     402.7536
     353     366.4785
     354     397.4183
     355     379.4131
     356     390.3759
     357     361.6871
     358     426.3585
     359     371.5980
     360     374.5154
     361     359.4365
     362     383.3137
     363     346.2833
     364     371.8237
     365     373.9276
     366     356.6173
     367     408.2038
     368     356.5563
     369     368.5413
     370     379.7066
     371     377.8573
     372     329.0889
     373     362.8919
     374     356.6748
     375     377.8505
     376     362.6226
     377     378.3668
     378     361.4758
     379     372.5172
     380     384.7535
     381     364.8578
     382     396.8311
     383     381.4348
     384     379.4200
     385     371.7683
     386     385.1789
     387     352.0245
     388     357.1443
     389     378.7577
     390     352.8152
     391     335.4525
     392     339.0452
     393     381.9658
     394     352.0457
     395     373.5120
     396     348.6666
     397     349.5778
     398     318.3903
     399     352.0765
     400     342.2954
