#Frame              T
       1    1110.2256
       2    1025.2623
       3    1047.2524
       4    1094.2375
       5    1024.3244
       6    1062.2058
       7    1062.2433
       8    1032.3739
       9    1141.3368
      10    1022.2378
      11    1082.0902
      12    1026.9375
      13    1046.1553
      14    1012.4570
      15    1139.2609
      16     951.0059
      17    1078.3411
      18     921.1287
      19     936.5845
      20     906.2774
      21     999.1168
      22     953.0398
      23     914.5115
      24     973.6235
      25     976.9830
      26     988.3179
      27     912.7661
      28     880.4034
      29     868.6009
      30     824.8621
      31     911.3269
      32     850.3236
      33     882.4418
      34     759.8806
      35     789.0762
      36     862.1104
      37     857.0108
      38     857.0766
      39     889.9095
      40     824.1467
      41     814.1239
      42     800.0202
      43     791.5726
      44     780.8283
      45     855.3564
      46     775.2637
      47     848.7884
      48     737.7679
      49     734.8971
      50     778.0735
      51     791.4859
      52     715.3591
      53     807.2972
      54     760.5274
      55     773.3106
      56     768.6293
      57     773.1155
      58     715.7970
      59     730.3511
      60     697.8922
      61     773.7379
      62     827.3859
      63     741.9490
      64     725.3242
      65     693.7135
      66     738.6072
      67     643.3091
      68     616.3423
      69     741.2818
      70     687.0603
      71     719.0046
      72     653.7673
      73     671.3712
      74     685.6143
      75     698.0229
      76     737.1705
      77     766.1104
      78     681.2263
      79     655.9132
      80     657.4751
      81     713.6634
      82     729.6701
      83     651.3106
      84     616.7406
      85     580.6616
      86     600.9150
      87     683.2837
      88     664.8424
      89     690.6538
      90     593.8320
      91     609.8168
      92     639.8252
      93     634.6234
      94     660.1844
      95     601.9546
      96     626.1842
      97     600.5911
      98     625.7253
      99     611.8881
     100     580.1734
     101     567.9613
     102     585.3662
     103     670.2296
     104     553.4453
     105     617.6835
     106     684.4288
     107     565.6756
     108     586.4592
     109     572.8758
     110     555.5268
     111     625.3487
     112     677.0303
     113     627.8125
     114     566.0777
     115     569.2458
     116     596.2109
     117     598.8600
     118     569.3458
     119     612.8839
     120     633.4351
     121     495.1193
     122     599.0798
     123     518.0232
     124     561.2831
     125     571.7235
     126     602.3142
     127     517.9190
     128     551.4219
     129     487.7240
     130     515.1692
     131     510.8788
     132     473.9126
     133     561.3465
     134     545.7809
     135     517.1963
     136     530.6527
     137     545.8890
     138     553.5529
     139     550.6687
     140     539.8666
     141     596.5274
     142     512.3135
     143     577.8592
     144     505.0890
     145     549.2818
     146     506.9347
     147     530.8387
     148     508.7378
     149     495.8298
     150     508.0038
     151     522.2536
     152     522.6559
     153     461.7283
     154     486.2982
     155     453.5751
     156     501.2374
     157     485.0610
     158     475.1567
     159     468.7373
     160     443.9243
     161     460.6096
     162     461.4390
     163     489.6621
     164     508.0153
     165     451.8285
     166     478.8851
     167     537.9830
     168     484.1284
     169     483.5568
     170     461.2965
     171     485.0852
     172     462.9328
     173     528.8389
     174     503.9614
     175     471.7325
     176     473.8517
     177     451.3219
     178     462.3532
     179     452.6592
     180     444.5434
     181     467.4667
     182     460.7962
     183     426.1403
     184     469.8530
     185     481.3873
     186     419.1716
     187     434.8341
     188     446.9346
     189     408.6118
     190     473.7232
     191     476.7502
     192     437.5056
     193     450.5940
     194     446.7178
     195     441.5744
     196     456.1940
     197     456.0094
     198     460.3184
     199     444.0532
     200     413.3132
     201     421.3968
     202     457.4645
     203     427.5707
     204     448.0571
     205     439.0333
     206     433.7596
     207     439.6346
     208     447.3010
     209     488.9135
     210     445.6969
     211     520.8345
     212     449.0399
     213     483.5080
     214     450.4912
     215     440.3297
     216     431.6578
     217     458.8260
     218     434.0628
     219     471.7397
     220     424.3775
     221     483.9083
     222     484.7250
     223     453.4557
     224     445.9354
     225     405.5465
     226     445.0531
     227     461.8257
     228     451.9941
     229     440.2068
     230     423.3030
     231     433.0352
     232     450.6948
     233     475.1401
     234     439.6950
     235     437.9536
     236     414.4905
     237     425.5584
     238     434.4943
     239     453.2516
     240     471.5041
     241     461.2999
     242     409.0386
     243     441.0324
     244     457.2567
     245     446.5218
     246     444.4062
     247     438.5394
     248     458.5462
     249     412.7964
     250     442.5635
     251     422.6779
     252     435.5403
     253     423.7503
     254     413.9578
     255     431.7579
     256     461.6609
     257     469.9971
     258     424.8868
     259     429.4304
     260     437.2631
     261     421.6962
     262     441.5112
     263     424.4591
     264     441.3339
     265     405.2749
     266     395.0426
     267     426.9045
     268     442.8576
     269     460.1269
     270     436.9894
     271     463.5732
     272     450.2006
     273     412.2883
     274     448.1268
     275     429.4427
     276     414.8461
     277     390.1995
     278     384.8548
     279     416.2729
     280     395.7329
     281     407.3860
     282     393.8818
     283     419.8224
     284     408.9435
     285     403.0293
     286     412.4960
     287     414.8688
     288     389.9001
     289     371.5351
     290     389.1177
     291     406.0313
     292     387.4958
     293     434.2183
     294     378.9776
     295     360.7795
     296     328.3563
     297     372.4557
     298     419.6985
     299     378.4848
     300     382.0009
     301     412.8502
     302     404.7191
     303     399.3502
     304     376.0171
     305     371.0839
     306     373.6418
     307     414.4655
     308     397.9687
     309     398.6514
     310     329.8218
     311     359.5123
     312     359.3432
     313     416.4065
     314     386.1084
     315     415.6188
     316     368.7895
     317     345.0588
     318     357.8655
     319     360.0957
     320     349.9554
     321     358.5474
     322     390.3858
     323     360.3824
     324     379.3851
     325     378.1996
     326     354.7453
     327     336.3079
     328     349.8192
     329     401.1730
     330     362.4563
     331     404.1259
     332     387.4876
     333     379.0520
     334     375.1075
     335     384.9405
     336     382.2344
     337     395.9311
     338     393.3264
     339     390.7749
     340     398.0599
     341     385.6486
     342     393.2400
     343     381.4998
     344     425.4844
     345     352.4353
     346     405.7009
     347     351.0500
     348     402.7249
     349     389.5942
     350     380.7691
     351     385.2395
     352     406.9582
     353     368.4561
     354     367.0065
     355     377.0756
     356     387.2226
     357     395.2100
     358     331.5518
     359     382.4505
     360     350.8076
     361     373.6769
     362     326.1895
     363     385.8083
     364     378.3683
     365     345.2485
     366     351.0321
     367     375.9528
     368     394.4927
     369     340.0403
     370     337.7855
     371     356.9220
     372     357.2459
     373     342.2674
     374     367.7486
     375     338.5863
     376     373.7312
     377     380.1495
     378     358.9941
     379     390.9383
     380     372.9028
     381     400.4978
     382     379.1051
     383     380.1805
     384     353.3606
     385     378.5888
     386     364.1461
     387     391.8896
     388     368.4332
     389     364.3210
     390     382.7887
     391     360.8711
     392     387.6322
     393     371.4275
     394     380.9721
     395     337.6380
     396     311.6126
     397     316.2569
     398     359.9916
     399     330.9161
     400     347.2671
