#Frame              T
       1    2979.8315
       2    2839.5646
       3    2616.1145
       4    2363.2394
       5    2134.2807
       6    1966.0351
       7    1869.2136
       8    1828.5102
       9    1811.6576
      10    1783.5816
      11    1720.2845
      12    1617.6873
      13    1492.7083
      14    1376.6394
      15    1303.5701
      16    1298.1978
      17    1367.2027
      18    1496.7207
      19    1656.2977
      20    1807.7196
      21    1915.8150
      22    1957.9369
      23    1929.4670
      24    1843.9430
      25    1727.9928
      26    1612.7707
      27    1524.7193
      28    1478.5831
      29    1474.6848
      30    1500.9058
      31    1538.3217
      32    1568.3871
      33    1579.2205
      34    1568.9546
      35    1545.2307
      36    1521.2877
      37    1510.3164
      38    1520.2855
      39    1551.1827
      40    1595.5662
      41    1641.9178
      42    1679.1769
      43    1700.4690
      44    1704.6217
      45    1695.1610
      46    1677.6816
      47    1657.1495
      48    1636.5147
      49    1617.0893
      50    1600.1274
      51    1588.4051
      52    1586.5675
      53    1599.6806
      54    1630.3599
      55    1675.7859
      56    1726.2700
      57    1766.6811
      58    1780.9142
      59    1758.1038
      60    1698.1320
      61    1613.8362
      62    1528.3934
      63    1468.2597
      64    1453.9803
      65    1492.2876
      66    1572.7242
      67    1670.4972
      68    1754.8538
      69    1799.9979
      70    1794.4661
      71    1745.3374
      72    1675.4948
      73    1614.8080
      74    1588.5173
      75    1607.3642
      76    1663.3597
      77    1732.7827
      78    1785.1555
      79    1794.7477
      80    1750.2608
      81    1659.0231
      82    1544.1443
      83    1436.1396
      84    1362.8073
      85    1340.9901
      86    1372.2716
      87    1443.4176
      88    1531.3578
      89    1611.0914
      90    1663.7778
      91    1682.1823
      92    1671.7097
      93    1646.9663
      94    1625.4263
      95    1620.6712
      96    1637.6096
      97    1671.1817
      98    1708.7405
      99    1735.0567
     100    1738.0670
     101    1713.3620
     102    1665.9029
     103    1608.4454
     104    1557.2295
     105    1526.4208
     106    1523.2260
     107    1545.3953
     108    1582.0036
     109    1617.2467
     110    1635.9564
     111    1628.9372
     112    1596.2521
     113    1547.2442
     114    1497.2026
     115    1461.8254
     116    1451.4688
     117    1467.3082
     118    1500.8841
     119    1537.2876
     120    1560.8114
     121    1560.9146
     122    1536.2225
     123    1495.0565
     124    1452.2765
     125    1423.5634
     126    1419.2816
     127    1440.3170
     128    1477.5813
     129    1515.4687
     130    1537.9266
     131    1534.7049
     132    1505.2727
     133    1458.8906
     134    1410.9083
     135    1376.8797
     136    1366.8785
     137    1382.2292
     138    1415.8086
     139    1455.6106
     140    1489.9583
     141    1512.1602
     142    1522.6891
     143    1528.0590
     144    1536.9746
     145    1555.5570
     146    1583.8573
     147    1615.2566
     148    1639.0127
     149    1644.8259
     150    1627.4137
     151    1589.1180
     152    1539.4122
     153    1491.5360
     154    1457.6475
     155    1444.4584
     156    1451.0599
     157    1469.7563
     158    1489.5302
     159    1500.6882
     160    1498.7942
     161    1486.3387
     162    1471.4667
     163    1464.1271
     164    1471.1622
     165    1492.9073
     166    1523.2330
     167    1552.5307
     168    1571.6031
     169    1574.8215
     170    1561.6941
     171    1536.5995
     172    1506.9879
     173    1480.8309
     174    1464.2435
     175    1460.0048
     176    1467.2673
     177    1482.3158
     178    1499.9598
     179    1515.0712
     180    1523.8757
     181    1524.7548
     182    1518.4605
     183    1507.7507
     184    1496.5715
     185    1488.9349
     186    1487.7185
     187    1493.7232
     188    1505.2994
     189    1518.7072
     190    1529.2257
     191    1532.8243
     192    1527.8894
     193    1516.2901
     194    1503.2026
     195    1495.5563
     196    1499.5527
     197    1518.1447
     198    1549.4505
     199    1586.8464
     200    1620.8846
     201    1642.4441
     202    1645.9115
     203    1631.1018
     204    1603.1145
     205    1570.1751
     206    1540.3787
     207    1518.7067
     208    1505.5491
     209    1497.2935
     210    1488.6037
     211    1475.3098
     212    1456.5983
     213    1435.5723
     214    1417.9896
     215    1409.7623
     216    1414.3499
     217    1431.2079
     218    1455.9901
     219    1482.3320
     220    1504.2632
     221    1518.0787
     222    1522.9099
     223    1519.9432
     224    1510.8925
     225    1496.6536
     226    1476.9133
     227    1450.9390
     228    1419.0804
     229    1384.0721
     230    1351.2540
     231    1327.3860
     232    1318.4829
     233    1327.6071
     234    1353.5804
     235    1391.1566
     236    1432.5985
     237    1470.1012
     238    1498.2016
     239    1515.2677
     240    1523.4635
     241    1527.1632
     242    1530.5166
     243    1535.3001
     244    1540.0717
     245    1541.0137
     246    1534.0319
     247    1517.1048
     248    1491.7749
     249    1463.0968
     250    1438.0505
     251    1423.1181
     252    1422.0738
     253    1434.9092
     254    1458.2545
     255    1486.9616
     256    1516.0405
     257    1542.0842
     258    1563.7007
     259    1581.0394
     260    1594.8754
     261    1605.6901
     262    1613.0607
     263    1615.7866
     264    1613.0249
     265    1605.6973
     266    1596.9029
     267    1590.8080
     268    1590.6102
     269    1596.6898
     270    1605.9779
     271    1613.0021
     272    1612.2449
     273    1600.7834
     274    1579.9906
     275    1555.4553
     276    1535.0364
     277    1525.7762
     278    1530.8965
     279    1548.1085
     280    1569.9956
     281    1586.4590
     282    1588.4059
     283    1571.2903
     284    1537.0901
     285    1493.8911
     286    1453.2250
     287    1426.2034
     288    1419.9138
     289    1435.3201
     290    1467.2289
     291    1506.1466
     292    1541.2799
     293    1563.6919
     294    1568.6563
     295    1556.5641
     296    1532.2635
     297    1503.2051
     298    1477.0890
     299    1459.6774
     300    1453.2808
     301    1456.2925
     302    1463.9233
     303    1469.9236
     304    1468.7431
     305    1457.5085
     306    1437.3044
     307    1413.3228
     308    1393.6731
     309    1386.9930
     310    1399.4684
     311    1432.2236
     312    1480.0944
     313    1532.4333
     314    1575.9524
     315    1598.8167
     316    1594.6211
     317    1564.7531
     318    1518.1232
     319    1468.1937
     320    1428.3159
     321    1407.1281
     322    1405.8018
     323    1418.1748
     324    1433.6567
     325    1441.7171
     326    1436.1913
     327    1417.6999
     328    1393.2352
     329    1373.0893
     330    1366.4372
     331    1377.4460
     332    1403.5030
     333    1436.2145
     334    1464.6842
     335    1479.6911
     336    1477.0652
     337    1458.9520
     338    1432.5603
     339    1407.0191
     340    1389.7191
     341    1383.6552
     342    1386.8250
     343    1393.8048
     344    1398.6741
     345    1397.9066
     346    1391.9199
     347    1384.6704
     348    1381.5850
     349    1386.8699
     350    1401.4457
     351    1422.4255
     352    1444.3140
     353    1461.3414
     354    1469.8607
     355    1469.7461
     356    1464.2119
     357    1458.1824
     358    1456.0183
     359    1459.6768
     360    1468.1357
     361    1478.2263
     362    1486.3653
     363    1490.2889
     364    1489.9781
     365    1487.3961
     366    1485.2417
     367    1485.3604
     368    1487.5723
     369    1489.4606
     370    1487.2505
     371    1477.4508
     372    1458.6066
     373    1432.4117
     374    1403.6487
     375    1378.8862
     376    1364.3883
     377    1364.0304
     378    1378.0102
     379    1402.8050
     380    1432.3205
     381    1459.7571
     382    1479.5544
     383    1488.8318
     384    1487.9663
     385    1480.1970
     386    1470.4037
     387    1463.4347
     388    1462.4651
     389    1467.9054
     390    1477.2209
     391    1485.7463
     392    1488.2813
     393    1480.9754
     394    1462.9076
     395    1436.8572
     396    1408.9530
     397    1387.1777
     398    1379.0281
     399    1388.9317
     400    1416.2673
     401    1454.7913
     402    1493.9309
     403    1521.7812
     404    1528.9528
     405    1511.9515
     406    1474.7686
     407    1427.9156
     408    1385.0337
     409    1358.1555
     410    1353.3249
     411    1368.2759
     412    1393.2469
     413    1414.8026
     414    1421.2629
     415    1407.5584
     416    1377.5009
     417    1342.4646
     418    1316.9486
     419    1312.7651
     420    1334.1777
     421    1375.9359
     422    1424.9689
     423    1465.0572
     424    1482.6549
     425    1471.6569
     426    1435.3416
     427    1384.8226
     428    1334.6848
     429    1297.6237
     430    1280.2823
     431    1281.8893
     432    1295.9983
     433    1314.2183
     434    1330.0460
     435    1341.1190
     436    1349.2444
     437    1358.5975
     438    1373.0452
     439    1393.7364
     440    1418.0482
     441    1440.4338
     442    1454.8045
     443    1457.3067
     444    1448.1529
     445    1431.6391
     446    1414.3375
     447    1402.3207
     448    1398.7135
     449    1402.6874
     450    1410.3101
     451    1416.7722
     452    1418.9070
     453    1416.8616
     454    1414.2179
     455    1416.5478
     456    1429.0125
     457    1453.9400
     458    1489.3070
     459    1528.7400
     460    1563.1344
     461    1583.4233
     462    1583.5700
     463    1562.7553
     464    1525.9695
     465    1482.7505
     466    1444.3842
     467    1420.3900
     468    1415.4299
     469    1427.7663
     470    1449.9391
     471    1471.4689
     472    1482.5932
     473    1477.6690
     474    1457.0750
     475    1427.0087
     476    1397.2769
     477    1377.8124
     478    1375.0615
     479    1389.4431
     480    1414.7602
     481    1439.8392
     482    1451.9613
     483    1441.0848
     484    1403.5571
     485    1344.0806
     486    1275.0829
     487    1213.4440
     488    1175.4639
     489    1171.6759
     490    1203.2609
     491    1261.4048
     492    1330.0114
     493    1390.9968
     494    1430.3502
     495    1442.7549
     496    1433.0501
     497    1413.9318
     498    1400.6497
     499    1404.6263
     500    1428.5716
     501    1465.2820
     502    1500.6356
     503    1519.3432
     504    1511.0536
     505    1474.5092
     506    1418.2231
     507    1357.3907
     508    1308.3109
     509    1282.7276
     510    1284.3772
     511    1308.7386
     512    1345.6325
     513    1383.4106
     514    1413.0887
     515    1430.8942
     516    1438.3985
     517    1440.4277
     518    1441.8942
     519    1445.0870
     520    1448.6558
     521    1448.6405
     522    1440.8945
     523    1423.6007
     524    1398.5911
     525    1370.8101
     526    1346.2207
     527    1329.2378
     528    1320.9657
     529    1319.0692
     530    1319.2886
     531    1317.8226
     532    1313.3978
     533    1308.0178
     534    1306.0138
     535    1311.8509
     536    1327.7204
     537    1352.0698
     538    1379.7786
     539    1403.9436
     540    1418.5087
     541    1420.6092
     542    1411.6326
     543    1396.5820
     544    1382.0567
     545    1373.7390
     546    1374.4353
     547    1383.4142
     548    1397.2021
     549    1411.3622
     550    1422.4138
     551    1429.0787
     552    1432.4325
     553    1435.0419
     554    1439.5773
     555    1447.5206
     556    1458.4789
     557    1470.3258
     558    1480.0641
     559    1485.0198
     560    1483.8689
     561    1477.0871
     562    1466.6912
     563    1455.4773
     564    1446.1482
     565    1440.6923
     566    1440.1539
     567    1444.6621
     568    1453.4734
     569    1464.9056
     570    1476.3179
     571    1484.3623
     572    1485.5510
     573    1477.0150
     574    1457.3095
     575    1427.0835
     576    1389.3510
     577    1349.1909
     578    1312.8825
     579    1286.5869
     580    1274.7918
     581    1278.9587
     582    1296.9456
     583    1323.5995
     584    1352.4267
     585    1377.7539
     586    1396.5346
     587    1409.0733
     588    1418.3758
     589    1428.4089
     590    1441.9876
     591    1459.1812
     592    1476.9110
     593    1489.9290
     594    1492.7830
     595    1481.9777
     596    1457.4682
     597    1422.9056
     598    1384.5406
     599    1349.2555
     600    1322.5292
     601    1307.0801
     602    1302.5754
     603    1306.2993
     604    1314.3451
     605    1322.8287
     606    1328.7912
     607    1330.6863
     608    1328.4797
     609    1323.4441
     610    1317.7252
     611    1313.7698
     612    1313.7126
     613    1318.7916
     614    1328.8857
     615    1342.2970
     616    1355.9776
     617    1366.3247
     618    1370.4671
     619    1367.6126
     620    1359.8187
     621    1351.6644
     622    1348.7671
     623    1355.5966
     624    1373.3824
     625    1398.9639
     626    1425.2164
     627    1443.1556
     628    1445.0991
     629    1427.6816
     630    1393.4704
     631    1350.4685
     632    1309.6251
     633    1281.2733
     634    1271.8209
     635    1281.9106
     636    1306.6952
     637    1338.0509
     638    1367.8025
     639    1390.6481
     640    1405.6509
     641    1415.8056
     642    1426.0229
     643    1440.5248
     644    1460.8058
     645    1484.9677
     646    1508.5693
     647    1526.4379
     648    1534.5626
     649    1531.3314
     650    1517.8051
     651    1497.0514
     652    1472.8625
     653    1448.4535
     654    1425.7725
     655    1405.7163
     656    1388.9859
     657    1376.9702
     658    1372.0414
     659    1376.9389
     660    1393.3602
     661    1420.3640
     662    1453.4906
     663    1485.3066
     664    1507.4363
     665    1513.3799
     666    1500.9756
     667    1473.4633
     668    1438.6235
     669    1406.2586
     670    1384.9161
     671    1379.0494
     672    1387.6274
     673    1404.6310
     674    1421.1942
     675    1428.6023
     676    1421.1495
     677    1397.9458
     678    1363.1189
     679    1324.3552
     680    1290.2669
     681    1267.4643
     682    1258.4048
     683    1260.8355
     684    1268.9825
     685    1275.8888
     686    1275.9983
     687    1267.1801
     688    1251.6247
     689    1235.3309
     690    1226.3023
     691    1232.0212
     692    1257.0417
     693    1301.4409
     694    1360.4911
     695    1425.6091
     696    1486.4259
     697    1533.5946
     698    1561.6003
     699    1570.4419
     700    1565.0497
     701    1552.4377
     702    1538.5012
     703    1526.3134
     704    1515.7940
     705    1504.1087
     706    1486.9577
     707    1460.7850
     708    1425.1302
     709    1383.9724
     710    1345.2436
     711    1318.4997
     712    1311.5489
     713    1327.3126
     714    1362.2078
     715    1406.8398
     716    1448.9470
     717    1477.5913
     718    1486.9926
     719    1478.4476
     720    1459.4983
     721    1440.6157
     722    1430.6788
     723    1433.0485
     724    1443.8525
     725    1453.2804
     726    1449.4950
     727    1423.6773
     728    1374.1962
     729    1308.1686
     730    1239.6894
     731    1185.3115
     732    1158.4528
     733    1164.8053
     734    1200.4367
     735    1253.2689
     736    1307.3541
     737    1348.3409
     738    1368.1329
     739    1367.1099
     740    1353.2408
     741    1338.5715
     742    1334.4810
     743    1347.4541
     744    1376.8420
     745    1415.2733
     746    1451.4346
     747    1474.1034
     748    1475.9805
     749    1456.0308
     750    1419.6382
     751    1376.6491
     752    1338.0925
     753    1312.7458
     754    1304.6841
     755    1312.5015
     756    1330.2757
     757    1349.7806
     758    1363.1251
     759    1364.9935
     760    1353.9144
     761    1332.3778
     762    1305.9576
     763    1281.7845
     764    1266.7783
     765    1266.0098
     766    1281.4968
     767    1311.6668
     768    1351.6245
     769    1394.1980
     770    1431.5497
     771    1456.9735
     772    1466.4284
     773    1459.4105
     774    1438.9095
     775    1410.4499
     776    1380.5036
     777    1354.7690
     778    1336.8374
     779    1327.5966
     780    1325.4794
     781    1327.4046
     782    1330.0593
     783    1331.0737
     784    1329.7144
     785    1326.9522
     786    1324.9940
     787    1326.4799
     788    1333.5607
     789    1347.0398
     790    1365.7613
     791    1386.3948
     792    1403.7613
     793    1411.8142
     794    1405.3030
     795    1381.8177
     796    1343.3531
     797    1296.2673
     798    1249.5361
     799    1212.6024
     800    1193.4972
     801    1196.7189
     802    1221.2003
     803    1259.7058
     804    1300.5227
     805    1331.1385
     806    1342.6397
     807    1333.1334
     808    1308.7526
     809    1281.6620
     810    1265.6389
     811    1270.7738
     812    1299.2534
     813    1343.9106
     814    1390.3067
     815    1421.8799
     816    1426.4540
     817    1401.6339
     818    1356.6546
     819    1309.4447
     820    1280.0156
     821    1283.1722
     822    1323.2711
     823    1392.4261
     824    1472.7065
     825    1541.8266
     826    1580.4654
     827    1578.5754
     828    1538.4002
     829    1473.1831
     830    1402.1641
     831    1343.7778
     832    1309.5550
     833    1300.8858
     834    1309.6690
     835    1322.3913
     836    1325.9139
     837    1312.6876
     838    1283.4419
     839    1246.4869
     840    1214.1321
     841    1197.8224
     842    1203.9498
     843    1231.8409
     844    1274.4099
     845    1320.9171
     846    1360.5663
     847    1385.5647
     848    1392.7102
     849    1383.2801
     850    1361.6666
     851    1333.5708
     852    1304.5500
     853    1279.2899
     854    1261.4240
     855    1253.4540
     856    1256.4822
     857    1269.8173
     858    1290.7973
     859    1315.1725
     860    1338.1516
     861    1355.8298
     862    1366.4498
     863    1370.9165
     864    1372.2314
     865    1374.0007
     866    1378.6485
     867    1386.1927
     868    1394.1109
     869    1398.2533
     870    1394.3535
     871    1379.6153
     872    1353.8963
     873    1320.1442
     874    1283.9202
     875    1252.0948
     876    1231.0362
     877    1224.8045
     878    1233.8911
     879    1254.8951
     880    1281.2873
     881    1305.0883
     882    1319.0172
     883    1318.4612
     884    1302.6725
     885    1274.8455
     886    1241.1028
     887    1208.7166
     888    1184.0722
     889    1170.9072
     890    1169.3469
     891    1176.1245
     892    1186.0548
     893    1194.2905
     894    1198.5023
     895    1200.1104
     896    1204.0480
     897    1217.0582
     898    1245.0834
     899    1290.6881
     900    1351.4493
     901    1419.8533
     902    1484.7951
     903    1534.3395
     904    1558.9863
     905    1554.4105
     906    1522.7614
     907    1472.0331
     908    1413.6523
     909    1359.0510
     910    1316.3838
     911    1288.5373
     912    1273.1188
     913    1264.3927
     914    1256.3684
     915    1245.7434
     916    1233.4223
     917    1223.9296
     918    1222.9681
     919    1234.2395
     920    1257.0255
     921    1285.7082
     922    1311.5362
     923    1325.9542
     924    1324.1106
     925    1307.0435
     926    1281.5129
     927    1257.3589
     928    1243.3827
     929    1243.5886
     930    1255.6007
     931    1271.9893
     932    1283.8299
     933    1284.9031
     934    1274.7269
     935    1259.0713
     936    1247.5967
     937    1249.5140
     938    1269.1205
     939    1303.3101
     940    1342.3911
     941    1373.9246
     942    1387.8272
     943    1380.4934
     944    1356.2814
     945    1325.7628
     946    1301.3409
     947    1292.0066
     948    1299.6560
     949    1318.6672
     950    1338.6808
     951    1349.1020
     952    1343.4672
     953    1322.0607
     954    1291.8115
     955    1263.4995
     956    1247.3615
     957    1248.8451
     958    1266.2364
     959    1291.1296
     960    1311.5665
     961    1316.6202
     962    1300.6830
     963    1265.8516
     964    1221.5477
     965    1181.4955
     966    1159.0725
     967    1162.6453
     968    1192.7271
     969    1242.1693
     970    1299.0512
     971    1350.7446
     972    1387.6277
     973    1405.4008
     974    1405.5081
     975    1393.7407
     976    1377.6889
     977    1363.9935
     978    1356.3032
     979    1354.5207
     980    1355.4460
     981    1354.4788
     982    1347.6612
     983    1333.3082
     984    1312.7185
     985    1289.8414
     986    1270.0650
     987    1258.5360
     988    1258.5335
     989    1270.4025
     990    1291.3737
     991    1316.3269
     992    1339.2523
     993    1354.9279
     994    1360.2677
     995    1354.9250
     996    1341.0062
     997    1322.0540
     998    1301.6859
     999    1282.3777
    1000    1264.8427
    1001    1248.1858
    1002    1230.9827
    1003    1212.6559
    1004    1194.6423
    1005    1180.5992
    1006    1175.3517
    1007    1182.8966
    1008    1204.3244
    1009    1236.7051
    1010    1273.6223
    1011    1307.2788
    1012    1331.2932
    1013    1342.9191
    1014    1343.6588
    1015    1338.0247
    1016    1331.0827
    1017    1325.9831
    1018    1322.6797
    1019    1318.4346
    1020    1309.8288
    1021    1295.2578
    1022    1276.6293
    1023    1259.3463
    1024    1250.4481
    1025    1255.6323
    1026    1276.4609
    1027    1309.0654
    1028    1345.0773
    1029    1374.5570
    1030    1389.7847
    1031    1388.3190
    1032    1373.9703
    1033    1355.1627
    1034    1341.2506
    1035    1338.2924
    1036    1346.1242
    1037    1358.1178
    1038    1363.9032
    1039    1353.9975
    1040    1324.3847
    1041    1279.0215
    1042    1229.0989
    1043    1189.2103
    1044    1171.8765
    1045    1182.5961
    1046    1217.4193
    1047    1264.0963
    1048    1306.4402
    1049    1330.2733
    1050    1328.6758
    1051    1304.4968
    1052    1269.1270
    1053    1237.9888
    1054    1224.4817
    1055    1234.7611
    1056    1265.3784
    1057    1304.6698
    1058    1337.2752
    1059    1349.9786
    1060    1336.6337
    1061    1300.3803
    1062    1252.4165
    1063    1207.8838
    1064    1180.4212
    1065    1177.3967
    1066    1197.5117
    1067    1231.5516
    1068    1265.8865
    1069    1287.3443
    1070    1287.6710
    1071    1266.0650
    1072    1229.0398
    1073    1187.8686
    1074    1154.6660
    1075    1138.5390
    1076    1143.1084
    1077    1166.1082
    1078    1200.9145
    1079    1239.0964
    1080    1272.8686
    1081    1296.8213
    1082    1308.9188
    1083    1310.7384
    1084    1306.7002
    1085    1302.3174
    1086    1302.0592
    1087    1307.6268
    1088    1317.2790
    1089    1326.5014
    1090    1329.8356
    1091    1323.1896
    1092    1305.7055
    1093    1280.3979
    1094    1253.2672
    1095    1231.2344
    1096    1219.7152
    1097    1220.7512
    1098    1232.3690
    1099    1249.4344
    1100    1265.7948
    1101    1276.9150
    1102    1281.7687
    1103    1282.9686
    1104    1285.0374
    1105    1291.6955
    1106    1303.5288
    1107    1317.1998
    1108    1326.6519
    1109    1325.8160
    1110    1311.6020
    1111    1285.7664
    1112    1254.7222
    1113    1227.2835
    1114    1211.2866
    1115    1210.5831
    1116    1223.7424
    1117    1245.0276
    1118    1267.1229
    1119    1284.2915
    1120    1294.5785
    1121    1300.2464
    1122    1306.3509
    1123    1317.9720
    1124    1337.1349
    1125    1360.7863
    1126    1380.9850
    1127    1387.5771
    1128    1372.4602
    1129    1333.6462
    1130    1277.2646
    1131    1216.4202
    1132    1167.1324
    1133    1142.8443
    1134    1149.6084
    1135    1183.8431
    1136    1233.5712
    1137    1282.7145
    1138    1316.8510
    1139    1328.2801
    1140    1318.4872
    1141    1297.0796
    1142    1277.5785
    1143    1271.7262
    1144    1284.6347
    1145    1312.7344
    1146    1345.2279
    1147    1368.3050
    1148    1370.4358
    1149    1346.8049
    1150    1301.3139
    1151    1245.4742
    1152    1194.6308
    1153    1162.9138
    1154    1158.7472
    1155    1182.4446
    1156    1226.5709
    1157    1278.7047
    1158    1325.4717
    1159    1356.4466
    1160    1366.7342
    1161    1357.6083
    1162    1335.2307
    1163    1308.0317
    1164    1283.6861
    1165    1266.7045
    1166    1257.4107
    1167    1252.5495
    1168    1247.1689
    1169    1237.0033
    1170    1220.4786
    1171    1199.6334
    1172    1179.6326
    1173    1167.0395
    1174    1167.4398
    1175    1183.2729
    1176    1212.6880
    1177    1249.8714
    1178    1286.7369
    1179    1315.3732
    1180    1330.4231
    1181    1330.5961
    1182    1318.8068
    1183    1300.8977
    1184    1283.4046
    1185    1271.2058
    1186    1265.9665
    1187    1266.0302
    1188    1267.7773
    1189    1267.8100
    1190    1264.9044
    1191    1260.7722
    1192    1259.2305
    1193    1264.1712
    1194    1277.3278
    1195    1296.9659
    1196    1318.1790
    1197    1334.7115
    1198    1341.4870
    1199    1336.6791
    1200    1322.3739
    1201    1303.5287
    1202    1285.6896
    1203    1272.4921
    1204    1264.0644
    1205    1257.0971
    1206    1246.5994
    1207    1228.5927
    1208    1202.5526
    1209    1172.4490
    1210    1145.8069
    1211    1131.0216
    1212    1133.9204
    1213    1154.9946
    1214    1188.5889
    1215    1224.5843
    1216    1252.0051
    1217    1263.1224
    1218    1256.3482
    1219    1236.7448
    1220    1213.9478
    1221    1198.3457
    1222    1197.0385
    1223    1211.1596
    1224    1235.5940
    1225    1261.1438
    1226    1278.2382
    1227    1280.6728
    1228    1267.9046
    1229    1245.0579
    1230    1220.7801
    1231    1203.9048
    1232    1200.2668
    1233    1210.8631
    1234    1231.9533
    1235    1256.8907
    1236    1278.7794
    1237    1292.8427
    1238    1297.6729
    1239    1295.0752
    1240    1288.7721
    1241    1282.6167
    1242    1279.0854
    1243    1278.6365
    1244    1280.0962
    1245    1281.7560
    1246    1282.5484
    1247    1282.6662
    1248    1283.2810
    1249    1285.5261
    1250    1289.3294
    1251    1292.7912
    1252    1292.5604
    1253    1285.1596
    1254    1268.7235
    1255    1244.3592
    1256    1216.4089
    1257    1191.3441
    1258    1175.6035
    1259    1173.1913
    1260    1183.9853
    1261    1203.4431
    1262    1223.8894
    1263    1236.9951
    1264    1236.6024
    1265    1220.9248
    1266    1193.3621
    1267    1161.6490
    1268    1135.5688
    1269    1123.9063
    1270    1131.5677
    1271    1157.7712
    1272    1195.9320
    1273    1235.3765
    1274    1264.4730
    1275    1274.2880
    1276    1261.6281
    1277    1230.4156
    1278    1190.8162
    1279    1156.2221
    1280    1138.9401
    1281    1145.9532
    1282    1176.2685
    1283    1220.9607
    1284    1266.1147
    1285    1297.7488
    1286    1306.9423
    1287    1293.1809
    1288    1264.5394
    1289    1234.5448
    1290    1216.8961
    1291    1220.1243
    1292    1244.3133
    1293    1281.1585
    1294    1317.3353
    1295    1339.8535
    1296    1341.2683
    1297    1322.6364
    1298    1292.9977
    1299    1265.5097
    1300    1251.7447
    1301    1256.5211
    1302    1275.6343
    1303    1297.6012
    1304    1308.6213
    1305    1298.4996
    1306    1265.0312
    1307    1215.1144
    1308    1162.1805
    1309    1120.9912
    1310    1101.9791
    1311    1107.4666
    1312    1131.2200
    1313    1161.3763
    1314    1185.4866
    1315    1195.6409
    1316    1191.6165
    1317    1180.7709
    1318    1174.7192
    1319    1184.1625
    1320    1214.0135
    1321    1260.8324
    1322    1313.6208
    1323    1357.6898
    1324    1380.1074
    1325    1374.5991
    1326    1343.9702
    1327    1299.0692
    1328    1254.5962
    1329    1223.3637
    1330    1211.4949
    1331    1216.6757
    1332    1229.9666
    1333    1240.0763
    1334    1238.2459
    1335    1221.8674
    1336    1195.4922
    1337    1168.9088
    1338    1153.1729
    1339    1156.2391
    1340    1179.9244
    1341    1219.3052
    1342    1264.6381
    1343    1304.9327
    1344    1331.7446
    1345    1341.7578
    1346    1337.2557
    1347    1324.4316
    1348    1310.3374
    1349    1299.8055
    1350    1293.6205
    1351    1288.6280
    1352    1279.6289
    1353    1262.1844
    1354    1235.1166
    1355    1201.6467
    1356    1168.7005
    1357    1144.6442
    1358    1136.3027
    1359    1146.3732
    1360    1172.1755
    1361    1206.2184
    1362    1238.4333
    1363    1259.3874
    1364    1263.4701
    1365    1250.9933
    1366    1228.3911
    1367    1206.2484
    1368    1195.6221
    1369    1203.8391
    1370    1231.3307
    1371    1270.8334
    1372    1309.5021
    1373    1333.3623
    1374    1332.5669
    1375    1305.4644
    1376    1259.7993
    1377    1210.3544
    1378    1173.6886
    1379    1161.8287
    1380    1177.3406
    1381    1211.8551
    1382    1248.8642
    1383    1269.8997
    1384    1261.7688
    1385    1222.0006
    1386    1160.3041
    1387    1095.3746
    1388    1048.2018
    1389    1034.4143
    1390    1058.5889
    1391    1112.6890
    1392    1179.1436
    1393    1237.3222
    1394    1271.0003
    1395    1274.0772
    1396    1252.3605
    1397    1220.6550
    1398    1196.3374
    1399    1192.0818
    1400    1210.7761
    1401    1244.6899
    1402    1279.0870
    1403    1298.5418
    1404    1293.2007
    1405    1262.5064
    1406    1215.1377
    1407    1165.4510
    1408    1128.0105
    1409    1112.4180
    1410    1120.3952
    1411    1146.0650
    1412    1179.0149
    1413    1208.6690
    1414    1228.1073
    1415    1235.8337
    1416    1234.9767
    1417    1230.6721
    1418    1227.1985
    1419    1226.2189
    1420    1226.6118
    1421    1225.6191
    1422    1220.6641
    1423    1211.0022
    1424    1198.4235
    1425    1186.6477
    1426    1179.7228
    1427    1180.2276
    1428    1188.1707
    1429    1201.1152
    1430    1215.4495
    1431    1228.1769
    1432    1238.3315
    1433    1247.2984
    1434    1257.8269
    1435    1272.1653
    1436    1290.2518
    1437    1308.9004
    1438    1322.4922
    1439    1324.9356
    1440    1312.0708
    1441    1283.5637
    1442    1243.5578
    1443    1199.7967
    1444    1161.4626
    1445    1136.4620
    1446    1129.0932
    1447    1138.8633
    1448    1160.7880
    1449    1187.0419
    1450    1209.4278
    1451    1221.9085
    1452    1222.4224
    1453    1213.4119
    1454    1200.8879
    1455    1192.2852
    1456    1193.7425
    1457    1207.6629
    1458    1231.4043
    1459    1257.6519
    1460    1276.5490
    1461    1279.0729
    1462    1260.6037
    1463    1223.3436
    1464    1176.4423
    1465    1133.4849
    1466    1108.0510
    1467    1108.9242
    1468    1136.7525
    1469    1183.4891
    1470    1234.9492
    1471    1275.6750
    1472    1294.3747
    1473    1287.8777
    1474    1262.0257
    1475    1229.1467
    1476    1203.1706
    1477    1194.2834
    1478    1205.0800
    1479    1229.5900
    1480    1255.5982
    1481    1269.4433
    1482    1261.4630
    1483    1229.9546
    1484    1182.1108
    1485    1131.5926
    1486    1093.6996
    1487    1079.9575
    1488    1094.1528
    1489    1131.2983
    1490    1179.8562
    1491    1226.1870
    1492    1259.3239
    1493    1274.2112
    1494    1272.3998
    1495    1260.2876
    1496    1245.9089
    1497    1235.6212
    1498    1231.8884
    1499    1232.8621
    1500    1233.8104
    1501    1229.7314
    1502    1217.9661
    1503    1199.5658
    1504    1178.7803
    1505    1160.9608
    1506    1149.9580
    1507    1146.3045
    1508    1147.0705
    1509    1147.4667
    1510    1143.4023
    1511    1133.7845
    1512    1121.4425
    1513    1112.1808
    1514    1112.3067
    1515    1125.7038
    1516    1151.7913
    1517    1185.3563
    1518    1218.4085
    1519    1243.2904
    1520    1255.7137
    1521    1256.4015
    1522    1250.6676
    1523    1246.1279
    1524    1249.4909
    1525    1263.7004
    1526    1286.5225
    1527    1311.1137
    1528    1328.3416
    1529    1329.9956
    1530    1311.7177
    1531    1274.6473
    1532    1225.2396
    1533    1173.2767
    1534    1128.6972
    1535    1098.4148
    1536    1084.4420
    1537    1083.9539
    1538    1090.9323
    1539    1098.5632
    1540    1101.6348
    1541    1098.2618
    1542    1090.4237
    1543    1083.1298
    1544    1082.5083
    1545    1093.4935
    1546    1117.8857
    1547    1153.4218
    1548    1194.2013
    1549    1232.4061
    1550    1260.8019
    1551    1275.1504
    1552    1275.5898
    1553    1266.3571
    1554    1253.8704
    1555    1243.9747
    1556    1239.5988
    1557    1239.9137
    1558    1241.3476
    1559    1239.8815
    1560    1233.4294
    1561    1223.1252
    1562    1212.9088
    1563    1207.5696
    1564    1210.1412
    1565    1219.9190
    1566    1232.2060
    1567    1240.1188
    1568    1237.7445
    1569    1223.2228
    1570    1200.2919
    1571    1177.4711
    1572    1165.0286
    1573    1170.8475
    1574    1196.8356
    1575    1237.4252
    1576    1280.9177
    1577    1313.3333
    1578    1323.3877
    1579    1306.7413
    1580    1267.8645
    1581    1218.6944
    1582    1174.4551
    1583    1148.1476
    1584    1145.8031
    1585    1164.3485
    1586    1192.9560
    1587    1217.3993
    1588    1225.7524
    1589    1213.1963
    1590    1184.0104
    1591    1149.9065
    1592    1125.3702
    1593    1121.9435
    1594    1143.8390
    1595    1186.5970
    1596    1238.9429
    1597    1286.7652
    1598    1318.0302
    1599    1327.2952
    1600    1317.6179
    1601    1298.4936
    1602    1280.9107
    1603    1272.1430
    1604    1272.7019
    1605    1276.6278
    1606    1274.7364
    1607    1259.2352
    1608    1227.6632
    1609    1184.5444
    1610    1140.1093
    1611    1106.6463
    1612    1093.9264
    1613    1105.4709
    1614    1137.0924
    1615    1178.2964
    1616    1216.0195
    1617    1239.2504
    1618    1242.7624
    1619    1228.5741
    1620    1204.6614
    1621    1181.5020
    1622    1167.8498
    1623    1167.4199
    1624    1177.7211
    1625    1191.3817
    1626    1199.3556
    1627    1194.7385
    1628    1175.7988
    1629    1147.1059
    1630    1118.2853
    1631    1100.7231
    1632    1103.2967
    1633    1128.6712
    1634    1171.6175
    1635    1220.1644
    1636    1259.3716
    1637    1276.4807
    1638    1265.5738
    1639    1229.9501
    1640    1181.2203
    1641    1135.3229
    1642    1106.8617
    1643    1103.8750
    1644    1125.0372
    1645    1160.3485
    1646    1195.0264
    1647    1215.1434
    1648    1212.9405
    1649    1189.8511
    1650    1156.0513
    1651    1126.6113
    1652    1115.6189
    1653    1130.4756
    1654    1168.5652
    1655    1217.6289
    1656    1259.8236
    1657    1278.0797
    1658    1262.4786
    1659    1214.2595
    1660    1145.8656
    1661    1076.9491
    1662    1027.8075
    1663    1012.6741
    1664    1035.2612
    1665    1088.0626
    1666    1155.4982
    1667    1219.6209
    1668    1266.2327
    1669    1289.1986
    1670    1291.4805
    1671    1282.6796
    1672    1274.2387
    1673    1274.3350
    1674    1284.5284
    1675    1299.3864
    1676    1309.0519
    1677    1303.5769
    1678    1277.1963
    1679    1230.8326
    1680    1171.9223
    1681    1111.7947
    1682    1061.8012
    1683    1029.7972
    1684    1018.2872
    1685    1024.7228
    1686    1043.5006
    1687    1068.5754
    1688    1095.5174
    1689    1122.2599
    1690    1148.4862
    1691    1174.1978
    1692    1198.3206
    1693    1218.0969
    1694    1229.6067
    1695    1229.2010
    1696    1215.1740
    1697    1188.8741
    1698    1154.7137
    1699    1119.0650
    1700    1088.5013
    1701    1068.0753
    1702    1060.2240
    1703    1064.5630
    1704    1078.5084
    1705    1098.4366
    1706    1120.9950
    1707    1144.1544
    1708    1167.6336
    1709    1192.5132
    1710    1220.1797
    1711    1251.0822
    1712    1283.8973
    1713    1315.4430
    1714    1341.2772
    1715    1356.7388
    1716    1358.1881
    1717    1344.1482
    1718    1316.0216
    1719    1278.0973
    1720    1236.7107
    1721    1198.6999
    1722    1169.6116
    1723    1152.2546
    1724    1146.1320
    1725    1147.9697
    1726    1153.1751
    1727    1157.6916
    1728    1159.5550
    1729    1159.5190
    1730    1160.4654
    1731    1165.8197
    1732    1177.6046
    1733    1194.9632
    1734    1213.8308
    1735    1228.0169
    1736    1231.3830
    1737    1220.3173
    1738    1195.4915
    1739    1162.0768
    1740    1128.2053
    1741    1102.3438
    1742    1090.6951
    1743    1095.4126
    1744    1113.9727
    1745    1139.9219
    1746    1164.9539
    1747    1181.6836
    1748    1186.1051
    1749    1178.7837
    1750    1164.3603
    1751    1149.6116
    1752    1140.8678
    1753    1141.7878
    1754    1152.2760
    1755    1168.8358
    1756    1186.1158
    1757    1198.9671
    1758    1204.1715
    1759    1201.2022
    1760    1191.8915
    1761    1179.3716
    1762    1166.8655
    1763    1156.7804
    1764    1150.3168
    1765    1147.5547
    1766    1147.8280
    1767    1150.1715
    1768    1153.6661
    1769    1157.6071
    1770    1161.5113
    1771    1165.0613
    1772    1168.1339
    1773    1170.9696
    1774    1174.3382
    1775    1179.4220
    1776    1187.2922
    1777    1198.1939
    1778    1211.0031
    1779    1223.2251
    1780    1231.6813
    1781    1233.6997
    1782    1228.2924
    1783    1216.7297
    1784    1202.1550
    1785    1188.3316
    1786    1178.0319
    1787    1171.7716
    1788    1167.4974
    1789    1161.4535
    1790    1149.9315
    1791    1131.1695
    1792    1106.5647
    1793    1080.6375
    1794    1059.6821
    1795    1049.5571
    1796    1053.4355
    1797    1070.4032
    1798    1095.5101
    1799    1121.3206
    1800    1140.4466
    1801    1148.1450
    1802    1144.0237
    1803    1132.2037
    1804    1119.8464
    1805    1114.5429
    1806    1121.4833
    1807    1141.4343
    1808    1170.2683
    1809    1200.2486
    1810    1222.6425
    1811    1230.7713
    1812    1222.4231
    1813    1200.7668
    1814    1173.4143
    1815    1149.9234
    1816    1138.5883
    1817    1143.6168
    1818    1163.6278
    1819    1191.9522
    1820    1218.6194
    1821    1233.3828
    1822    1228.8755
    1823    1203.0100
    1824    1159.9274
    1825    1109.1334
    1826    1062.9160
    1827    1032.7100
    1828    1025.5556
    1829    1041.8747
    1830    1075.3636
    1831    1115.0618
    1832    1148.9384
    1833    1167.8400
    1834    1168.4775
    1835    1154.4076
    1836    1134.6134
    1837    1120.1254
    1838    1119.8657
    1839    1137.2337
    1840    1168.7439
    1841    1205.2514
    1842    1235.3019
    1843    1249.3338
    1844    1243.1840
    1845    1219.6696
    1846    1187.6536
    1847    1158.5959
    1848    1141.4905
    1849    1138.7617
    1850    1145.9090
    1851    1154.6775
    1852    1157.2102
    1853    1149.3339
    1854    1132.1449
    1855    1111.4828
    1856    1095.4769
    1857    1091.1426
    1858    1101.4273
    1859    1123.9617
    1860    1152.0732
    1861    1177.5800
    1862    1194.1107
    1863    1199.5825
    1864    1196.8964
    1865    1192.5719
    1866    1193.7621
    1867    1204.7935
    1868    1224.8549
    1869    1248.1377
    1870    1266.4015
    1871    1272.5738
    1872    1263.7104
    1873    1242.1562
    1874    1214.5077
    1875    1188.7978
    1876    1171.0441
    1877    1162.6314
    1878    1159.7458
    1879    1155.2469
    1880    1142.1966
    1881    1117.3906
    1882    1083.2862
    1883    1047.5270
    1884    1020.2879
    1885    1010.4894
    1886    1022.3314
    1887    1053.4869
    1888    1095.6770
    1889    1137.4700
    1890    1168.2806
    1891    1182.0651
    1892    1179.3017
    1893    1166.4719
    1894    1153.2247
    1895    1148.3012
    1896    1155.8927
    1897    1173.9599
    1898    1195.1880
    1899    1210.0995
    1900    1211.0086
    1901    1195.2347
    1902    1166.3799
    1903    1133.2986
    1904    1107.1987
    1905    1097.8249
    1906    1109.9296
    1907    1141.3293
    1908    1183.4415
    1909    1224.1289
    1910    1251.6798
    1911    1258.4947
    1912    1243.3425
    1913    1211.5276
    1914    1172.9470
    1915    1138.6927
    1916    1117.3466
    1917    1112.2069
    1918    1120.3628
    1919    1133.9182
    1920    1142.9707
    1921    1139.3611
    1922    1119.8895
    1923    1087.8123
    1924    1052.0029
    1925    1024.0106
    1926    1014.0722
    1927    1027.5318
    1928    1062.9561
    1929    1112.6016
    1930    1165.0107
    1931    1208.7620
    1932    1236.0105
    1933    1244.5549
    1934    1237.7551
    1935    1222.4947
    1936    1206.1749
    1937    1193.9923
    1938    1187.4374
    1939    1184.3876
    1940    1180.5943
    1941    1171.9217
    1942    1156.4141
    1943    1135.3312
    1944    1112.7029
    1945    1093.6045
    1946    1081.9407
    1947    1078.7653
    1948    1081.9227
    1949    1087.1774
    1950    1090.3056
    1951    1089.1591
    1952    1084.7057
    1953    1080.5016
    1954    1080.8095
    1955    1088.2511
    1956    1102.1625
    1957    1118.5349
    1958    1131.6466
    1959    1136.6657
    1960    1132.0279
    1961    1120.4749
    1962    1108.2174
    1963    1102.4822
    1964    1108.4114
    1965    1126.6105
    1966    1152.4382
    1967    1177.4863
    1968    1192.7671
    1969    1192.3404
    1970    1175.8206
    1971    1148.6243
    1972    1119.7987
    1973    1098.3564
    1974    1089.7361
    1975    1093.9386
    1976    1106.0549
    1977    1118.8172
    1978    1125.9630
    1979    1124.9555
    1980    1117.9522
    1981    1110.6982
    1982    1109.8905
    1983    1120.1542
    1984    1141.8851
    1985    1170.8438
    1986    1199.6635
    1987    1220.6617
    1988    1228.8097
    1989    1223.6376
    1990    1209.2814
    1991    1192.6497
    1992    1180.4940
    1993    1176.6403
    1994    1180.5723
    1995    1187.9510
    1996    1192.8250
    1997    1190.5356
    1998    1180.0158
    1999    1164.4776
    2000    1150.2010
