#Frame              T
       1    1225.5626
       2    1078.4909
       3    1127.7861
       4     963.9715
       5    1023.9992
       6    1092.4501
       7    1019.3408
       8    1020.6015
       9    1052.1651
      10    1079.9323
      11    1084.3325
      12    1044.8668
      13    1026.2793
      14     983.3086
      15     951.1725
      16     979.9491
      17    1003.9345
      18     940.2799
      19     988.5917
      20     966.7751
      21     952.3609
      22     964.2110
      23     888.5691
      24     850.2428
      25     909.0676
      26     861.3412
      27     888.1717
      28     936.7020
      29     955.5426
      30     991.5534
      31     886.6215
      32     872.8942
      33     764.0097
      34     906.2287
      35     877.0325
      36     814.6516
      37     799.3067
      38     754.6161
      39     745.9654
      40     828.2299
      41     829.1382
      42     773.0742
      43     787.1555
      44     752.9771
      45     742.3764
      46     695.1390
      47     757.5135
      48     773.4325
      49     739.1106
      50     707.0378
      51     757.2340
      52     733.4153
      53     738.9696
      54     711.7411
      55     673.4289
      56     689.9845
      57     724.9694
      58     695.2711
      59     765.4506
      60     690.0502
      61     697.4959
      62     710.9913
      63     664.0902
      64     634.2924
      65     689.4626
      66     705.9947
      67     733.1643
      68     712.0074
      69     641.9742
      70     677.5320
      71     716.5859
      72     706.9875
      73     627.9532
      74     633.2814
      75     659.8320
      76     589.1698
      77     613.2043
      78     595.3947
      79     571.2651
      80     706.6379
      81     675.5860
      82     593.0977
      83     619.2000
      84     628.1198
      85     527.7373
      86     620.7915
      87     643.8654
      88     602.3473
      89     584.2679
      90     582.7780
      91     549.0408
      92     599.9951
      93     606.2050
      94     619.5680
      95     602.2435
      96     601.0703
      97     598.2415
      98     608.8350
      99     594.9534
     100     545.7951
     101     639.6781
     102     618.2009
     103     591.8181
     104     599.2982
     105     595.4913
     106     531.7793
     107     539.4384
     108     599.5141
     109     556.8314
     110     569.6882
     111     581.1038
     112     578.6000
     113     567.8989
     114     569.8096
     115     536.6636
     116     509.0145
     117     577.3246
     118     532.5200
     119     601.6631
     120     511.2988
     121     515.6049
     122     526.9780
     123     541.4034
     124     559.1514
     125     533.7023
     126     527.5544
     127     583.9304
     128     524.8542
     129     568.3660
     130     511.4709
     131     548.6822
     132     493.0694
     133     539.0670
     134     461.5969
     135     562.3088
     136     555.3607
     137     564.7917
     138     543.2237
     139     546.7738
     140     537.4433
     141     501.4752
     142     501.9709
     143     508.5360
     144     579.7973
     145     559.7414
     146     560.3122
     147     464.0484
     148     448.9726
     149     486.1175
     150     515.1501
     151     493.1422
     152     499.9720
     153     509.9840
     154     478.9899
     155     463.2619
     156     480.0735
     157     508.4645
     158     480.2778
     159     491.2935
     160     472.1546
     161     472.4390
     162     500.1109
     163     501.0438
     164     478.0527
     165     469.7608
     166     470.7897
     167     474.9603
     168     527.0322
     169     470.1603
     170     422.8042
     171     469.8419
     172     466.4251
     173     469.0706
     174     487.8093
     175     464.7226
     176     481.7599
     177     455.6485
     178     480.0662
     179     467.1391
     180     475.7372
     181     450.1143
     182     411.9439
     183     452.7989
     184     449.4334
     185     463.7592
     186     451.6458
     187     444.6347
     188     468.5052
     189     464.3015
     190     430.4417
     191     445.3138
     192     474.2547
     193     419.7637
     194     432.2505
     195     430.3205
     196     431.5132
     197     443.5107
     198     435.1021
     199     421.5841
     200     391.0318
     201     427.2972
     202     443.9375
     203     437.7268
     204     480.6885
     205     444.5796
     206     438.2028
     207     456.3368
     208     455.7944
     209     422.3712
     210     484.4710
     211     406.9719
     212     414.7485
     213     431.2346
     214     466.4350
     215     422.6224
     216     433.9698
     217     461.2998
     218     447.5162
     219     442.2471
     220     430.4530
     221     431.4037
     222     454.8715
     223     446.9610
     224     441.9093
     225     406.7752
     226     430.1614
     227     430.1753
     228     395.9205
     229     434.7673
     230     457.1461
     231     453.2144
     232     442.7948
     233     454.5396
     234     415.8884
     235     439.4454
     236     418.4829
     237     382.5958
     238     425.3505
     239     388.3984
     240     390.9830
     241     373.3174
     242     412.3284
     243     385.1527
     244     432.0699
     245     419.8724
     246     392.1171
     247     421.2406
     248     393.1925
     249     455.5184
     250     393.5518
     251     389.5298
     252     387.7390
     253     403.8154
     254     423.4342
     255     393.6706
     256     412.0980
     257     392.5383
     258     387.4091
     259     369.7042
     260     372.6675
     261     372.2693
     262     403.5756
     263     401.4632
     264     416.4641
     265     432.5064
     266     412.7390
     267     383.5364
     268     419.4486
     269     345.6635
     270     372.0203
     271     396.3888
     272     413.9349
     273     390.8783
     274     378.2632
     275     390.0710
     276     363.8252
     277     414.5067
     278     382.2537
     279     420.7387
     280     372.1777
     281     412.8345
     282     385.7630
     283     408.9307
     284     399.2072
     285     418.3953
     286     417.6626
     287     398.1262
     288     399.6878
     289     411.2132
     290     398.3010
     291     421.4182
     292     339.7862
     293     395.0694
     294     371.7803
     295     365.6547
     296     403.9240
     297     375.3675
     298     372.3876
     299     331.0228
     300     358.2255
     301     349.2420
     302     357.5364
     303     373.9150
     304     379.1829
     305     344.6856
     306     347.5382
     307     378.3901
     308     370.5829
     309     398.5735
     310     367.2980
     311     360.6716
     312     374.0133
     313     374.2065
     314     376.1503
     315     372.3903
     316     352.2222
     317     365.1270
     318     339.6011
     319     325.7739
     320     362.2707
     321     345.2250
     322     355.5489
     323     376.5988
     324     358.1979
     325     347.1699
     326     353.0679
     327     364.1901
     328     335.6023
     329     366.4063
     330     339.1794
     331     318.2770
     332     335.7031
     333     357.9208
     334     316.8722
     335     341.4883
     336     353.4884
     337     342.7630
     338     320.3715
     339     368.4854
     340     346.8351
     341     348.8030
     342     367.4923
     343     357.3327
     344     358.1107
     345     318.5283
     346     343.7019
     347     309.7942
     348     336.8941
     349     338.6447
     350     322.8949
     351     333.4638
     352     340.5373
     353     359.0455
     354     387.1673
     355     366.6359
     356     348.1761
     357     369.5325
     358     366.3981
     359     351.5595
     360     404.3453
     361     377.4513
     362     371.0677
     363     381.8147
     364     368.1022
     365     359.8638
     366     341.6981
     367     386.5331
     368     383.1152
     369     355.8872
     370     340.6225
     371     340.1701
     372     361.3756
     373     338.9527
     374     324.2892
     375     322.0060
     376     335.9163
     377     326.0916
     378     346.7102
     379     333.7067
     380     363.8929
     381     335.2280
     382     344.4403
     383     341.0045
     384     309.8248
     385     334.7202
     386     328.6092
     387     371.9964
     388     362.3249
     389     376.6664
     390     330.1258
     391     340.2215
     392     377.9570
     393     358.5188
     394     368.7516
     395     364.7054
     396     378.4766
     397     389.2160
     398     373.4291
     399     344.4636
     400     373.0863
