#Frame              T
       1    2997.2838
       2    2870.5822
       3    2650.3058
       4    2385.4930
       5    2129.3489
       6    1924.5535
       7    1792.9583
       8    1732.4449
       9    1721.2741
      10    1727.9414
      11    1723.0467
      12    1689.3244
      13    1626.8450
      14    1552.0728
      15    1491.4209
      16    1471.5592
      17    1509.6220
      18    1606.4138
      19    1744.7464
      20    1893.4569
      21    2015.8736
      22    2080.1448
      23    2068.3242
      24    1981.5310
      25    1839.7135
      26    1676.1882
      27    1528.6656
      28    1429.3693
      29    1396.9339
      30    1432.1770
      31    1518.7733
      32    1628.5553
      33    1729.8697
      34    1796.5043
      35    1814.5407
      36    1785.2555
      37    1723.5127
      38    1652.4035
      39    1595.7685
      40    1570.7252
      41    1582.3851
      42    1622.3974
      43    1671.8174
      44    1707.4495
      45    1709.7280
      46    1669.6574
      47    1592.5256
      48    1496.9789
      49    1409.4993
      50    1355.9380
      51    1352.9538
      52    1402.3478
      53    1490.1912
      54    1590.8924
      55    1674.8195
      56    1717.1413
      57    1705.2413
      58    1642.4870
      59    1547.2139
      60    1447.2503
      61    1371.6843
      62    1342.4184
      63    1368.0951
      64    1442.1565
      65    1545.4629
      66    1652.4948
      67    1739.1331
      68    1789.5851
      69    1800.3042
      70    1779.7236
      71    1744.0959
      72    1711.1881
      73    1694.1978
      74    1697.7843
      75    1717.1149
      76    1739.9207
      77    1750.7818
      78    1736.3329
      79    1689.8791
      80    1614.0884
      81    1520.9774
      82    1429.1812
      83    1359.2271
      84    1328.0492
      85    1344.2140
      86    1405.2172
      87    1497.7093
      88    1600.7508
      89    1691.3736
      90    1750.9488
      91    1770.4398
      92    1752.8434
      93    1711.9269
      94    1667.5316
      95    1638.8761
      96    1638.0799
      97    1666.1052
      98    1712.5095
      99    1759.1208
     100    1786.4367
     101    1780.6259
     102    1738.7451
     103    1670.3237
     104    1594.6370
     105    1534.4622
     106    1508.3905
     107    1524.3441
     108    1576.5922
     109    1647.3494
     110    1712.4919
     111    1749.5353
     112    1745.1705
     113    1699.7267
     114    1627.0290
     115    1549.7253
     116    1491.6900
     117    1470.0756
     118    1489.7198
     119    1541.8148
     120    1607.2795
     121    1663.6200
     122    1692.8249
     123    1687.4481
     124    1652.6718
     125    1603.6690
     126    1559.3901
     127    1535.2724
     128    1537.7128
     129    1562.3703
     130    1596.6606
     131    1625.0459
     132    1634.8633
     133    1620.5698
     134    1585.2374
     135    1539.3124
     136    1497.2209
     137    1472.6943
     138    1474.2267
     139    1502.3288
     140    1549.5806
     141    1603.2619
     142    1649.3431
     143    1676.4009
     144    1678.3682
     145    1655.5691
     146    1614.0402
     147    1563.5466
     148    1514.8767
     149    1477.0452
     150    1455.1288
     151    1449.3296
     152    1455.4799
     153    1466.7486
     154    1476.0361
     155    1478.3992
     156    1472.8172
     157    1462.6996
     158    1454.8695
     159    1457.2274
     160    1475.7423
     161    1511.7722
     162    1560.7629
     163    1612.9618
     164    1656.0647
     165    1679.0374
     166    1675.8506
     167    1647.7890
     168    1603.4352
     169    1556.2402
     170    1520.4214
     171    1506.5100
     172    1518.0334
     173    1550.4466
     174    1592.6381
     175    1630.4471
     176    1650.9496
     177    1646.0805
     178    1614.5559
     179    1561.7974
     180    1498.1865
     181    1436.2596
     182    1387.5903
     183    1360.0909
     184    1356.3073
     185    1373.1204
     186    1402.9858
     187    1436.4024
     188    1464.9036
     189    1483.6748
     190    1492.9857
     191    1497.9379
     192    1506.5266
     193    1526.5818
     194    1562.5324
     195    1612.9698
     196    1669.8162
     197    1719.6596
     198    1747.2433
     199    1740.1791
     200    1693.3179
     201    1611.2691
     202    1508.0083
     203    1403.4086
     204    1317.7092
     205    1265.7737
     206    1253.0851
     207    1274.7938
     208    1318.0916
     209    1367.0466
     210    1408.2339
     211    1435.2238
     212    1450.3775
     213    1463.2529
     214    1486.0944
     215    1528.0694
     216    1590.5921
     217    1665.6474
     218    1737.7907
     219    1789.1531
     220    1805.6068
     221    1781.6886
     222    1722.5011
     223    1642.0734
     224    1558.9214
     225    1490.4367
     226    1448.0338
     227    1434.6044
     228    1444.9482
     229    1468.7516
     230    1494.8081
     231    1514.8019
     232    1525.3132
     233    1527.5777
     234    1525.5475
     235    1523.3803
     236    1523.4540
     237    1525.6816
     238    1528.2434
     239    1529.0228
     240    1526.8045
     241    1521.6874
     242    1514.6546
     243    1506.6378
     244    1497.7068
     245    1486.9811
     246    1473.4082
     247    1456.9706
     248    1439.6505
     249    1425.5952
     250    1420.1852
     251    1428.0851
     252    1450.9339
     253    1485.7536
     254    1525.0602
     255    1558.9608
     256    1578.6139
     257    1579.6684
     258    1564.1648
     259    1540.0428
     260    1518.4135
     261    1509.6078
     262    1519.4392
     263    1547.0448
     264    1585.1049
     265    1622.3665
     266    1647.5467
     267    1653.1958
     268    1638.1636
     269    1607.8757
     270    1572.4208
     271    1543.1434
     272    1528.8392
     273    1532.7604
     274    1551.4311
     275    1575.7449
     276    1594.0100
     277    1595.9185
     278    1576.0808
     279    1535.9724
     280    1483.6769
     281    1431.5432
     282    1392.5376
     283    1376.4447
     284    1387.0082
     285    1420.6668
     286    1467.2325
     287    1512.7243
     288    1543.8778
     289    1552.7287
     290    1539.3307
     291    1511.5870
     292    1482.3646
     293    1464.9894
     294    1468.6571
     295    1495.2391
     296    1538.4515
     297    1585.6410
     298    1621.7579
     299    1634.3331
     300    1617.7860
     301    1575.4716
     302    1518.6617
     303    1462.7671
     304    1422.1527
     305    1405.4211
     306    1412.8708
     307    1436.9923
     308    1465.7496
     309    1487.4119
     310    1495.0942
     311    1489.2104
     312    1476.8089
     313    1468.0583
     314    1471.5268
     315    1490.4751
     316    1521.6166
     317    1556.4473
     318    1584.2784
     319    1595.6726
     320    1585.2581
     321    1553.4451
     322    1506.4136
     323    1453.9011
     324    1405.5930
     325    1367.8473
     326    1342.1724
     327    1325.9080
     328    1314.5698
     329    1304.6828
     330    1295.8882
     331    1291.4776
     332    1297.1288
     333    1318.3048
     334    1357.3966
     335    1411.8947
     336    1474.4526
     337    1534.8404
     338    1582.9692
     339    1611.8247
     340    1619.2877
     341    1608.2645
     342    1585.2090
     343    1557.6757
     344    1531.8350
     345    1510.8455
     346    1494.6281
     347    1480.9703
     348    1467.3113
     349    1452.3717
     350    1437.0007
     351    1424.0192
     352    1417.2087
     353    1419.8665
     354    1433.4499
     355    1456.8033
     356    1486.2283
     357    1516.3597
     358    1541.5313
     359    1557.1791
     360    1560.8722
     361    1552.7484
     362    1535.3464
     363    1512.9457
     364    1490.5606
     365    1472.7965
     366    1462.8499
     367    1461.9236
     368    1469.2087
     369    1482.3585
     370    1498.2622
     371    1513.8684
     372    1526.8326
     373    1535.8378
     374    1540.5308
     375    1541.1584
     376    1538.0834
     377    1531.3983
     378    1520.8146
     379    1505.8729
     380    1486.3893
     381    1462.9106
     382    1436.9638
     383    1410.9731
     384    1387.8670
     385    1370.5166
     386    1361.1694
     387    1361.0165
     388    1369.9906
     389    1386.8356
     390    1409.4050
     391    1435.0514
     392    1460.9331
     393    1484.1650
     394    1501.9035
     395    1511.5285
     396    1511.0394
     397    1499.6368
     398    1478.3046
     399    1450.1172
     400    1419.9628
     401    1393.5779
     402    1376.0622
     403    1370.3538
     404    1376.2811
     405    1390.6667
     406    1408.5637
     407    1425.2184
     408    1437.9893
     409    1447.4052
     410    1456.7980
     411    1470.4767
     412    1491.0817
     413    1517.3933
     414    1543.9142
     415    1562.7123
     416    1566.7141
     417    1552.7003
     418    1522.5799
     419    1482.8297
     420    1442.7376
     421    1411.6860
     422    1395.9515
     423    1396.3318
     424    1407.8477
     425    1421.7802
     426    1429.2134
     427    1424.5999
     428    1407.8780
     429    1384.2841
     430    1361.9984
     431    1348.6893
     432    1348.4153
     433    1360.1015
     434    1378.1223
     435    1394.6842
     436    1402.9883
     437    1399.8420
     438    1386.7266
     439    1368.9907
     440    1353.6347
     441    1346.6550
     442    1351.0255
     443    1366.1033
     444    1388.5361
     445    1413.7632
     446    1437.0417
     447    1454.4041
     448    1464.1136
     449    1467.3141
     450    1467.0851
     451    1466.8089
     452    1468.8881
     453    1474.2490
     454    1482.5251
     455    1492.5508
     456    1502.7957
     457    1511.5994
     458    1517.2689
     459    1518.2119
     460    1513.2557
     461    1502.1479
     462    1486.0556
     463    1467.7284
     464    1451.0646
     465    1440.0557
     466    1437.3705
     467    1443.0954
     468    1454.2659
     469    1465.6689
     470    1471.8076
     471    1469.1698
     472    1457.6840
     473    1440.9075
     474    1425.2284
     475    1418.2076
     476    1425.9186
     477    1449.9404
     478    1485.5090
     479    1522.0745
     480    1546.4317
     481    1547.4471
     482    1520.6711
     483    1470.9136
     484    1411.3538
     485    1359.1828
     486    1329.6318
     487    1330.8896
     488    1361.4953
     489    1410.8299
     490    1462.7069
     491    1501.0123
     492    1515.3042
     493    1504.2119
     494    1475.3926
     495    1442.2276
     496    1418.6637
     497    1414.1853
     498    1430.7263
     499    1462.4688
     500    1498.3514
     501    1526.1746
     502    1536.7576
     503    1526.7274
     504    1499.1444
     505    1461.9955
     506    1425.3086
     507    1398.0003
     508    1385.5125
     509    1388.8799
     510    1405.2819
     511    1429.5792
     512    1456.1225
     513    1480.1948
     514    1498.7341
     515    1510.3491
     516    1514.9442
     517    1513.3241
     518    1506.9450
     519    1497.7421
     520    1487.8639
     521    1479.2196
     522    1472.9416
     523    1469.0001
     524    1466.2330
     525    1462.8492
     526    1457.2229
     527    1448.6473
     528    1437.7689
     529    1426.5559
     530    1417.7147
     531    1413.6161
     532    1415.1419
     533    1421.0951
     534    1428.5807
     535    1434.1796
     536    1435.3375
     537    1431.3605
     538    1423.6281
     539    1414.9528
     540    1408.3525
     541    1405.7661
     542    1407.2851
     543    1411.2438
     544    1415.1180
     545    1416.8078
     546    1415.6817
     547    1412.9069
     548    1410.9641
     549    1412.6131
     550    1419.7719
     551    1432.7470
     552    1450.0687
     553    1468.9371
     554    1486.0600
     555    1498.5089
     556    1504.2563
     557    1502.2753
     558    1492.3311
     559    1474.7563
     560    1450.4432
     561    1421.0745
     562    1389.3896
     563    1359.2080
     564    1335.0298
     565    1321.1849
     566    1320.6848
     567    1334.1023
     568    1358.9403
     569    1389.9293
     570    1420.4037
     571    1444.4041
     572    1458.7565
     573    1464.2561
     574    1465.3561
     575    1468.3194
     576    1478.4203
     577    1497.3180
     578    1521.8165
     579    1544.6682
     580    1557.1624
     581    1552.4903
     582    1528.6356
     583    1489.6829
     584    1444.9190
     585    1405.8557
     586    1382.1472
     587    1377.9987
     588    1390.6208
     589    1411.3834
     590    1429.1511
     591    1434.5149
     592    1423.5127
     593    1399.5487
     594    1372.2593
     595    1352.8289
     596    1348.3444
     597    1359.4850
     598    1381.6573
     599    1406.9758
     600    1426.4942
     601    1432.9256
     602    1423.1680
     603    1399.5605
     604    1369.2747
     605    1342.0039
     606    1326.7766
     607    1329.0156
     608    1348.8641
     609    1381.2999
     610    1417.9078
     611    1449.6340
     612    1469.5851
     613    1474.9973
     614    1467.8044
     615    1453.6584
     616    1439.7631
     617    1432.2455
     618    1433.9693
     619    1443.5626
     620    1455.9979
     621    1464.5287
     622    1463.3103
     623    1449.7918
     624    1426.0029
     625    1398.1614
     626    1374.6644
     627    1363.1974
     628    1368.0486
     629    1388.4973
     630    1418.7125
     631    1449.2031
     632    1469.5050
     633    1471.3879
     634    1451.5834
     635    1413.0965
     636    1364.5652
     637    1317.7941
     638    1284.2348
     639    1271.5410
     640    1281.2778
     641    1308.5075
     642    1343.4039
     643    1374.4419
     644    1392.1817
     645    1392.4053
     646    1377.5414
     647    1355.8739
     648    1338.7928
     649    1336.9882
     650    1356.8079
     651    1397.9238
     652    1453.0695
     653    1509.9615
     654    1554.8362
     655    1576.5017
     656    1569.6444
     657    1536.4303
     658    1485.9824
     659    1431.8784
     660    1388.2334
     661    1365.4215
     662    1366.8445
     663    1388.0352
     664    1418.4320
     665    1445.0119
     666    1456.4352
     667    1446.5357
     668    1416.3763
     669    1374.3048
     670    1333.4990
     671    1307.1333
     672    1303.2945
     673    1322.7313
     674    1359.8873
     675    1405.2116
     676    1447.6136
     677    1477.0392
     678    1486.9105
     679    1475.7792
     680    1447.6079
     681    1410.5201
     682    1374.3558
     683    1347.7773
     684    1335.7917
     685    1338.4449
     686    1351.1081
     687    1366.2972
     688    1376.4021
     689    1376.3645
     690    1365.4757
     691    1347.8108
     692    1331.1020
     693    1324.2582
     694    1334.2746
     695    1363.6308
     696    1409.1187
     697    1462.5048
     698    1512.7784
     699    1549.2253
     700    1564.3487
     701    1555.7621
     702    1526.5417
     703    1483.9946
     704    1437.2613
     705    1394.5636
     706    1361.0381
     707    1337.8669
     708    1322.8471
     709    1312.0193
     710    1301.6469
     711    1289.7586
     712    1276.7330
     713    1264.8878
     714    1257.3976
     715    1257.0453
     716    1265.2520
     717    1281.6389
     718    1304.1406
     719    1329.5307
     720    1354.1324
     721    1374.5097
     722    1387.9832
     723    1392.9109
     724    1388.7692
     725    1376.1741
     726    1356.9171
     727    1333.9599
     728    1311.2525
     729    1293.2678
     730    1284.1457
     731    1286.5279
     732    1300.4938
     733    1323.1428
     734    1349.1243
     735    1372.0192
     736    1386.1814
     737    1388.4892
     738    1379.4159
     739    1362.9465
     740    1345.2570
     741    1332.5660
     742    1328.9435
     743    1334.9123
     744    1347.4022
     745    1361.1132
     746    1370.7972
     747    1373.5956
     748    1370.4953
     749    1366.2020
     750    1367.3227
     751    1379.4690
     752    1404.3717
     753    1438.2235
     754    1472.1800
     755    1495.1637
     756    1497.9982
     757    1477.1156
     758    1436.2424
     759    1385.3623
     760    1337.3660
     761    1303.6536
     762    1290.3627
     763    1296.6321
     764    1315.5408
     765    1337.2777
     766    1353.2141
     767    1359.2393
     768    1357.1414
     769    1353.6596
     770    1357.5523
     771    1375.6510
     772    1409.3841
     773    1453.2653
     774    1496.1328
     775    1524.8139
     776    1528.8827
     777    1504.6897
     778    1457.1054
     779    1398.2750
     780    1343.7581
     781    1307.4192
     782    1296.9038
     783    1311.3251
     784    1341.9440
     785    1375.5335
     786    1399.1498
     787    1404.5814
     788    1390.8952
     789    1364.2678
     790    1335.2878
     791    1314.8301
     792    1310.0494
     793    1321.9305
     794    1345.1722
     795    1370.3229
     796    1387.2829
     797    1388.9003
     798    1373.4299
     799    1345.1024
     800    1312.7080
     801    1286.7473
     802    1276.1037
     803    1285.3079
     804    1313.2269
     805    1353.5104
     806    1396.5765
     807    1432.4531
     808    1453.5765
     809    1456.7617
     810    1443.8779
     811    1421.1128
     812    1397.0294
     813    1379.9592
     814    1375.4954
     815    1384.8259
     816    1404.3898
     817    1427.0051
     818    1444.2307
     819    1449.2735
     820    1439.4274
     821    1417.1635
     822    1389.4867
     823    1365.6398
     824    1353.7109
     825    1357.3636
     826    1374.3368
     827    1397.4098
     828    1417.0630
     829    1424.6558
     830    1415.1828
     831    1388.8211
     832    1350.7795
     833    1309.5568
     834    1274.3000
     835    1252.2267
     836    1246.9321
     837    1257.9822
     838    1281.6836
     839    1312.5899
     840    1345.1382
     841    1374.8846
     842    1398.9773
     843    1415.8838
     844    1424.8303
     845    1425.5645
     846    1418.6680
     847    1406.0634
     848    1391.1249
     849    1378.0819
     850    1370.8034
     851    1371.4112
     852    1379.2941
     853    1391.0107
     854    1401.2696
     855    1404.7562
     856    1398.2065
     857    1381.9680
     858    1360.4028
     859    1340.7949
     860    1330.9143
     861    1335.9737
     862    1356.1179
     863    1385.5280
     864    1413.7164
     865    1428.7941
     866    1421.6386
     867    1389.4253
     868    1337.1416
     869    1276.4277
     870    1222.0673
     871    1187.2959
     872    1179.5801
     873    1198.4093
     874    1235.8932
     875    1279.8724
     876    1318.2687
     877    1343.0230
     878    1352.2513
     879    1350.0348
     880    1344.1510
     881    1342.7235
     882    1351.0281
     883    1369.5255
     884    1393.7112
     885    1415.7383
     886    1427.1915
     887    1422.0647
     888    1398.9794
     889    1361.9419
     890    1319.3963
     891    1281.8486
     892    1258.8059
     893    1256.0088
     894    1273.8335
     895    1307.3097
     896    1347.6690
     897    1384.9002
     898    1410.5588
     899    1420.0038
     900    1413.4070
     901    1395.2713
     902    1372.6537
     903    1352.6829
     904    1340.1899
     905    1336.2554
     906    1338.1790
     907    1340.8636
     908    1339.1021
     909    1329.9402
     910    1314.2466
     911    1296.8688
     912    1285.2076
     913    1286.5690
     914    1305.1396
     915    1339.7050
     916    1383.1465
     917    1424.1923
     918    1450.9866
     919    1455.1987
     920    1435.1023
     921    1396.3752
     922    1350.2584
     923    1309.7227
     924    1285.0846
     925    1280.6975
     926    1293.9126
     927    1316.6256
     928    1338.7460
     929    1352.2071
     930    1353.9438
     931    1346.7099
     932    1337.4794
     933    1334.1785
     934    1342.1712
     935    1361.9950
     936    1389.2396
     937    1416.4791
     938    1436.3161
     939    1444.1724
     940    1439.6523
     941    1426.0006
     942    1408.0850
     943    1389.9437
     944    1373.0814
     945    1356.2876
     946    1337.0172
     947    1313.6301
     948    1287.3345
     949    1262.7223
     950    1246.3754
     951    1244.0169
     952    1257.5442
     953    1283.4831
     954    1313.7615
     955    1338.6042
     956    1350.3791
     957    1346.7685
     958    1331.9053
     959    1314.9244
     960    1306.4532
     961    1314.3699
     962    1340.4616
     963    1379.2903
     964    1419.7968
     965    1449.1472
     966    1457.4655
     967    1441.7129
     968    1407.1914
     969    1365.9155
     970    1332.2720
     971    1317.6009
     972    1325.9297
     973    1352.5449
     974    1385.8555
     975    1411.8023
     976    1419.2104
     977    1404.0970
     978    1371.2424
     979    1332.3804
     980    1301.7176
     981    1290.5501
     982    1303.0885
     983    1335.0569
     984    1375.4956
     985    1410.9203
     986    1430.1577
     987    1428.0260
     988    1406.5688
     989    1373.5757
     990    1339.2172
     991    1312.2919
     992    1297.3859
     993    1293.5496
     994    1294.8531
     995    1293.2107
     996    1282.5629
     997    1261.9497
     998    1235.8045
     999    1211.7415
    1000    1197.2128
    1001    1196.3160
    1002    1208.4053
    1003    1228.3581
    1004    1248.7293
    1005    1262.7053
    1006    1266.7306
    1007    1261.7815
    1008    1252.7698
    1009    1246.3337
    1010    1247.9309
    1011    1259.4348
    1012    1278.2355
    1013    1298.2380
    1014    1312.3647
    1015    1315.4979
    1016    1306.6679
    1017    1289.6407
    1018    1271.7354
    1019    1261.3252
    1020    1264.9164
    1021    1284.8061
    1022    1318.1387
    1023    1357.6995
    1024    1394.1820
    1025    1419.1013
    1026    1427.2702
    1027    1418.0374
    1028    1395.0524
    1029    1364.8107
    1030    1334.4534
    1031    1309.4947
    1032    1292.2554
    1033    1281.5636
    1034    1273.7831
    1035    1264.7061
    1036    1251.5446
    1037    1234.2628
    1038    1215.7665
    1039    1200.8890
    1040    1194.5748
    1041    1199.9872
    1042    1217.3167
    1043    1243.7622
    1044    1274.5915
    1045    1304.7185
    1046    1330.1094
    1047    1348.5025
    1048    1359.3196
    1049    1363.0147
    1050    1360.2943
    1051    1351.6463
    1052    1337.3992
    1053    1318.2251
    1054    1295.7479
    1055    1272.8510
    1056    1253.3966
    1057    1241.3499
    1058    1239.5841
    1059    1248.7889
    1060    1266.8944
    1061    1289.2791
    1062    1309.8336
    1063    1322.6556
    1064    1323.8603
    1065    1312.8580
    1066    1292.5813
    1067    1268.5484
    1068    1247.0927
    1069    1233.3859
    1070    1229.8641
    1071    1235.4585
    1072    1245.9172
    1073    1255.4252
    1074    1259.0885
    1075    1255.0418
    1076    1245.0705
    1077    1233.5858
    1078    1225.6141
    1079    1224.7469
    1080    1231.8237
    1081    1244.6320
    1082    1258.5157
    1083    1267.7755
    1084    1267.7196
    1085    1256.6528
    1086    1236.7958
    1087    1213.6792
    1088    1194.3021
    1089    1184.7658
    1090    1188.2490
    1091    1204.0784
    1092    1228.2469
    1093    1255.1603
    1094    1279.8497
    1095    1299.6114
    1096    1314.3463
    1097    1325.7207
    1098    1335.8968
    1099    1346.3558
    1100    1357.0007
    1101    1365.8298
    1102    1369.4658
    1103    1364.4407
    1104    1348.7290
    1105    1322.9126
    1106    1290.5446
    1107    1257.5360
    1108    1230.6690
    1109    1215.6563
    1110    1215.3960
    1111    1229.0871
    1112    1252.5884
    1113    1279.9477
    1114    1305.5371
    1115    1325.9247
    1116    1340.6874
    1117    1351.8396
    1118    1362.2138
    1119    1373.5964
    1120    1385.5039
    1121    1395.0937
    1122    1398.1903
    1123    1390.9723
    1124    1371.6397
    1125    1341.3797
    1126    1304.1916
    1127    1265.6330
    1128    1231.0809
    1129    1204.2515
    1130    1186.4692
    1131    1176.7942
    1132    1172.8767
    1133    1172.2105
    1134    1173.2956
    1135    1176.2354
    1136    1182.5079
    1137    1194.0063
    1138    1211.7663
    1139    1234.9488
    1140    1260.5599
    1141    1284.0979
    1142    1300.9373
    1143    1307.9542
    1144    1304.7690
    1145    1294.1183
    1146    1281.1476
    1147    1271.7878
    1148    1270.7158
    1149    1279.5845
    1150    1296.2026
    1151    1315.0340
    1152    1328.9353
    1153    1331.5910
    1154    1319.8243
    1155    1294.9705
    1156    1262.7650
    1157    1231.6513
    1158    1209.9925
    1159    1203.1800
    1160    1211.7585
    1161    1231.3281
    1162    1254.2873
    1163    1272.7838
    1164    1281.7395
    1165    1280.6917
    1166    1273.6733
    1167    1267.3723
    1168    1268.5529
    1169    1281.5682
    1170    1306.4961
    1171    1338.5113
    1172    1368.9768
    1173    1388.0969
    1174    1388.2658
    1175    1366.8838
    1176    1327.5759
    1177    1279.2897
    1178    1233.5416
    1179    1200.7595
    1180    1187.0373
    1181    1192.4253
    1182    1211.3092
    1183    1234.6990
    1184    1253.5829
    1185    1262.1510
    1186    1259.7067
    1187    1250.5377
    1188    1241.8107
    1189    1240.3339
    1190    1249.5045
    1191    1267.6852
    1192    1288.6848
    1193    1304.1771
    1194    1307.1082
    1195    1294.7257
    1196    1269.9697
    1197    1240.6239
    1198    1216.5423
    1199    1206.0823
    1200    1213.1570
    1201    1235.9694
    1202    1267.7797
    1203    1299.3705
    1204    1322.2992
    1205    1331.7413
    1206    1327.8610
    1207    1315.1949
    1208    1300.3289
    1209    1288.8503
    1210    1282.8779
    1211    1280.2327
    1212    1275.5788
    1213    1262.9714
    1214    1238.7181
    1215    1203.4002
    1216    1162.2717
    1217    1123.8757
    1218    1097.4610
    1219    1090.2242
    1220    1105.2985
    1221    1140.9474
    1222    1191.0308
    1223    1246.5362
    1224    1297.7444
    1225    1336.4397
    1226    1357.6191
    1227    1360.3198
    1228    1347.4444
    1229    1324.7041
    1230    1298.9916
    1231    1276.6102
    1232    1261.7578
    1233    1255.6164
    1234    1256.2744
    1235    1259.5435
    1236    1260.5007
    1237    1255.3720
    1238    1243.1799
    1239    1226.5615
    1240    1211.3612
    1241    1204.9945
    1242    1214.0124
    1243    1241.5838
    1244    1285.6999
    1245    1338.7952
    1246    1389.1264
    1247    1423.7216
    1248    1432.1179
    1249    1409.7400
    1250    1359.7540
    1251    1292.6663
    1252    1223.6458
    1253    1168.2457
    1254    1137.7143
    1255    1135.4583
    1256    1156.1643
    1257    1188.1654
    1258    1218.0875
    1259    1235.7704
    1260    1237.6213
    1261    1227.3930
    1262    1214.3390
    1263    1209.5132
    1264    1221.5176
    1265    1253.1441
    1266    1300.0465
    1267    1351.8918
    1268    1395.5977
    1269    1419.5624
    1270    1417.3302
    1271    1389.2385
    1272    1341.8018
    1273    1285.9406
    1274    1234.7071
    1275    1200.1340
    1276    1189.5929
    1277    1203.2131
    1278    1233.7766
    1279    1269.2451
    1280    1296.8112
    1281    1306.9883
    1282    1296.5255
    1283    1269.1745
    1284    1233.9233
    1285    1201.6889
    1286    1182.2057
    1287    1181.8166
    1288    1201.9368
    1289    1238.3181
    1290    1281.6597
    1291    1319.8336
    1292    1341.3418
    1293    1339.0511
    1294    1313.0089
    1295    1271.2639
    1296    1227.9337
    1297    1198.3891
    1298    1192.9814
    1299    1212.6417
    1300    1249.0104
    1301    1288.3312
    1302    1316.5532
    1303    1323.8774
    1304    1307.7509
    1305    1273.5078
    1306    1232.3998
    1307    1197.6560
    1308    1179.9486
    1309    1183.8222
    1310    1206.2974
    1311    1238.0663
    1312    1266.8156
    1313    1281.5284
    1314    1276.2802
    1315    1252.1892
    1316    1216.8209
    1317    1181.2967
    1318    1156.2872
    1319    1148.4496
    1320    1158.5718
    1321    1181.9149
    1322    1210.3710
    1323    1235.4638
    1324    1251.1023
    1325    1255.2544
    1326    1250.1270
    1327    1240.9397
    1328    1233.8210
    1329    1233.6164
    1330    1242.3217
    1331    1258.5751
    1332    1278.2330
    1333    1295.7259
    1334    1305.7000
    1335    1304.4591
    1336    1290.8809
    1337    1266.6667
    1338    1235.9192
    1339    1204.1307
    1340    1176.7894
    1341    1158.0780
    1342    1150.1745
    1343    1153.2711
    1344    1165.9650
    1345    1185.7247
    1346    1209.4075
    1347    1233.8668
    1348    1256.5329
    1349    1275.7444
    1350    1290.6942
    1351    1301.0632
    1352    1306.5842
    1353    1306.7604
    1354    1300.8654
    1355    1288.2355
    1356    1268.7540
    1357    1243.3354
    1358    1214.2148
    1359    1184.8721
    1360    1159.5240
    1361    1142.2497
    1362    1135.9685
    1363    1141.6069
    1364    1157.7634
    1365    1181.0171
    1366    1206.8111
    1367    1230.6464
    1368    1249.2161
    1369    1261.1337
    1370    1267.0225
    1371    1268.9595
    1372    1269.4916
    1373    1270.5992
    1374    1272.9767
    1375    1275.8769
    1376    1277.5351
    1377    1275.9853
    1378    1269.9727
    1379    1259.6473
    1380    1246.7808
    1381    1234.4015
    1382    1225.9336
    1383    1224.1135
    1384    1230.0475
    1385    1242.7352
    1386    1259.2204
    1387    1275.3207
    1388    1286.7120
    1389    1290.0684
    1390    1283.9691
    1391    1269.3583
    1392    1249.4233
    1393    1228.8839
    1394    1212.8106
    1395    1205.2505
    1396    1208.0638
    1397    1220.3636
    1398    1238.7479
    1399    1258.2475
    1400    1273.6894
    1401    1281.1112
    1402    1278.8810
    1403    1268.2020
    1404    1252.7635
    1405    1237.5279
    1406    1226.9962
    1407    1223.5570
    1408    1226.5325
    1409    1232.2987
    1410    1235.5094
    1411    1231.0568
    1412    1216.1113
    1413    1191.4884
    1414    1161.7793
    1415    1134.1133
    1416    1115.9630
    1417    1112.7846
    1418    1126.3543
    1419    1154.3321
    1420    1191.0954
    1421    1229.4400
    1422    1262.5647
    1423    1285.7648
    1424    1297.3926
    1425    1298.8517
    1426    1293.6815
    1427    1286.1034
    1428    1279.5789
    1429    1275.8379
    1430    1274.6103
    1431    1274.0220
    1432    1271.4644
    1433    1264.6502
    1434    1252.5677
    1435    1236.0617
    1436    1217.8509
    1437    1201.9495
    1438    1192.6277
    1439    1193.2206
    1440    1205.1313
    1441    1227.3034
    1442    1256.2601
    1443    1286.7034
    1444    1312.6305
    1445    1328.8567
    1446    1332.5626
    1447    1324.2211
    1448    1307.3901
    1449    1287.3469
    1450    1269.1051
    1451    1255.6019
    1452    1246.7717
    1453    1239.8551
    1454    1230.8170
    1455    1216.2874
    1456    1195.2477
    1457    1169.7735
    1458    1144.5334
    1459    1125.2190
    1460    1116.4889
    1461    1120.1935
    1462    1134.5600
    1463    1154.7098
    1464    1174.3804
    1465    1188.2265
    1466    1193.7785
    1467    1192.2776
    1468    1188.0862
    1469    1186.9228
    1470    1193.5738
    1471    1209.8954
    1472    1233.8448
    1473    1259.9522
    1474    1281.1020
    1475    1290.9538
    1476    1286.0966
    1477    1267.1740
    1478    1238.6228
    1479    1207.1610
    1480    1179.5831
    1481    1160.6632
    1482    1151.9147
    1483    1151.6105
    1484    1155.9429
    1485    1160.7723
    1486    1163.2281
    1487    1162.5674
    1488    1160.1096
    1489    1158.4747
    1490    1160.5288
    1491    1168.4112
    1492    1182.8796
    1493    1203.0797
    1494    1226.7263
    1495    1250.5916
    1496    1271.1348
    1497    1285.1198
    1498    1290.1147
    1499    1284.8367
    1500    1269.3523
    1501    1245.1380
    1502    1214.9816
    1503    1182.6724
    1504    1152.4566
    1505    1128.2944
    1506    1113.0586
    1507    1107.8946
    1508    1111.9786
    1509    1122.8140
    1510    1137.0315
    1511    1151.4745
    1512    1164.2011
    1513    1175.0184
    1514    1185.3415
    1515    1197.4517
    1516    1213.4303
    1517    1234.1223
    1518    1258.4475
    1519    1283.3173
    1520    1304.2628
    1521    1316.6548
    1522    1317.1746
    1523    1305.0538
    1524    1282.6248
    1525    1254.9049
    1526    1228.2763
    1527    1208.6558
    1528    1199.7557
    1529    1202.0281
    1530    1212.6392
    1531    1226.4689
    1532    1237.8059
    1533    1242.1848
    1534    1237.7779
    1535    1225.8976
    1536    1210.4416
    1537    1196.4678
    1538    1188.3741
    1539    1188.3095
    1540    1195.3818
    1541    1205.9640
    1542    1215.0238
    1543    1218.0245
    1544    1212.7381
    1545    1200.3071
    1546    1185.1182
    1547    1173.4380
    1548    1171.2318
    1549    1181.9590
    1550    1205.1729
    1551    1236.4436
    1552    1268.6300
    1553    1294.0757
    1554    1307.0001
    1555    1305.2810
    1556    1291.0070
    1557    1269.5903
    1558    1247.7491
    1559    1231.0762
    1560    1222.0855
    1561    1219.4894
    1562    1219.0150
    1563    1215.4614
    1564    1205.1321
    1565    1187.5895
    1566    1165.9999
    1567    1146.0044
    1568    1133.6355
    1569    1133.0935
    1570    1145.1708
    1571    1166.8684
    1572    1192.3349
    1573    1214.8041
    1574    1228.8167
    1575    1231.9016
    1576    1225.1055
    1577    1212.2127
    1578    1198.0440
    1579    1186.5941
    1580    1179.8049
    1581    1177.4190
    1582    1177.8541
    1583    1179.5644
    1584    1182.1420
    1585    1186.5671
    1586    1194.4627
    1587    1206.7365
    1588    1222.3470
    1589    1237.9229
    1590    1248.6074
    1591    1249.9410
    1592    1240.0523
    1593    1221.1597
    1594    1199.4966
    1595    1183.3229
    1596    1179.5444
    1597    1190.4302
    1598    1212.2135
    1599    1236.3448
    1600    1252.6724
    1601    1253.0811
    1602    1234.3624
    1603    1199.5620
    1604    1157.4034
    1605    1119.7307
    1606    1097.5515
    1607    1097.0170
    1608    1116.9568
    1609    1149.0834
    1610    1180.9387
    1611    1200.5183
    1612    1200.7401
    1613    1181.9350
    1614    1151.5995
    1615    1121.9083
    1616    1105.8763
    1617    1113.0875
    1618    1146.2037
    1619    1199.4870
    1620    1259.9903
    1621    1311.3146
    1622    1338.9358
    1623    1335.1963
    1624    1301.9431
    1625    1249.8193
    1626    1194.6086
    1627    1152.0320
    1628    1132.7899
    1629    1139.4695
    1630    1166.2720
    1631    1201.5249
    1632    1232.0036
    1633    1247.5013
    1634    1244.0956
    1635    1225.0659
    1636    1199.2829
    1637    1177.7415
    1638    1169.4950
    1639    1178.3871
    1640    1201.6810
    1641    1231.0506
    1642    1255.5809
    1643    1265.6675
    1644    1256.3681
    1645    1229.0143
    1646    1190.6165
    1647    1151.4112
    1648    1121.5332
    1649    1108.0132
    1650    1113.0617
    1651    1134.0383
    1652    1164.8819
    1653    1198.3486
    1654    1228.2390
    1655    1250.9008
    1656    1265.6036
    1657    1273.8193
    1658    1277.8397
    1659    1279.3762
    1660    1278.7451
    1661    1274.9077
    1662    1266.2225
    1663    1251.4732
    1664    1230.6611
    1665    1205.2484
    1666    1177.8133
    1667    1151.3126
    1668    1128.2755
    1669    1110.2394
    1670    1097.6150
    1671    1089.9718
    1672    1086.5777
    1673    1086.8995
    1674    1090.8196
    1675    1098.4950
    1676    1110.0153
    1677    1125.0742
    1678    1142.7953
    1679    1161.7584
    1680    1180.2400
    1681    1196.6285
    1682    1209.8516
    1683    1219.5969
    1684    1226.2090
    1685    1230.3676
    1686    1232.7791
    1687    1234.0467
    1688    1234.7158
    1689    1235.3440
    1690    1236.4667
    1691    1238.4246
    1692    1241.1279
    1693    1243.9100
    1694    1245.5904
    1695    1244.7784
    1696    1240.3430
    1697    1231.8654
    1698    1219.8994
    1699    1205.8941
    1700    1191.7873
    1701    1179.3968
    1702    1169.8567
    1703    1163.3324
    1704    1159.1350
    1705    1156.1740
    1706    1153.5605
    1707    1151.0948
    1708    1149.4182
    1709    1149.7220
    1710    1153.0972
    1711    1159.7925
    1712    1168.7278
    1713    1177.5455
    1714    1183.2963
    1715    1183.5565
    1716    1177.5265
    1717    1166.5838
    1718    1153.9613
    1719    1143.6021
    1720    1138.6324
    1721    1140.0812
    1722    1146.4236
    1723    1154.1876
    1724    1159.4254
    1725    1159.4674
    1726    1154.2448
    1727    1146.6175
    1728    1141.5271
    1729    1144.2576
    1730    1158.4668
    1731    1184.7384
    1732    1220.1799
    1733    1259.1441
    1734    1294.7668
    1735    1320.8578
    1736    1333.6223
    1737    1332.6389
    1738    1320.6978
    1739    1302.5866
    1740    1283.3673
    1741    1266.8265
    1742    1254.6171
    1743    1246.2883
    1744    1240.0491
    1745    1233.8515
    1746    1226.3312
    1747    1217.2655
    1748    1207.4616
    1749    1198.2216
    1750    1190.6910
    1751    1185.4028
    1752    1182.2131
    1753    1180.6137
    1754    1180.2233
    1755    1181.1722
    1756    1184.1498
    1757    1190.0513
    1758    1199.3375
    1759    1211.3828
    1760    1224.1373
    1761    1234.3741
    1762    1238.5631
    1763    1234.1471
    1764    1220.7562
    1765    1200.8292
    1766    1179.2684
    1767    1162.0684
    1768    1154.2690
    1769    1157.9268
    1770    1170.9747
    1771    1187.6164
    1772    1200.2696
    1773    1202.3292
    1774    1190.6868
    1775    1167.0896
    1776    1137.8558
    1777    1111.9998
    1778    1098.3335
    1779    1102.4550
    1780    1124.6512
    1781    1159.4740
    1782    1197.2282
    1783    1226.9676
    1784    1240.0410
    1785    1232.9998
    1786    1208.8322
    1787    1176.0219
    1788    1145.6844
    1789    1127.7416
    1790    1127.4689
    1791    1143.6470
    1792    1169.0032
    1793    1192.8169
    1794    1204.7869
    1795    1198.7948
    1796    1175.2127
    1797    1140.8904
    1798    1106.7768
    1799    1084.0150
    1800    1079.9533
    1801    1095.5534
    1802    1125.1443
    1803    1158.5765
    1804    1184.9437
    1805    1196.4763
    1806    1191.1941
    1807    1173.3876
    1808    1151.8176
    1809    1136.3499
    1810    1134.3008
    1811    1147.8561
    1812    1173.4554
    1813    1203.2835
    1814    1228.2286
    1815    1241.1590
    1816    1239.2967
    1817    1224.8753
    1818    1203.9604
    1819    1183.9995
    1820    1171.0814
    1821    1167.9027
    1822    1173.1067
    1823    1182.1270
    1824    1189.1030
    1825    1189.1111
    1826    1179.8920
    1827    1162.5274
    1828    1140.9690
    1829    1120.6929
    1830    1106.9334
    1831    1103.0460
    1832    1109.6954
    1833    1125.2883
    1834    1147.1883
    1835    1172.7783
    1836    1199.8244
    1837    1226.2441
    1838    1249.7299
    1839    1267.6899
    1840    1277.7274
    1841    1278.5296
    1842    1270.7454
    1843    1257.3176
    1844    1242.9228
    1845    1232.5479
    1846    1229.6691
    1847    1234.7659
    1848    1244.8439
    1849    1254.3340
    1850    1257.1993
    1851    1249.5217
    1852    1231.5173
    1853    1207.9993
    1854    1186.9142
    1855    1176.4047
    1856    1181.5221
    1857    1201.8792
    1858    1231.1955
    1859    1259.0150
    1860    1274.0947
    1861    1268.3026
    1862    1239.5882
    1863    1192.8796
    1864    1138.5323
    1865    1088.8943
    1866    1054.2502
    1867    1039.6036
    1868    1043.4088
    1869    1058.6237
    1870    1075.6174
    1871    1085.8250
    1872    1084.8144
    1873    1073.6971
    1874    1058.4488
    1875    1047.4596
    1876    1048.2601
    1877    1064.6281
    1878    1095.1152
    1879    1133.4947
    1880    1170.9187
    1881    1198.9607
    1882    1212.4217
    1883    1210.8873
    1884    1198.5555
    1885    1182.5157
    1886    1170.2069
    1887    1167.0022
    1888    1174.7244
    1889    1191.4838
    1890    1212.7248
    1891    1232.9656
    1892    1247.5505
    1893    1253.8372
    1894    1251.5334
    1895    1242.2461
    1896    1228.5668
    1897    1213.1072
    1898    1197.8051
    1899    1183.6353
    1900    1170.6758
    1901    1158.4171
    1902    1146.1564
    1903    1133.3549
    1904    1119.8560
    1905    1105.9558
    1906    1092.3946
    1907    1080.3309
    1908    1071.3099
    1909    1067.1609
    1910    1069.7546
    1911    1080.5864
    1912    1100.2338
    1913    1127.8055
    1914    1160.5657
    1915    1193.9379
    1916    1222.0755
    1917    1239.0828
    1918    1240.6845
    1919    1225.8419
    1920    1197.6326
    1921    1162.8752
    1922    1130.4241
    1923    1108.5838
    1924    1102.4786
    1925    1112.3259
    1926    1133.3088
    1927    1157.2173
    1928    1175.3770
    1929    1181.8646
    1930    1175.7956
    1931    1161.7398
    1932    1147.9939
    1933    1143.2746
    1934    1153.0415
    1935    1176.8946
    1936    1208.1305
    1937    1235.7786
    1938    1248.5092
    1939    1239.0531
    1940    1207.4694
    1941    1161.9288
    1942    1116.5244
    1943    1086.7129
    1944    1083.9253
    1945    1111.3172
    1946    1162.3206
    1947    1222.6614
    1948    1275.1609
    1949    1305.5806
    1950    1307.4194
    1951    1283.9529
    1952    1246.8039
    1953    1211.5565
    1954    1191.9825
    1955    1194.9650
    1956    1217.9441
    1957    1249.8055
    1958    1274.9092
    1959    1278.8346
    1960    1253.8169
    1961    1201.9369
    1962    1134.9007
    1963    1070.4140
    1964    1026.3838
    1965    1014.9185
    1966    1038.1864
    1967    1087.5683
    1968    1146.4866
    1969    1195.9975
    1970    1221.1700
    1971    1215.9456
    1972    1184.7603
    1973    1140.4700
    1974    1099.4943
    1975    1076.0794
    1976    1077.6996
    1977    1103.0396
    1978    1143.0581
    1979    1184.6273
    1980    1215.3742
    1981    1227.9336
    1982    1222.0925
    1983    1204.1801
    1984    1184.1589
    1985    1171.6835
    1986    1172.6366
    1987    1187.3167
    1988    1210.7355
    1989    1234.6954
    1990    1250.7309
    1991    1252.7964
    1992    1238.8091
    1993    1210.7006
    1994    1173.2503
    1995    1132.3998
    1996    1093.7686
    1997    1061.7920
    1998    1039.5065
    1999    1028.7347
    2000    1030.3036
