#Frame              T
       1    2979.9208
       2    2851.5753
       3    2642.1792
       4    2395.8080
       5    2160.4640
       6    1974.5470
       7    1857.0418
       8    1804.3640
       9    1794.5067
      10    1796.7298
      11    1783.3361
      12    1739.5666
      13    1668.4690
      14    1589.3361
      15    1530.4713
      16    1518.8618
      17    1570.2623
      18    1682.9680
      19    1837.2810
      20    2000.7687
      21    2137.5212
      22    2218.3382
      23    2228.6467
      24    2171.8183
      25    2067.1412
      26    1943.3745
      27    1830.0699
      28    1749.3745
      29    1710.7099
      30    1709.6927
      31    1731.2822
      32    1755.8424
      33    1766.0213
      34    1752.2552
      35    1715.3255
      36    1665.4017
      37    1618.1151
      38    1589.0680
      39    1588.5948
      40    1618.4232
      41    1671.1834
      42    1732.7567
      43    1786.5710
      44    1818.4650
      45    1820.6305
      46    1793.4244
      47    1744.5552
      48    1686.1740
      49    1631.2015
      50    1590.1542
      51    1569.0552
      52    1568.5429
      53    1584.1679
      54    1607.7779
      55    1629.6743
      56    1641.0365
      57    1636.0740
      58    1613.4541
      59    1576.7005
      60    1533.4400
      61    1493.5988
      62    1466.8982
      63    1460.2353
      64    1475.6619
      65    1509.6000
      66    1553.6211
      67    1596.6727
      68    1628.1992
      69    1641.2838
      70    1634.8650
      71    1614.2797
      72    1589.7783
      73    1573.1598
      74    1573.2956
      75    1592.1961
      76    1623.6320
      77    1655.1522
      78    1672.5236
      79    1664.7978
      80    1628.3567
      81    1568.6625
      82    1499.0673
      83    1436.9731
      84    1398.5328
      85    1393.6577
      86    1422.9861
      87    1477.8170
      88    1542.9768
      89    1601.6299
      90    1640.4337
      91    1653.3668
      92    1643.0462
      93    1619.1798
      94    1594.7488
      95    1581.2309
      96    1584.4983
      97    1602.7736
      98    1627.3372
      99    1645.7248
     100    1646.3115
     101    1622.6592
     102    1576.0822
     103    1515.4817
     104    1454.5045
     105    1407.1114
     106    1383.1872
     107    1385.6967
     108    1410.1880
     109    1446.5909
     110    1482.5527
     111    1507.1510
     112    1513.8198
     113    1501.6773
     114    1475.0269
     115    1441.4100
     116    1408.9757
     117    1384.0527
     118    1369.6373
     119    1365.1403
     120    1367.3155
     121    1371.9297
     122    1375.5370
     123    1376.7395
     124    1376.5671
     125    1377.9369
     126    1384.4260
     127    1398.7218
     128    1421.2312
     129    1449.4773
     130    1478.6481
     131    1503.0167
     132    1517.5537
     133    1519.2678
     134    1508.0517
     135    1486.7465
     136    1460.1226
     137    1433.0490
     138    1408.9644
     139    1389.5311
     140    1375.1636
     141    1365.7224
     142    1361.0996
     143    1361.6082
     144    1368.0584
     145    1381.4440
     146    1402.3570
     147    1430.3890
     148    1463.7378
     149    1499.1307
     150    1532.0975
     151    1557.5809
     152    1570.8438
     153    1568.6853
     154    1551.0561
     155    1522.6962
     156    1492.2626
     157    1466.6862
     158    1446.9830
     159    1431.2696
     160    1418.1657
     161    1406.6667
     162    1395.4298
     163    1383.0863
     164    1369.1390
     165    1354.7021
     166    1342.6487
     167    1337.0270
     168    1341.8805
     169    1359.8285
     170    1390.9293
     171    1432.2817
     172    1478.5703
     173    1523.3689
     174    1560.7163
     175    1586.4292
     176    1598.7529
     177    1598.2367
     178    1586.9558
     179    1567.4675
     180    1542.0278
     181    1512.4337
     182    1480.3846
     183    1447.9118
     184    1417.4764
     185    1391.6333
     186    1372.4250
     187    1360.8381
     188    1356.5921
     189    1358.3409
     190    1364.1775
     191    1372.2320
     192    1381.1547
     193    1390.3384
     194    1399.8426
     195    1410.0353
     196    1421.0687
     197    1432.3781
     198    1442.5097
     199    1449.4752
     200    1451.5450
     201    1448.1158
     202    1440.2437
     203    1430.5787
     204    1422.6018
     205    1419.3399
     206    1422.1580
     207    1430.3480
     208    1441.6975
     209    1453.5099
     210    1463.4226
     211    1469.7874
     212    1471.7422
     213    1469.1555
     214    1462.5546
     215    1453.0500
     216    1442.2346
     217    1432.0012
     218    1424.2498
     219    1420.5046
     220    1421.5545
     221    1427.2397
     222    1436.4154
     223    1447.0491
     224    1456.4505
     225    1461.7152
     226    1460.4337
     227    1451.5810
     228    1436.2690
     229    1417.9405
     230    1401.6682
     231    1392.6046
     232    1394.0580
     233    1405.9978
     234    1424.7400
     235    1444.0698
     236    1457.3802
     237    1459.9859
     238    1450.7300
     239    1432.3300
     240    1410.3399
     241    1391.1420
     242    1379.7256
     243    1378.0656
     244    1384.6232
     245    1395.0764
     246    1404.0140
     247    1407.0148
     248    1402.3654
     249    1391.7981
     250    1380.0442
     251    1373.4007
     252    1377.7594
     253    1396.6220
     254    1429.6540
     255    1472.2703
     256    1516.4910
     257    1552.9118
     258    1573.2530
     259    1572.7219
     260    1551.4488
     261    1514.4890
     262    1470.3255
     263    1428.2896
     264    1395.7450
     265    1376.0377
     266    1367.9506
     267    1366.7660
     268    1366.3823
     269    1361.6401
     270    1350.0858
     271    1332.7024
     272    1313.4787
     273    1298.0397
     274    1291.7845
     275    1298.0839
     276    1317.0269
     277    1345.0438
     278    1375.5618
     279    1400.6334
     280    1413.1791
     281    1409.1905
     282    1389.1552
     283    1358.1686
     284    1324.6450
     285    1297.9997
     286    1285.9836
     287    1292.4952
     288    1316.5360
     289    1352.6326
     290    1392.5492
     291    1427.7224
     292    1451.6987
     293    1461.8914
     294    1460.1414
     295    1451.8591
     296    1444.0023
     297    1442.5523
     298    1450.3350
     299    1465.9232
     300    1483.9921
     301    1496.9844
     302    1497.5105
     303    1480.7180
     304    1445.9304
     305    1397.1239
     306    1342.1100
     307    1290.6370
     308    1251.8914
     309    1232.0812
     310    1232.7891
     311    1250.5739
     312    1277.9270
     313    1305.3143
     314    1323.7597
     315    1327.2940
     316    1314.5580
     317    1289.0834
     318    1258.1807
     319    1230.7919
     320    1214.9188
     321    1215.3048
     322    1232.0254
     323    1260.4372
     324    1292.5632
     325    1319.5516
     326    1334.4577
     327    1334.4757
     328    1321.8904
     329    1303.4122
     330    1288.0506
     331    1284.1681
     332    1296.6408
     333    1325.0320
     334    1363.3835
     335    1401.7372
     336    1429.0193
     337    1436.4813
     338    1420.6445
     339    1384.7454
     340    1338.0888
     341    1293.3966
     342    1262.9464
     343    1254.7516
     344    1270.0574
     345    1303.0037
     346    1342.5639
     347    1376.1304
     348    1393.5721
     349    1390.4286
     350    1369.1922
     351    1338.2609
     352    1308.9411
     353    1291.5384
     354    1291.8812
     355    1309.4255
     356    1337.5305
     357    1365.7610
     358    1383.4411
     359    1383.2897
     360    1363.9097
     361    1330.2792
     362    1292.1033
     363    1260.6303
     364    1245.0501
     365    1249.6633
     366    1272.7113
     367    1307.1799
     368    1343.2291
     369    1371.3852
     370    1385.4242
     371    1384.0308
     372    1370.7831
     373    1352.5889
     374    1337.1685
     375    1330.4129
     376    1334.4759
     377    1347.2186
     378    1363.1786
     379    1375.6499
     380    1379.0668
     381    1370.8317
     382    1352.0366
     383    1326.9557
     384    1301.5915
     385    1281.8098
     386    1271.6601
     387    1272.3804
     388    1282.3015
     389    1297.5794
     390    1313.4480
     391    1325.5775
     392    1331.1752
     393    1329.5919
     394    1322.3637
     395    1312.7282
     396    1304.6960
     397    1301.8141
     398    1305.9418
     399    1316.6202
     400    1331.4249
     401    1347.0495
     402    1360.4821
     403    1369.8132
     404    1374.5128
     405    1375.2255
     406    1373.2491
     407    1369.9179
     408    1366.1135
     409    1362.0472
     410    1357.3525
     411    1351.3959
     412    1343.6475
     413    1333.9464
     414    1322.5876
     415    1310.2371
     416    1297.7549
     417    1286.0142
     418    1275.7860
     419    1267.7094
     420    1262.3171
     421    1260.0552
     422    1261.2589
     423    1266.0935
     424    1274.4547
     425    1285.8021
     426    1298.9626
     427    1312.0900
     428    1322.9901
     429    1329.7826
     430    1331.5640
     431    1328.7235
     432    1322.7892
     433    1315.9045
     434    1310.1348
     435    1306.8221
     436    1306.1721
     437    1307.1978
     438    1308.0618
     439    1306.7277
     440    1301.7242
     441    1292.7637
     442    1280.9869
     443    1268.7206
     444    1258.8059
     445    1253.7435
     446    1254.9851
     447    1262.5863
     448    1275.2531
     449    1290.6632
     450    1305.9253
     451    1318.0912
     452    1324.6779
     453    1324.1506
     454    1316.2861
     455    1302.2959
     456    1284.5955
     457    1266.1911
     458    1249.8491
     459    1237.3578
     460    1229.1483
     461    1224.3606
     462    1221.2569
     463    1217.8451
     464    1212.5758
     465    1204.9512
     466    1195.8526
     467    1187.4347
     468    1182.5429
     469    1183.7666
     470    1192.4159
     471    1207.7819
     472    1227.0181
     473    1245.7846
     474    1259.5301
     475    1265.0297
     476    1261.6016
     477    1251.4423
     478    1238.8737
     479    1228.8715
     480    1225.5675
     481    1231.1486
     482    1245.2721
     483    1265.1024
     484    1286.0940
     485    1303.3933
     486    1313.3866
     487    1314.7925
     488    1308.9356
     489    1299.2537
     490    1290.3238
     491    1286.6239
     492    1291.2021
     493    1304.5656
     494    1324.1996
     495    1344.9979
     496    1360.5592
     497    1364.9896
     498    1354.6566
     499    1329.3507
     500    1292.4793
     501    1250.2375
     502    1209.9881
     503    1178.3554
     504    1159.5974
     505    1154.7162
     506    1161.4980
     507    1175.4216
     508    1191.1984
     509    1204.5686
     510    1213.7738
     511    1220.0769
     512    1226.9906
     513    1238.4587
     514    1256.8101
     515    1281.4350
     516    1308.7122
     517    1333.0649
     518    1348.6610
     519    1351.1983
     520    1339.2735
     521    1314.9582
     522    1283.4135
     523    1251.6512
     524    1226.7841
     525    1214.2608
     526    1216.5444
     527    1232.5607
     528    1258.0435
     529    1286.7071
     530    1311.9771
     531    1328.8308
     532    1335.1472
     533    1332.0987
     534    1323.4610
     535    1314.1121
     536    1308.2394
     537    1307.8711
     538    1312.2410
     539    1318.2101
     540    1321.5590
     541    1318.6350
     542    1307.7295
     543    1289.7290
     544    1267.8573
     545    1246.6487
     546    1230.5350
     547    1222.5345
     548    1223.4728
     549    1231.9505
     550    1245.0068
     551    1259.2146
     552    1271.8304
     553    1281.6092
     554    1288.9998
     555    1295.6459
     556    1303.3896
     557    1313.1889
     558    1324.4165
     559    1334.8487
     560    1341.3657
     561    1341.0899
     562    1332.5301
     563    1316.3148
     564    1295.2608
     565    1273.7263
     566    1256.4079
     567    1246.9199
     568    1246.6087
     569    1254.0428
     570    1265.4364
     571    1275.9004
     572    1281.0678
     573    1278.5205
     574    1268.5340
     575    1253.9300
     576    1239.0894
     577    1228.4614
     578    1225.0452
     579    1229.3283
     580    1239.0322
     581    1249.7580
     582    1256.3578
     583    1254.6091
     584    1242.6689
     585    1221.8320
     586    1196.3200
     587    1172.1281
     588    1155.2644
     589    1149.9061
     590    1157.0561
     591    1174.1429
     592    1195.7538
     593    1215.3230
     594    1227.2747
     595    1228.9250
     596    1221.4811
     597    1209.7476
     598    1200.5809
     599    1200.5399
     600    1213.5015
     601    1239.0909
     602    1272.5237
     603    1305.9480
     604    1330.8100
     605    1340.4424
     606    1332.0718
     607    1307.6556
     608    1273.3221
     609    1237.5939
     610    1208.9325
     611    1193.3395
     612    1192.7367
     613    1204.5869
     614    1222.8507
     615    1239.9906
     616    1249.4341
     617    1247.7540
     618    1235.8310
     619    1218.5579
     620    1203.1690
     621    1196.7887
     622    1204.0276
     623    1225.3892
     624    1256.9353
     625    1291.2815
     626    1319.6245
     627    1334.2443
     628    1330.7517
     629    1309.4071
     630    1275.1105
     631    1236.0691
     632    1201.5708
     633    1179.5117
     634    1174.3165
     635    1185.7368
     636    1208.8728
     637    1235.5889
     638    1257.0708
     639    1266.6991
     640    1262.1591
     641    1246.0392
     642    1224.7969
     643    1206.5291
     644    1198.3352
     645    1204.1149
     646    1223.4563
     647    1251.8973
     648    1282.4077
     649    1307.5955
     650    1321.9587
     651    1323.5245
     652    1314.4317
     653    1300.3063
     654    1288.6346
     655    1286.5789
     656    1298.8418
     657    1326.1555
     658    1364.8292
     659    1407.4975
     660    1444.8967
     661    1468.1922
     662    1471.2504
     663    1452.2497
     664    1414.2097
     665    1364.2731
     666    1311.8867
     667    1266.3437
     668    1234.3630
     669    1218.4075
     670    1216.2426
     671    1221.8929
     672    1227.7378
     673    1227.1389
     674    1216.7871
     675    1198.0109
     676    1176.5763
     677    1160.9652
     678    1159.6093
     679    1177.9090
     680    1216.0122
     681    1268.1284
     682    1323.7248
     683    1370.3423
     684    1397.2204
     685    1398.5790
     686    1375.4788
     687    1335.6128
     688    1291.0391
     689    1254.5429
     690    1235.7517
     691    1238.2338
     692    1258.5067
     693    1287.2968
     694    1312.6568
     695    1323.9465
     696    1315.3926
     697    1288.0639
     698    1249.5859
     699    1211.6456
     700    1186.0741
     701    1180.8183
     702    1197.1975
     703    1229.4377
     704    1266.6629
     705    1296.6405
     706    1309.9378
     707    1303.0030
     708    1279.0988
     709    1246.8198
     710    1216.8252
     711    1198.0596
     712    1194.8503
     713    1205.8593
     714    1225.1144
     715    1244.5781
     716    1257.2236
     717    1259.4713
     718    1252.1451
     719    1239.6720
     720    1227.9405
     721    1221.7261
     722    1222.7558
     723    1229.1905
     724    1236.6934
     725    1240.5994
     726    1238.2292
     727    1230.3413
     728    1221.0384
     729    1216.0836
     730    1220.2855
     731    1235.0710
     732    1257.3357
     733    1280.1280
     734    1294.9514
     735    1294.8242
     736    1276.9565
     737    1244.0480
     738    1203.6739
     739    1165.8712
     740    1139.6743
     741    1129.8645
     742    1135.3189
     743    1149.7350
     744    1164.4202
     745    1171.9564
     746    1169.3162
     747    1159.2220
     748    1149.1550
     749    1148.3546
     750    1164.0888
     751    1198.7523
     752    1248.8040
     753    1305.6958
     754    1358.3456
     755    1396.3567
     756    1412.9880
     757    1406.9114
     758    1382.1391
     759    1346.1443
     760    1306.9255
     761    1270.2075
     762    1237.8918
     763    1208.3301
     764    1178.2096
     765    1145.1686
     766    1109.9332
     767    1076.9789
     768    1053.4096
     769    1046.5085
     770    1060.9701
     771    1096.9323
     772    1149.4433
     773    1209.3993
     774    1265.7755
     775    1308.6961
     776    1332.3571
     777    1336.5384
     778    1326.0022
     779    1308.0574
     780    1289.3852
     781    1273.4936
     782    1259.8007
     783    1244.6131
     784    1223.4680
     785    1193.7936
     786    1156.7671
     787    1117.6384
     788    1084.3710
     789    1065.0573
     790    1065.0120
     791    1084.6114
     792    1118.7479
     793    1158.2075
     794    1192.5621
     795    1213.5883
     796    1217.9756
     797    1208.2909
     798    1191.7530
     799    1177.2261
     800    1171.6102
     801    1177.2242
     802    1191.3846
     803    1208.0542
     804    1219.9197
     805    1220.0872
     806    1204.8390
     807    1176.8359
     808    1145.3776
     809    1122.9217
     810    1120.0525
     811    1141.2636
     812    1183.0376
     813    1234.7843
     814    1282.2501
     815    1312.2219
     816    1316.9195
     817    1296.5679
     818    1259.2447
     819    1218.0342
     820    1186.4739
     821    1173.9127
     822    1182.4356
     823    1206.4303
     824    1234.8842
     825    1255.5208
     826    1259.2870
     827    1243.6321
     828    1213.4573
     829    1179.4055
     830    1154.0841
     831    1147.5490
     832    1163.6629
     833    1198.6277
     834    1242.1841
     835    1280.9702
     836    1302.8524
     837    1300.8231
     838    1275.2387
     839    1233.6141
     840    1187.9794
     841    1150.7625
     842    1130.7589
     843    1130.6544
     844    1146.8436
     845    1171.3978
     846    1195.2896
     847    1211.6534
     848    1217.9579
     849    1216.4233
     850    1212.6294
     851    1212.9118
     852    1221.5975
     853    1239.1776
     854    1262.0891
     855    1284.0796
     856    1298.5300
     857    1300.8272
     858    1289.9435
     859    1268.6837
     860    1242.5739
     861    1217.8376
     862    1199.2220
     863    1188.4818
     864    1184.0641
     865    1182.1180
     866    1178.4348
     867    1170.5256
     868    1158.9429
     869    1147.2485
     870    1140.6159
     871    1143.6339
     872    1158.2086
     873    1182.4365
     874    1210.9283
     875    1236.5037
     876    1252.6394
     877    1255.7447
     878    1246.4106
     879    1229.1470
     880    1210.7081
     881    1197.6338
     882    1193.9156
     883    1199.6534
     884    1211.1922
     885    1222.6850
     886    1228.4572
     887    1225.2351
     888    1213.3573
     889    1196.5486
     890    1180.3963
     891    1170.1635
     892    1168.7914
     893    1175.8393
     894    1187.7496
     895    1199.3140
     896    1205.7604
     897    1204.6448
     898    1196.8298
     899    1186.1737
     900    1178.0267
     901    1177.0592
     902    1185.2524
     903    1200.9156
     904    1219.2570
     905    1234.2959
     906    1241.2100
     907    1238.0601
     908    1226.2403
     909    1209.6049
     910    1192.7294
     911    1179.0233
     912    1169.4386
     913    1162.2741
     914    1154.1611
     915    1141.8474
     916    1124.0335
     917    1102.4689
     918    1081.8088
     919    1068.2308
     920    1067.2902
     921    1081.8087
     922    1110.5702
     923    1148.3319
     924    1187.1779
     925    1218.7765
     926    1236.7999
     927    1238.6948
     928    1226.2203
     929    1204.5873
     930    1180.5569
     931    1160.2128
     932    1147.1745
     933    1141.8003
     934    1141.5334
     935    1142.1805
     936    1139.6425
     937    1131.5039
     938    1117.9762
     939    1101.9155
     940    1087.9423
     941    1080.9729
     942    1084.6642
     943    1100.2630
     944    1126.1992
     945    1158.4941
     946    1191.7807
     947    1220.5670
     948    1240.3805
     949    1248.5668
     950    1244.7185
     951    1230.8621
     952    1211.5778
     953    1193.8925
     954    1185.6689
     955    1191.3753
     956    1208.7657
     957    1230.9129
     958    1250.3977
     959    1261.4876
     960    1260.8847
     961    1248.2379
     962    1226.3440
     963    1200.6519
     964    1177.9748
     965    1164.6491
     966    1164.6197
     967    1178.0417
     968    1200.9498
     969    1226.2818
     970    1246.0587
     971    1254.0414
     972    1247.9387
     973    1230.3524
     974    1208.0746
     975    1189.9276
     976    1183.8250
     977    1194.0223
     978    1219.4830
     979    1253.9534
     980    1287.7771
     981    1310.8909
     982    1316.0369
     983    1301.1287
     984    1269.9857
     985    1231.1576
     986    1195.1954
     987    1171.2693
     988    1164.2799
     989    1173.4612
     990    1192.9145
     991    1213.8358
     992    1227.6408
     993    1228.9073
     994    1217.1380
     995    1196.7933
     996    1175.6420
     997    1162.0460
     998    1162.1175
     999    1177.7005
    1000    1205.8413
    1001    1239.6436
    1002    1270.6442
    1003    1291.2299
    1004    1296.8111
    1005    1286.9120
    1006    1264.9526
    1007    1236.8936
    1008    1209.2814
    1009    1187.3705
    1010    1173.9085
    1011    1168.8641
    1012    1170.0099
    1013    1174.0435
    1014    1177.8152
    1015    1179.2962
    1016    1178.0656
    1017    1175.2568
    1018    1173.0653
    1019    1174.0122
    1020    1180.1748
    1021    1192.5532
    1022    1210.7003
    1023    1232.6657
    1024    1255.2565
    1025    1274.5691
    1026    1286.7210
    1027    1288.7176
    1028    1279.3134
    1029    1259.6543
    1030    1233.4296
    1031    1206.3246
    1032    1184.7568
    1033    1174.1310
    1034    1177.0789
    1035    1192.2894
    1036    1214.4561
    1037    1235.5384
    1038    1247.0415
    1039    1242.6246
    1040    1220.2062
    1041    1182.8710
    1042    1138.2295
    1043    1096.3490
    1044    1066.8466
    1045    1056.0363
    1046    1065.0560
    1047    1089.6404
    1048    1121.7108
    1049    1152.2895
    1050    1174.5932
    1051    1186.0070
    1052    1188.4330
    1053    1187.3957
    1054    1190.1497
    1055    1202.8910
    1056    1227.9009
    1057    1261.9274
    1058    1296.6585
    1059    1321.1997
    1060    1325.7059
    1061    1304.9195
    1062    1260.3770
    1063    1200.4773
    1064    1138.3018
    1065    1087.8464
    1066    1059.8687
    1067    1058.7078
    1068    1081.1601
    1069    1117.8317
    1070    1156.5153
    1071    1186.3208
    1072    1201.0343
    1073    1200.5660
    1074    1190.2302
    1075    1178.3533
    1076    1173.1052
    1077    1179.5582
    1078    1197.8786
    1079    1223.2151
    1080    1247.2858
    1081    1261.1236
    1082    1258.0973
    1083    1236.2441
    1084    1199.1438
    1085    1154.9749
    1086    1114.0150
    1087    1085.4797
    1088    1074.9083
    1089    1082.9536
    1090    1105.7116
    1091    1136.1854
    1092    1166.3248
    1093    1189.1367
    1094    1200.4311
    1095    1199.7940
    1096    1190.4756
    1097    1178.1806
    1098    1169.1341
    1099    1168.0601
    1100    1176.7208
    1101    1193.4537
    1102    1213.7826
    1103    1231.8418
    1104    1242.1073
    1105    1240.9043
    1106    1227.3284
    1107    1203.4282
    1108    1173.7021
    1109    1144.0520
    1110    1120.3855
    1111    1107.1190
    1112    1105.9312
    1113    1115.1324
    1114    1129.9151
    1115    1143.5168
    1116    1149.0457
    1117    1141.5185
    1118    1119.5426
    1119    1086.0994
    1120    1048.1029
    1121    1014.7446
    1122     995.0243
    1123     995.1487
    1124    1016.5804
    1125    1055.3715
    1126    1103.0751
    1127    1149.0559
    1128    1183.5665
    1129    1200.6532
    1130    1199.9469
    1131    1186.6937
    1132    1169.9461
    1133    1159.4558
    1134    1162.2505
    1135    1180.0066
    1136    1208.1168
    1137    1236.8456
    1138    1254.3224
    1139    1250.4704
    1140    1220.6229
    1141    1167.6065
    1142    1101.5184
    1143    1037.1537
    1144     989.8095
    1145     970.7650
    1146     983.8784
    1147    1024.4338
    1148    1080.6529
    1149    1137.4067
    1150    1180.9087
    1151    1202.8402
    1152    1202.5676
    1153    1186.7862
    1154    1166.7988
    1155    1154.3835
    1156    1157.6473
    1157    1178.2407
    1158    1210.8492
    1159    1245.0969
    1160    1269.1952
    1161    1274.0818
    1162    1256.6454
    1163    1220.9559
    1164    1177.1009
    1165    1138.0224
    1166    1115.3929
    1167    1115.8859
    1168    1139.0855
    1169    1177.7417
    1170    1220.2593
    1171    1254.5061
    1172    1271.5915
    1173    1268.3549
    1174    1247.8379
    1175    1217.7255
    1176    1187.4246
    1177    1164.8370
    1178    1153.9240
    1179    1153.8218
    1180    1159.6961
    1181    1164.8994
    1182    1163.5923
    1183    1152.8932
    1184    1133.8789
    1185    1111.1845
    1186    1091.4276
    1187    1081.0250
    1188    1084.1249
    1189    1101.3045
    1190    1129.4201
    1191    1162.6078
    1192    1194.0671
    1193    1218.0241
    1194    1231.2323
    1195    1233.5739
    1196    1227.6302
    1197    1217.4379
    1198    1206.9020
    1199    1198.4369
    1200    1192.2876
    1201    1186.7329
    1202    1179.0388
    1203    1166.7588
    1204    1148.8836
    1205    1126.4902
    1206    1102.7730
    1207    1082.4102
    1208    1070.2565
    1209    1069.6055
    1210    1080.6936
    1211    1100.2649
    1212    1122.5318
    1213    1141.0820
    1214    1150.9413
    1215    1150.0918
    1216    1139.9956
    1217    1124.9715
    1218    1110.6044
    1219    1101.7140
    1220    1100.5853
    1221    1106.1194
    1222    1114.2742
    1223    1119.6653
    1224    1117.6413
    1225    1105.9566
    1226    1085.6706
    1227    1061.3132
    1228    1040.0617
    1229    1029.6697
    1230    1035.7240
    1231    1059.4145
    1232    1096.8087
    1233    1139.9488
    1234    1179.3648
    1235    1207.0875
    1236    1219.0965
    1237    1216.3561
    1238    1204.1200
    1239    1189.7853
    1240    1180.0858
    1241    1178.6414
    1242    1184.7378
    1243    1193.7203
    1244    1198.7401
    1245    1193.2138
    1246    1173.3449
    1247    1139.9913
    1248    1099.0391
    1249    1059.8624
    1250    1032.3598
    1251    1023.7287
    1252    1036.1854
    1253    1066.3931
    1254    1106.6865
    1255    1147.5611
    1256    1180.5200
    1257    1200.3279
    1258    1205.9894
    1259    1200.2557
    1260    1187.9910
    1261    1174.1127
    1262    1161.9049
    1263    1152.2700
    1264    1144.0478
    1265    1135.0828
    1266    1123.4843
    1267    1108.5866
    1268    1091.3337
    1269    1074.0175
    1270    1059.4940
    1271    1050.2206
    1272    1047.5269
    1273    1051.4026
    1274    1060.8222
    1275    1074.3713
    1276    1090.8247
    1277    1109.3809
    1278    1129.4466
    1279    1150.1128
    1280    1169.6473
    1281    1185.3546
    1282    1194.0207
    1283    1192.8866
    1284    1180.8208
    1285    1159.1917
    1286    1131.9915
    1287    1105.0283
    1288    1084.3572
    1289    1074.4518
    1290    1076.7737
    1291    1089.3010
    1292    1107.2765
    1293    1124.9593
    1294    1137.7471
    1295    1143.8196
    1296    1144.6188
    1297    1144.0201
    1298    1146.6174
    1299    1155.8295
    1300    1172.4605
    1301    1194.1700
    1302    1216.0540
    1303    1232.1549
    1304    1237.3891
    1305    1229.2347
    1306    1208.6243
    1307    1179.7463
    1308    1148.8207
    1309    1122.2432
    1310    1104.7014
    1311    1097.8728
    1312    1100.1125
    1313    1107.1899
    1314    1113.7888
    1315    1115.2490
    1316    1108.9892
    1317    1095.1909
    1318    1076.5908
    1319    1057.5116
    1320    1042.4875
    1321    1034.9171
    1322    1036.1381
    1323    1045.1780
    1324    1059.2312
    1325    1074.6953
    1326    1088.4126
    1327    1098.7097
    1328    1105.8962
    1329    1112.0706
    1330    1120.2990
    1331    1133.4307
    1332    1152.9383
    1333    1178.1550
    1334    1206.1541
    1335    1232.3300
    1336    1251.5294
    1337    1259.4329
    1338    1253.7938
    1339    1235.1525
    1340    1206.7753
    1341    1173.7758
    1342    1141.6596
    1343    1114.7509
    1344    1095.0423
    1345    1081.8745
    1346    1072.5543
    1347    1063.6719
    1348    1052.6350
    1349    1038.8548
    1350    1024.1369
    1351    1012.1192
    1352    1006.9442
    1353    1011.6583
    1354    1026.9369
    1355    1050.6106
    1356    1078.1888
    1357    1104.2191
    1358    1123.9977
    1359    1135.0016
    1360    1137.5171
    1361    1134.2604
    1362    1129.1870
    1363    1125.9855
    1364    1126.8333
    1365    1131.8558
    1366    1139.4195
    1367    1147.0595
    1368    1152.6055
    1369    1155.0306
    1370    1154.6984
    1371    1152.9590
    1372    1151.3015
    1373    1150.4440
    1374    1149.7650
    1375    1147.3528
    1376    1140.6767
    1377    1127.6427
    1378    1107.6177
    1379    1082.0200
    1380    1054.2106
    1381    1028.6624
    1382    1009.6403
    1383     999.8708
    1384     999.7607
    1385    1007.5286
    1386    1020.1574
    1387    1034.6635
    1388    1049.1162
    1389    1063.0330
    1390    1077.0722
    1391    1092.2243
    1392    1108.9052
    1393    1126.3856
    1394    1142.8193
    1395    1155.8424
    1396    1163.4459
    1397    1164.7170
    1398    1160.1046
    1399    1151.0983
    1400    1139.4700
    1401    1126.4416
    1402    1112.1767
    1403    1095.8686
    1404    1076.4158
    1405    1053.3900
    1406    1027.8554
    1407    1002.6394
    1408     981.8672
    1409     969.8549
    1410     969.7194
    1411     982.2286
    1412    1005.3851
    1413    1034.9709
    1414    1065.8848
    1415    1093.7849
    1416    1116.4257
    1417    1134.1871
    1418    1149.5904
    1419    1165.9664
    1420    1185.7641
    1421    1209.1389
    1422    1233.4017
    1423    1253.6092
    1424    1264.1567
    1425    1260.8276
    1426    1242.5386
    1427    1212.0981
    1428    1175.6216
    1429    1140.7421
    1430    1114.2116
    1431    1099.7640
    1432    1097.0316
    1433    1101.9052
    1434    1108.1717
    1435    1109.8144
    1436    1103.1615
    1437    1088.1670
    1438    1068.4120
    1439    1049.8355
    1440    1038.6354
    1441    1039.0668
    1442    1051.9125
    1443    1074.1593
    1444    1099.9732
    1445    1122.6155
    1446    1136.6171
    1447    1139.4708
    1448    1132.2882
    1449    1119.2396
    1450    1106.0017
    1451    1097.7694
    1452    1097.5407
    1453    1105.2956
    1454    1118.3576
    1455    1132.6920
    1456    1144.4709
    1457    1151.1629
    1458    1151.8255
    1459    1146.8168
    1460    1137.3056
    1461    1124.7761
    1462    1110.6145
    1463    1095.8949
    1464    1081.4439
    1465    1068.1002
    1466    1056.9688
    1467    1049.4482
    1468    1046.9502
    1469    1050.3959
    1470    1059.7081
    1471    1073.5274
    1472    1089.2962
    1473    1103.7391
    1474    1113.6417
    1475    1116.7034
    1476    1112.1929
    1477    1101.1494
    1478    1086.0347
    1479    1069.9434
    1480    1055.6553
    1481    1044.8905
    1482    1038.0334
    1483    1034.4017
    1484    1032.9060
    1485    1032.8234
    1486    1034.3691
    1487    1038.8281
    1488    1048.1178
    1489    1063.8813
    1490    1086.4429
    1491    1114.1167
    1492    1143.2031
    1493    1168.7128
    1494    1185.5692
    1495    1189.9254
    1496    1180.2303
    1497    1157.7269
    1498    1126.1966
    1499    1090.9928
    1500    1057.6537
    1501    1030.5475
    1502    1011.9774
    1503    1002.0030
    1504     998.9808
    1505    1000.5740
    1506    1004.8422
    1507    1011.0102
    1508    1019.6431
    1509    1032.1856
    1510    1050.0486
    1511    1073.5944
    1512    1101.4336
    1513    1130.3337
    1514    1155.8399
    1515    1173.4564
    1516    1180.0197
    1517    1174.7957
    1518    1159.8906
    1519    1139.7819
    1520    1120.0774
    1521    1105.8868
    1522    1100.3421
    1523    1103.7502
    1524    1113.6482
    1525    1125.7316
    1526    1135.3448
    1527    1139.0522
    1528    1135.7813
    1529    1127.1413
    1530    1116.7777
    1531    1108.9616
    1532    1106.9147
    1533    1111.4874
    1534    1120.6843
    1535    1130.2321
    1536    1134.9967
    1537    1130.7435
    1538    1115.6204
    1539    1090.8662
    1540    1060.5395
    1541    1030.3787
    1542    1006.1486
    1543     991.9789
    1544     989.2458
    1545     996.4103
    1546    1009.8564
    1547    1025.2585
    1548    1038.6772
    1549    1047.0671
    1550    1048.7425
    1551    1044.0880
    1552    1035.7891
    1553    1028.0240
    1554    1024.9764
    1555    1029.3957
    1556    1041.7163
    1557    1059.9267
    1558    1080.1485
    1559    1097.6979
    1560    1108.3385
    1561    1109.4238
    1562    1100.6812
    1563    1084.4405
    1564    1065.1958
    1565    1048.5253
    1566    1039.5931
    1567    1041.6348
    1568    1054.8980
    1569    1076.3971
    1570    1100.6314
    1571    1121.1227
    1572    1132.3492
    1573    1131.4891
    1574    1119.4071
    1575    1100.5207
    1576    1081.5311
    1577    1069.3436
    1578    1068.8022
    1579    1080.9710
    1580    1102.5884
    1581    1126.9645
    1582    1146.0602
    1583    1153.0451
    1584    1144.5159
    1585    1121.7494
    1586    1090.5466
    1587    1059.3982
    1588    1036.4357
    1589    1026.6015
    1590    1030.3148
    1591    1043.7917
    1592    1060.5264
    1593    1073.4438
    1594    1077.1752
    1595    1069.7966
    1596    1053.4562
    1597    1033.6498
    1598    1017.3545
    1599    1010.6220
    1600    1016.4272
    1601    1033.5024
    1602    1056.5799
    1603    1077.9991
    1604    1090.1711
    1605    1088.0996
    1606    1071.1127
    1607    1043.2171
    1608    1011.9376
    1609     986.0173
    1610     972.7188
    1611     975.6115
    1612     993.5702
    1613    1021.2950
    1614    1051.1554
    1615    1075.7129
    1616    1090.0687
    1617    1093.2666
    1618    1088.3231
    1619    1080.9397
    1620    1077.3763
    1621    1082.2314
    1622    1096.8556
    1623    1118.8935
    1624    1143.0544
    1625    1162.8277
    1626    1172.5716
    1627    1169.2949
    1628    1153.5514
    1629    1129.1779
    1630    1102.0013
    1631    1078.0032
    1632    1061.5709
    1633    1054.3860
    1634    1055.2379
    1635    1060.7326
    1636    1066.5734
    1637    1068.9401
    1638    1065.5302
    1639    1056.0192
    1640    1041.9232
    1641    1026.0144
    1642    1011.5155
    1643    1001.2896
    1644     997.1974
    1645     999.7685
    1646    1008.2604
    1647    1021.0226
    1648    1035.9796
    1649    1051.0419
    1650    1064.3817
    1651    1074.6202
    1652    1080.9952
    1653    1083.5106
    1654    1082.9963
    1655    1080.9836
    1656    1079.3497
    1657    1079.7811
    1658    1083.2083
    1659    1089.4285
    1660    1097.0790
    1661    1104.0457
    1662    1108.1910
    1663    1108.1389
    1664    1103.7592
    1665    1096.1848
    1666    1087.5109
    1667    1080.3964
    1668    1077.5285
    1669    1080.8393
    1670    1090.6346
    1671    1105.0560
    1672    1120.2416
    1673    1131.2923
    1674    1133.7807
    1675    1125.2886
    1676    1106.3949
    1677    1080.6873
    1678    1053.7311
    1679    1031.3081
    1680    1017.5258
    1681    1013.4623
    1682    1016.8231
    1683    1022.7488
    1684    1025.5237
    1685    1020.6261
    1686    1006.4110
    1687     984.8227
    1688     960.8669
    1689     941.0315
    1690     931.2110
    1691     934.8351
    1692     951.8085
    1693     978.5859
    1694    1009.3234
    1695    1037.7088
    1696    1058.8884
    1697    1070.8735
    1698    1074.9897
    1699    1075.2273
    1700    1076.7246
    1701    1083.8982
    1702    1098.8526
    1703    1120.5992
    1704    1145.3256
    1705    1167.5936
    1706    1182.0418
    1707    1185.0343
    1708    1175.7377
    1709    1156.2907
    1710    1131.0349
    1711    1105.1000
    1712    1082.8720
    1713    1066.8704
    1714    1057.3410
    1715    1052.5632
    1716    1049.6594
    1717    1045.6182
    1718    1038.2585
    1719    1026.9053
    1720    1012.6329
    1721     998.0038
    1722     986.3416
    1723     980.6911
    1724     982.8159
    1725     992.6666
    1726    1008.5275
    1727    1027.6510
    1728    1047.0308
    1729    1064.0713
    1730    1077.0400
    1731    1085.2549
    1732    1089.0010
    1733    1089.2413
    1734    1087.2040
    1735    1083.9300
    1736    1079.8815
    1737    1074.7553
    1738    1067.6350
    1739    1057.4941
    1740    1043.8370
    1741    1027.1843
    1742    1009.2116
    1743     992.5263
    1744     980.1594
    1745     974.8859
    1746     978.4877
    1747     991.1402
    1748    1011.1491
    1749    1035.1868
    1750    1058.9949
    1751    1078.3359
    1752    1089.9396
    1753    1092.2435
    1754    1085.7702
    1755    1073.0537
    1756    1058.0723
    1757    1045.2779
    1758    1038.4205
    1759    1039.4719
    1760    1047.9823
    1761    1061.1207
    1762    1074.4702
    1763    1083.3870
    1764    1084.5181
    1765    1076.9586
    1766    1062.6226
    1767    1045.6896
    1768    1031.3084
    1769    1024.0012
    1770    1026.3013
    1771    1038.0242
    1772    1056.2979
    1773    1076.2834
    1774    1092.4200
    1775    1099.9243
    1776    1096.1665
    1777    1081.5177
    1778    1059.3683
    1779    1035.2413
    1780    1015.1911
    1781    1003.9424
    1782    1003.4014
    1783    1012.2176
    1784    1026.8215
    1785    1043.3842
    1786    1058.6364
    1787    1068.6794
    1788    1069.3623
    1789    1059.6998
    1790    1043.7289
    1791    1028.6755
    1792    1021.5464
    1793    1026.2010
    1794    1041.8349
    1795    1063.2048
    1796    1082.4745
    1797    1092.0725
    1798    1087.5756
    1799    1069.5641
    1800    1043.7300
    1801    1019.1454
    1802    1005.2711
    1803    1008.7376
    1804    1030.9998
    1805    1067.6531
    1806    1109.6524
    1807    1146.0648
    1808    1167.4902
    1809    1169.0281
    1810    1151.7814
    1811    1122.3555
    1812    1090.5217
    1813    1065.8731
    1814    1054.6546
    1815    1057.8399
    1816    1071.0719
    1817    1086.4241
    1818    1095.3278
    1819    1091.6324
    1820    1073.7451
    1821    1045.1495
    1822    1013.1948
    1823     986.6586
    1824     972.9680
    1825     975.9830
    1826     994.9447
    1827    1024.7994
    1828    1057.7730
    1829    1085.7602
    1830    1102.7484
    1831    1106.4083
    1832    1098.3560
    1833    1083.1664
    1834    1066.6289
    1835    1053.8737
    1836    1047.9140
    1837    1048.9519
    1838    1054.5585
    1839    1060.6062
    1840    1062.6565
    1841    1057.4058
    1842    1043.7932
    1843    1023.4743
    1844    1000.5392
    1845     980.5360
    1846     969.0441
    1847     970.1584
    1848     985.2941
    1849    1012.6562
    1850    1047.5636
    1851    1083.5698
    1852    1114.1220
    1853    1134.3222
    1854    1142.3088
    1855    1139.8207
    1856    1131.6729
    1857    1124.1795
    1858    1122.9495
    1859    1130.7889
    1860    1146.4758
    1861    1164.9213
    1862    1178.7471
    1863    1180.8225
    1864    1166.9365
    1865    1137.6721
    1866    1098.7712
    1867    1059.7496
    1868    1031.1193
    1869    1021.0676
    1870    1032.6867
    1871    1062.7174
    1872    1102.3173
    1873    1139.6806
    1874    1163.6911
    1875    1167.3840
    1876    1150.0512
    1877    1117.2717
    1878    1078.8856
    1879    1045.6053
    1880    1025.4210
    1881    1021.0124
    1882    1029.0327
    1883    1041.4833
    1884    1048.6882
    1885    1042.8531
    1886    1020.9958
    1887     986.2622
    1888     947.1785
    1889     915.0948
    1890     900.6568
    1891     910.4590
    1892     944.9404
    1893     998.1556
    1894    1059.4442
    1895    1116.4202
    1896    1158.3300
    1897    1178.7675
    1898    1176.9938
    1899    1157.5490
    1900    1128.3707
    1901    1098.0853
    1902    1073.3848
    1903    1057.3310
    1904    1049.0569
    1905    1044.7989
    1906    1039.7716
    1907    1030.1923
    1908    1014.7980
    1909     995.4002
    1910     976.3533
    1911     963.1401
    1912     960.5748
    1913     971.2352
    1914     994.6392
    1915    1027.3762
    1916    1064.0482
    1917    1098.6141
    1918    1125.7119
    1919    1141.6506
    1920    1144.9265
    1921    1136.2335
    1922    1118.0531
    1923    1093.9851
    1924    1068.0061
    1925    1043.8111
    1926    1024.3191
    1927    1011.3617
    1928    1005.5429
    1929    1006.2695
    1930    1011.9846
    1931    1020.6174
    1932    1030.1689
    1933    1039.2558
    1934    1047.4028
    1935    1054.9533
    1936    1062.6434
    1937    1071.0197
    1938    1079.9457
    1939    1088.3754
    1940    1094.4871
    1941    1096.1429
    1942    1091.5623
    1943    1079.9910
    1944    1062.1425
    1945    1040.2364
    1946    1017.5780
    1947     997.7980
    1948     983.9773
    1949     977.9098
    1950     979.7104
    1951     987.8908
    1952     999.9045
    1953    1013.0065
    1954    1025.1432
    1955    1035.5363
    1956    1044.7086
    1957    1053.9484
    1958    1064.4539
    1959    1076.5682
    1960    1089.4410
    1961    1101.2433
    1962    1109.7804
    1963    1113.2102
    1964    1110.5567
    1965    1101.8592
    1966    1087.9840
    1967    1070.2628
    1968    1050.1284
    1969    1028.8486
    1970    1007.3789
    1971     986.3251
    1972     966.0001
    1973     946.5741
    1974     928.3016
    1975     911.7819
    1976     898.1428
    1977     889.0196
    1978     886.2458
    1979     891.3218
    1980     904.8695
    1981     926.3255
    1982     954.0056
    1983     985.4662
    1984    1017.9681
    1985    1048.8623
    1986    1075.8638
    1987    1097.2540
    1988    1112.0209
    1989    1119.8695
    1990    1121.0889
    1991    1116.3575
    1992    1106.5871
    1993    1092.8604
    1994    1076.4247
    1995    1058.6699
    1996    1041.0326
    1997    1024.8371
    1998    1011.1387
    1999    1000.6715
    2000     993.9549
