#Frame              T
       1    3003.0251
       2    2888.1800
       3    2683.6404
       4    2437.0688
       5    2200.5699
       6    2014.8200
       7    1898.0732
       8    1843.5054
       9    1824.9280
      10    1808.2575
      11    1764.7204
      12    1681.4627
      13    1566.1491
      14    1444.1664
      15    1349.5464
      16    1312.8241
      17    1350.0667
      18    1456.8128
      19    1608.8557
      20    1769.4211
      21    1900.1838
      22    1972.4125
      23    1974.7147
      24    1915.1540
      25    1817.4535
      26    1712.8446
      27    1630.3778
      28    1588.7861
      29    1592.2767
      30    1631.1173
      31    1686.2931
      32    1736.3701
      33    1764.2983
      34    1762.1667
      35    1732.7004
      36    1687.3749
      37    1642.0700
      38    1611.8523
      39    1606.5568
      40    1628.3656
      41    1671.8368
      42    1726.0428
      43    1777.8971
      44    1815.5570
      45    1830.9889
      46    1821.2843
      47    1788.7714
      48    1740.2324
      49    1685.4989
      50    1635.5890
      51    1600.4671
      52    1586.6667
      53    1595.3520
      54    1621.5926
      55    1655.3375
      56    1683.9284
      57    1695.5355
      58    1682.7185
      59    1645.1476
      60    1590.5008
      61    1532.9479
      62    1489.3778
      63    1474.3951
      64    1495.6491
      65    1551.0580
      66    1628.8929
      67    1710.7971
      68    1776.9464
      69    1811.9048
      70    1809.3909
      71    1774.3075
      72    1721.1319
      73    1669.0346
      74    1635.3429
      75    1629.5810
      76    1650.1532
      77    1684.8755
      78    1715.3042
      79    1723.4137
      80    1698.2207
      81    1640.0009
      82    1560.6718
      83    1480.2430
      84    1420.4771
      85    1397.8330
      86    1418.1561
      87    1475.0651
      88    1552.4939
      89    1630.2040
      90    1690.1714
      91    1721.7592
      92    1724.1495
      93    1705.4566
      94    1679.0107
      95    1658.2424
      96    1652.0013
      97    1661.8706
      98    1682.2145
      99    1702.7050
     100    1712.2502
     101    1702.9035
     102    1672.4860
     103    1625.1909
     104    1570.1136
     105    1518.3263
     106    1479.5343
     107    1459.4575
     108    1458.7373
     109    1473.5100
     110    1497.1741
     111    1522.6039
     112    1544.1466
     113    1558.9409
     114    1567.2992
     115    1572.1093
     116    1577.5093
     117    1587.3205
     118    1603.7659
     119    1626.8388
     120    1654.3952
     121    1682.8015
     122    1707.8461
     123    1725.7134
     124    1733.8739
     125    1731.6513
     126    1720.2317
     127    1702.0547
     128    1679.8391
     129    1655.6783
     130    1630.5606
     131    1604.4461
     132    1576.7880
     133    1547.2561
     134    1516.3433
     135    1485.5840
     136    1457.2755
     137    1433.8147
     138    1416.9579
     139    1407.3051
     140    1404.2235
     141    1406.2446
     142    1411.7918
     143    1419.9190
     144    1430.6709
     145    1444.7974
     146    1462.9392
     147    1484.8136
     148    1508.9325
     149    1532.9117
     150    1554.0879
     151    1570.1332
     152    1579.5027
     153    1581.6770
     154    1577.3209
     155    1568.3572
     156    1557.7553
     157    1548.8579
     158    1544.4123
     159    1545.6915
     160    1552.0838
     161    1561.3415
     162    1570.4128
     163    1576.5536
     164    1578.2892
     165    1575.8742
     166    1571.1308
     167    1566.7801
     168    1565.4769
     169    1568.8053
     170    1576.5517
     171    1586.5330
     172    1595.1116
     173    1598.2774
     174    1592.9593
     175    1578.1372
     176    1555.3649
     177    1528.4868
     178    1502.5967
     179    1482.5446
     180    1471.4963
     181    1470.0511
     182    1476.2028
     183    1486.1115
     184    1495.3581
     185    1500.2265
     186    1498.6426
     187    1490.6266
     188    1478.2595
     189    1465.1956
     190    1455.7463
     191    1453.6623
     192    1460.9538
     193    1477.2327
     194    1499.9130
     195    1525.1001
     196    1548.6558
     197    1567.0277
     198    1577.7468
     199    1579.6620
     200    1573.0350
     201    1559.5533
     202    1542.2193
     203    1524.9556
     204    1511.7560
     205    1505.4416
     206    1506.4594
     207    1512.3607
     208    1518.3601
     209    1518.8555
     210    1509.4418
     211    1488.8112
     212    1459.8822
     213    1429.6057
     214    1407.2682
     215    1401.6697
     216    1418.0782
     217    1456.0707
     218    1509.1346
     219    1566.3182
     220    1615.4611
     221    1646.9421
     222    1656.6419
     223    1647.0190
     224    1625.8658
     225    1603.1631
     226    1587.2123
     227    1581.5362
     228    1583.7289
     229    1586.5949
     230    1581.0512
     231    1559.7135
     232    1519.8968
     233    1465.0059
     234    1403.8626
     235    1348.2467
     236    1309.4548
     237    1294.8661
     238    1305.5608
     239    1335.9319
     240    1375.5967
     241    1412.8837
     242    1438.5262
     243    1448.2909
     244    1443.7711
     245    1431.2469
     246    1419.1287
     247    1414.9418
     248    1422.8669
     249    1442.5689
     250    1469.5976
     251    1497.1177
     252    1518.3115
     253    1528.6096
     254    1527.0306
     255    1516.2506
     256    1501.4938
     257    1488.7083
     258    1482.7027
     259    1485.8479
     260    1497.7099
     261    1515.6149
     262    1535.8388
     263    1554.9295
     264    1570.6893
     265    1582.5080
     266    1591.0186
     267    1597.2973
     268    1602.0365
     269    1605.0714
     270    1605.4089
     271    1601.6875
     272    1592.8296
     273    1578.6255
     274    1560.0296
     275    1539.0355
     276    1518.1504
     277    1499.6707
     278    1485.0455
     279    1474.6315
     280    1467.9408
     281    1464.2369
     282    1463.1391
     283    1464.8568
     284    1469.8524
     285    1478.0799
     286    1488.3835
     287    1498.6348
     288    1506.5656
     289    1510.7239
     290    1511.0170
     291    1508.6614
     292    1505.6028
     293    1503.6050
     294    1503.3046
     295    1503.5656
     296    1501.4613
     297    1493.0356
     298    1474.7161
     299    1444.9333
     300    1405.3192
     301    1360.9278
     302    1319.2219
     303    1288.0271
     304    1273.0823
     305    1276.0480
     306    1293.7674
     307    1319.1664
     308    1343.5998
     309    1359.9004
     310    1365.0672
     311    1361.5836
     312    1356.7452
     313    1360.0827
     314    1379.7195
     315    1418.9828
     316    1474.5938
     317    1537.2129
     318    1594.2607
     319    1634.0579
     320    1649.7366
     321    1641.3544
     322    1615.4336
     323    1582.3916
     324    1553.0475
     325    1535.1769
     326    1530.9239
     327    1536.0249
     328    1541.4449
     329    1536.9898
     330    1515.5003
     331    1475.9606
     332    1424.3311
     333    1371.8094
     334    1331.1982
     335    1312.7510
     336    1320.9270
     337    1353.0705
     338    1400.3461
     339    1450.5417
     340    1491.7557
     341    1515.7452
     342    1519.9025
     343    1507.3677
     344    1485.4423
     345    1463.0073
     346    1447.8144
     347    1444.3227
     348    1452.5150
     349    1468.1235
     350    1484.4916
     351    1495.4173
     352    1497.5509
     353    1491.2716
     354    1479.9832
     355    1468.4371
     356    1460.9013
     357    1459.8326
     358    1465.4156
     359    1475.9249
     360    1488.6114
     361    1500.6599
     362    1509.8255
     363    1514.5733
     364    1513.8500
     365    1506.8148
     366    1492.8501
     367    1471.9657
     368    1445.4204
     369    1416.1805
     370    1388.8243
     371    1368.7136
     372    1360.5674
     373    1366.8701
     374    1386.6612
     375    1415.1955
     376    1444.7920
     377    1466.8734
     378    1474.6680
     379    1465.5830
     380    1442.2812
     381    1412.0004
     382    1384.2598
     383    1367.6617
     384    1366.8400
     385    1380.6701
     386    1402.4822
     387    1422.3410
     388    1430.6820
     389    1422.0086
     390    1397.2530
     391    1363.8460
     392    1333.4027
     393    1317.8281
     394    1325.2155
     395    1356.9745
     396    1407.1688
     397    1464.2583
     398    1514.6232
     399    1546.6534
     400    1554.0646
     401    1537.4610
     402    1503.8574
     403    1464.5095
     404    1431.6439
     405    1414.7069
     406    1417.3038
     407    1436.4822
     408    1464.6005
     409    1492.3005
     410    1511.3822
     411    1517.0058
     412    1508.6417
     413    1489.5204
     414    1464.9869
     415    1440.5599
     416    1420.4107
     417    1406.6397
     418    1399.3341
     419    1397.1435
     420    1398.0183
     421    1399.8365
     422    1400.8180
     423    1399.7332
     424    1395.9784
     425    1389.5807
     426    1381.1825
     427    1372.0448
     428    1364.0509
     429    1359.5789
     430    1361.0584
     431    1370.2043
     432    1387.1458
     433    1409.8671
     434    1434.2901
     435    1455.1262
     436    1467.3217
     437    1467.6901
     438    1456.1425
     439    1435.9868
     440    1413.0670
     441    1393.9803
     442    1383.9942
     443    1385.4016
     444    1396.8888
     445    1414.0968
     446    1431.1426
     447    1442.5256
     448    1444.7400
     449    1437.1049
     450    1421.6627
     451    1402.3391
     452    1383.6841
     453    1369.5526
     454    1362.0764
     455    1361.2203
     456    1365.0525
     457    1370.6280
     458    1375.1701
     459    1377.1249
     460    1376.7431
     461    1376.0153
     462    1377.9814
     463    1385.6017
     464    1400.5316
     465    1422.2665
     466    1448.0632
     467    1473.7336
     468    1494.9896
     469    1508.7496
     470    1513.8560
     471    1510.9789
     472    1501.8750
     473    1488.4349
     474    1471.9692
     475    1453.0130
     476    1431.6736
     477    1408.2791
     478    1383.9516
     479    1360.7576
     480    1341.2823
     481    1327.7748
     482    1321.2462
     483    1320.9711
     484    1324.6507
     485    1329.1920
     486    1331.7803
     487    1330.8164
     488    1326.3610
     489    1319.9588
     490    1313.9488
     491    1310.5401
     492    1310.9971
     493    1315.2140
     494    1321.8133
     495    1328.7087
     496    1333.9165
     497    1336.3055
     498    1335.9915
     499    1334.2163
     500    1332.7591
     501    1333.1623
     502    1336.1708
     503    1341.6809
     504    1349.1467
     505    1358.1341
     506    1368.6585
     507    1381.1392
     508    1396.0201
     509    1413.2909
     510    1432.1659
     511    1451.0717
     512    1467.9706
     513    1480.9853
     514    1489.1975
     515    1493.2853
     516    1495.5527
     517    1499.1760
     518    1506.9121
     519    1519.8016
     520    1536.4241
     521    1553.0762
     522    1564.8906
     523    1567.5426
     524    1558.9072
     525    1540.0119
     526    1514.8752
     527    1489.2225
     528    1468.5186
     529    1456.0317
     530    1451.6716
     531    1452.0699
     532    1451.9135
     533    1446.0452
     534    1431.5651
     535    1409.1277
     536    1382.9257
     537    1359.3430
     538    1344.7532
     539    1343.2741
     540    1355.3030
     541    1377.3325
     542    1403.0837
     543    1425.5420
     544    1439.1824
     545    1441.5963
     546    1433.9524
     547    1420.1890
     548    1405.3307
     549    1393.6454
     550    1387.3437
     551    1386.2496
     552    1388.4623
     553    1391.6546
     554    1394.4157
     555    1397.0374
     556    1401.3948
     557    1409.9493
     558    1424.3123
     559    1444.0138
     560    1466.0639
     561    1485.5832
     562    1497.3400
     563    1497.6388
     564    1485.8485
     565    1464.9395
     566    1440.7616
     567    1420.2337
     568    1409.0408
     569    1409.6412
     570    1420.3263
     571    1435.7336
     572    1448.6595
     573    1452.5075
     574    1443.4915
     575    1421.8348
     576    1391.6057
     577    1359.2802
     578    1331.5312
     579    1312.9992
     580    1304.8241
     581    1304.4040
     582    1306.4000
     583    1304.6088
     584    1294.1148
     585    1273.0912
     586    1243.7179
     587    1211.9098
     588    1185.8751
     589    1173.8767
     590    1181.8473
     591    1211.6196
     592    1260.3268
     593    1321.1489
     594    1385.1189
     595    1443.4048
     596    1489.3614
     597    1519.7520
     598    1534.8395
     599    1537.4740
     600    1531.6162
     601    1520.8548
     602    1507.3810
     603    1491.6743
     604    1472.8953
     605    1449.7592
     606    1421.5270
     607    1388.7680
     608    1353.6551
     609    1319.7552
     610    1291.4184
     611    1272.9455
     612    1267.7014
     613    1277.3277
     614    1301.2076
     615    1336.3253
     616    1377.5790
     617    1418.5343
     618    1452.5215
     619    1473.9204
     620    1479.3782
     621    1468.6443
     622    1444.7220
     623    1413.1892
     624    1380.7906
     625    1353.6635
     626    1335.7482
     627    1327.9132
     628    1328.1185
     629    1332.6033
     630    1337.6938
     631    1341.5712
     632    1345.3080
     633    1352.7084
     634    1368.9200
     635    1398.2678
     636    1442.0969
     637    1497.4664
     638    1557.2679
     639    1611.8118
     640    1651.4006
     641    1669.0434
     642    1662.4087
     643    1634.3747
     644    1591.9738
     645    1544.0811
     646    1498.6126
     647    1460.2169
     648    1429.3208
     649    1402.9898
     650    1377.2385
     651    1349.2364
     652    1317.6853
     653    1282.3832
     654    1245.2585
     655    1211.3311
     656    1187.3026
     657    1178.7103
     658    1187.5555
     659    1211.3838
     660    1243.9571
     661    1277.1874
     662    1303.6783
     663    1319.0361
     664    1323.1780
     665    1320.2092
     666    1316.9210
     667    1320.4458
     668    1335.8543
     669    1364.4441
     670    1403.2307
     671    1445.7709
     672    1484.0482
     673    1510.8403
     674    1521.8321
     675    1516.8268
     676    1499.7061
     677    1477.1801
     678    1456.7403
     679    1444.4448
     680    1443.1999
     681    1452.0180
     682    1466.4300
     683    1479.9035
     684    1485.8191
     685    1479.4275
     686    1459.2186
     687    1427.3210
     688    1388.8487
     689    1350.4221
     690    1318.3150
     691    1296.7652
     692    1286.9093
     693    1286.5999
     694    1291.1328
     695    1294.6872
     696    1292.0872
     697    1280.3711
     698    1259.7081
     699    1233.4092
     700    1207.0625
     701    1187.0586
     702    1178.9168
     703    1185.8204
     704    1207.7433
     705    1241.4120
     706    1281.1485
     707    1320.3790
     708    1353.3671
     709    1376.6533
     710    1389.7783
     711    1395.1102
     712    1396.8518
     713    1399.5399
     714    1406.5089
     715    1418.8279
     716    1435.0635
     717    1451.9038
     718    1465.3542
     719    1472.0339
     720    1470.1429
     721    1459.8549
     722    1443.1195
     723    1423.0405
     724    1403.0757
     725    1386.2835
     726    1374.7954
     727    1369.5678
     728    1370.3687
     729    1375.8965
     730    1383.9870
     731    1391.9304
     732    1396.9471
     733    1396.7673
     734    1390.1705
     735    1377.2833
     736    1359.5131
     737    1339.1812
     738    1319.0352
     739    1301.7750
     740    1289.5864
     741    1283.6810
     742    1283.9659
     743    1289.0407
     744    1296.6356
     745    1304.4078
     746    1310.8138
     747    1315.6979
     748    1320.3315
     749    1326.8848
     750    1337.5244
     751    1353.4534
     752    1374.2285
     753    1397.6658
     754    1420.4920
     755    1439.4597
     756    1452.2504
     757    1457.9077
     758    1457.1249
     759    1452.2943
     760    1446.7973
     761    1443.6219
     762    1444.0438
     763    1447.0404
     764    1449.6449
     765    1448.0463
     766    1438.9811
     767    1420.9124
     768    1394.5993
     769    1362.9030
     770    1329.9465
     771    1299.9571
     772    1276.1881
     773    1260.2424
     774    1251.9433
     775    1249.7176
     776    1251.3173
     777    1254.6300
     778    1258.3321
     779    1262.2035
     780    1267.0416
     781    1274.2393
     782    1285.1975
     783    1300.7689
     784    1320.8753
     785    1344.3792
     786    1369.1990
     787    1392.6351
     788    1411.8353
     789    1424.2991
     790    1428.3228
     791    1423.3126
     792    1409.9519
     793    1390.2414
     794    1367.3272
     795    1344.9301
     796    1326.3391
     797    1313.4628
     798    1306.5797
     799    1304.7652
     800    1306.4855
     801    1310.0834
     802    1314.1694
     803    1317.9459
     804    1321.3927
     805    1325.2197
     806    1330.5651
     807    1338.5245
     808    1349.6717
     809    1363.7366
     810    1379.5319
     811    1395.1216
     812    1408.1695
     813    1416.3975
     814    1418.1097
     815    1412.7218
     816    1401.0990
     817    1385.4692
     818    1368.8306
     819    1354.0406
     820    1342.9710
     821    1336.0703
     822    1332.4823
     823    1330.6280
     824    1329.0123
     825    1326.9760
     826    1325.1530
     827    1325.4515
     828    1330.4749
     829    1342.4962
     830    1362.3273
     831    1388.5769
     832    1417.6712
     833    1444.6807
     834    1464.6461
     835    1473.9202
     836    1471.0756
     837    1457.0988
     838    1434.8543
     839    1408.0727
     840    1380.2705
     841    1353.9901
     842    1330.5661
     843    1310.3818
     844    1293.4020
     845    1279.6813
     846    1269.5980
     847    1263.7212
     848    1262.4129
     849    1265.3949
     850    1271.5311
     851    1278.9685
     852    1285.6292
     853    1289.8967
     854    1291.2193
     855    1290.3360
     856    1288.9469
     857    1288.9078
     858    1291.2893
     859    1295.7149
     860    1300.2953
     861    1302.2338
     862    1298.8877
     863    1288.8796
     864    1272.8226
     865    1253.3656
     866    1234.5391
     867    1220.6226
     868    1214.8917
     869    1218.6383
     870    1230.8056
     871    1248.4216
     872    1267.7137
     873    1285.5064
     874    1300.4289
     875    1313.5158
     876    1327.7467
     877    1346.2191
     878    1369.6012
     879    1394.7894
     880    1416.2096
     881    1428.7941
     882    1430.3914
     883    1422.3529
     884    1408.5021
     885    1393.2584
     886    1379.7112
     887    1368.3386
     888    1356.8511
     889    1341.2731
     890    1317.8635
     891    1285.1162
     892    1245.0004
     893    1202.8888
     894    1166.1303
     895    1141.7584
     896    1134.1839
     897    1143.7067
     898    1166.3532
     899    1195.0691
     900    1221.9563
     901    1240.9885
     902    1250.3457
     903    1253.3172
     904    1257.1003
     905    1269.7889
     906    1296.7546
     907    1337.9332
     908    1387.1484
     909    1433.7483
     910    1465.9625
     911    1474.8186
     912    1457.3215
     913    1417.8382
     914    1367.1825
     915    1319.6125
     916    1288.6087
     917    1282.6931
     918    1302.6559
     919    1341.2661
     920    1385.7809
     921    1422.4393
     922    1441.2273
     923    1439.1477
     924    1420.9181
     925    1396.9896
     926    1379.6446
     927    1378.5183
     928    1397.0516
     929    1431.0801
     930    1470.0457
     931    1500.4520
     932    1510.4544
     933    1494.0887
     934    1453.5622
     935    1398.5451
     936    1342.7399
     937    1299.4687
     938    1278.0044
     939    1281.2576
     940    1305.0670
     941    1339.4358
     942    1371.5217
     943    1389.4440
     944    1385.7229
     945    1359.3577
     946    1315.9967
     947    1266.1851
     948    1222.2415
     949    1194.6864
     950    1189.2699
     951    1205.4477
     952    1236.7617
     953    1272.9900
     954    1303.3657
     955    1319.8350
     956    1319.3708
     957    1304.7037
     958    1283.3185
     959    1265.0460
     960    1258.9819
     961    1270.6432
     962    1300.2165
     963    1342.4284
     964    1388.0739
     965    1426.7167
     966    1449.7277
     967    1452.6986
     968    1436.4940
     969    1406.6622
     970    1371.4953
     971    1339.4836
     972    1316.9984
     973    1306.8242
     974    1307.8283
     975    1315.7587
     976    1324.8851
     977    1329.9615
     978    1327.8959
     979    1318.6343
     980    1305.0370
     981    1291.8318
     982    1284.0302
     983    1285.3384
     984    1297.0750
     985    1317.8643
     986    1344.1053
     987    1370.9791
     988    1393.6633
     989    1408.4207
     990    1413.3048
     991    1408.3621
     992    1395.3269
     993    1376.8850
     994    1355.6681
     995    1333.3746
     996    1310.5736
     997    1287.3491
     998    1264.2489
     999    1242.7962
    1000    1225.2041
    1001    1213.8279
    1002    1209.9972
    1003    1213.6890
    1004    1223.4487
    1005    1236.8709
    1006    1251.4092
    1007    1265.2208
    1008    1277.7329
    1009    1289.7458
    1010    1303.0583
    1011    1319.7462
    1012    1341.2917
    1013    1367.7813
    1014    1397.3736
    1015    1426.2064
    1016    1448.8794
    1017    1459.5631
    1018    1453.6032
    1019    1429.2158
    1020    1388.6447
    1021    1338.2153
    1022    1287.0691
    1023    1244.8838
    1024    1219.2680
    1025    1213.6720
    1026    1226.4962
    1027    1251.6831
    1028    1280.6123
    1029    1304.7055
    1030    1317.9632
    1031    1318.6807
    1032    1309.8193
    1033    1297.8693
    1034    1290.4881
    1035    1293.6281
    1036    1309.1251
    1037    1333.6520
    1038    1359.5346
    1039    1377.2440
    1040    1378.7140
    1041    1360.2828
    1042    1324.2072
    1043    1278.2354
    1044    1233.3868
    1045    1200.6663
    1046    1187.7611
    1047    1196.7673
    1048    1223.6531
    1049    1259.6351
    1050    1294.0159
    1051    1317.5629
    1052    1325.3329
    1053    1318.0550
    1054    1301.6720
    1055    1285.2202
    1056    1277.7294
    1057    1285.0965
    1058    1307.9170
    1059    1340.9948
    1060    1374.7532
    1061    1398.1196
    1062    1401.9290
    1063    1381.7549
    1064    1339.3448
    1065    1282.3104
    1066    1222.1594
    1067    1171.1820
    1068    1139.0771
    1069    1130.3264
    1070    1143.1263
    1071    1170.2089
    1072    1201.2746
    1073    1226.2726
    1074    1238.5062
    1075    1236.6241
    1076    1224.9184
    1077    1211.8386
    1078    1207.1750
    1079    1218.7563
    1080    1249.6958
    1081    1297.0615
    1082    1352.4153
    1083    1404.0869
    1084    1440.5505
    1085    1453.8930
    1086    1442.2628
    1087    1410.4430
    1088    1368.3446
    1089    1327.9033
    1090    1299.4113
    1091    1288.4757
    1092    1294.5827
    1093    1311.6785
    1094    1330.5089
    1095    1341.8873
    1096    1339.7903
    1097    1323.2940
    1098    1296.7714
    1099    1268.3741
    1100    1247.3674
    1101    1241.2179
    1102    1253.3374
    1103    1282.1131
    1104    1321.4150
    1105    1362.3454
    1106    1395.6859
    1107    1414.3857
    1108    1415.4282
    1109    1400.5748
    1110    1375.7340
    1111    1349.0989
    1112    1328.6238
    1113    1319.6404
    1114    1323.3715
    1115    1336.7736
    1116    1353.6958
    1117    1366.9285
    1118    1370.4669
    1119    1361.3193
    1120    1340.3590
    1121    1311.9965
    1122    1282.7692
    1123    1259.2808
    1124    1246.1401
    1125    1244.5644
    1126    1252.0880
    1127    1263.4533
    1128    1272.3728
    1129    1273.6042
    1130    1264.7006
    1131    1246.9110
    1132    1224.9661
    1133    1205.7827
    1134    1196.4362
    1135    1201.9848
    1136    1223.8189
    1137    1259.0454
    1138    1301.0946
    1139    1341.3631
    1140    1371.4350
    1141    1385.2856
    1142    1380.8667
    1143    1360.6075
    1144    1330.6509
    1145    1299.0078
    1146    1273.1791
    1147    1257.9816
    1148    1254.2583
    1149    1258.8949
    1150    1266.1046
    1151    1269.5605
    1152    1264.6842
    1153    1250.3549
    1154    1229.4479
    1155    1207.9790
    1156    1193.1034
    1157    1190.6423
    1158    1203.0055
    1159    1228.2306
    1160    1260.5041
    1161    1292.0171
    1162    1315.5344
    1163    1326.7707
    1164    1325.7115
    1165    1316.3716
    1166    1305.0733
    1167    1297.8539
    1168    1297.9650
    1169    1304.4160
    1170    1312.1827
    1171    1314.0965
    1172    1303.7381
    1173    1278.2013
    1174    1239.6058
    1175    1194.7346
    1176    1152.9333
    1177    1123.0535
    1178    1110.5816
    1179    1115.9900
    1180    1134.8961
    1181    1159.9324
    1182    1183.5176
    1183    1200.3292
    1184    1208.5167
    1185    1209.6005
    1186    1207.5807
    1187    1207.4833
    1188    1213.4612
    1189    1227.0480
    1190    1246.3890
    1191    1266.8460
    1192    1282.7175
    1193    1289.3671
    1194    1284.9368
    1195    1271.0392
    1196    1252.2361
    1197    1234.5617
    1198    1223.6547
    1199    1223.1507
    1200    1233.8246
    1201    1253.6770
    1202    1278.8142
    1203    1304.7555
    1204    1327.7119
    1205    1345.4650
    1206    1357.6323
    1207    1365.3272
    1208    1370.3919
    1209    1374.5166
    1210    1378.5758
    1211    1382.4211
    1212    1385.1607
    1213    1385.7257
    1214    1383.4030
    1215    1378.0916
    1216    1370.2155
    1217    1360.4211
    1218    1349.2765
    1219    1337.1581
    1220    1324.3584
    1221    1311.2947
    1222    1298.6603
    1223    1287.4140
    1224    1278.5864
    1225    1272.9800
    1226    1270.8805
    1227    1271.9078
    1228    1275.0753
    1229    1279.0861
    1230    1282.7898
    1231    1285.6534
    1232    1288.0434
    1233    1291.1448
    1234    1296.4815
    1235    1305.1695
    1236    1317.1616
    1237    1330.7754
    1238    1342.7603
    1239    1349.0157
    1240    1345.8229
    1241    1331.1997
    1242    1305.8815
    1243    1273.5306
    1244    1240.0084
    1245    1211.8535
    1246    1194.3692
    1247    1189.9088
    1248    1196.9723
    1249    1210.5292
    1250    1223.5860
    1251    1229.5324
    1252    1224.4574
    1253    1208.6147
    1254    1186.5253
    1255    1165.6548
    1256    1154.0529
    1257    1157.6676
    1258    1178.1859
    1259    1212.1611
    1260    1251.8262
    1261    1287.4295
    1262    1310.3571
    1263    1315.9852
    1264    1305.2456
    1265    1284.3233
    1266    1262.5518
    1267    1249.2107
    1268    1250.3106
    1269    1266.4829
    1270    1292.7155
    1271    1320.0415
    1272    1338.5891
    1273    1340.9410
    1274    1324.6426
    1275    1293.0262
    1276    1254.1167
    1277    1218.0541
    1278    1193.9352
    1279    1187.1297
    1280    1197.9072
    1281    1221.7263
    1282    1250.9844
    1283    1277.5692
    1284    1295.3440
    1285    1301.7855
    1286    1298.3286
    1287    1289.4411
    1288    1280.8658
    1289    1277.6823
    1290    1282.7957
    1291    1296.2320
    1292    1315.3374
    1293    1335.7146
    1294    1352.5697
    1295    1362.0751
    1296    1362.3837
    1297    1354.0419
    1298    1339.7251
    1299    1323.4095
    1300    1309.2090
    1301    1300.2053
    1302    1297.5990
    1303    1300.4309
    1304    1305.9626
    1305    1310.5776
    1306    1310.9129
    1307    1304.8730
    1308    1292.2531
    1309    1274.8182
    1310    1255.8203
    1311    1239.0678
    1312    1227.7987
    1313    1223.6818
    1314    1226.2659
    1315    1233.0590
    1316    1240.2376
    1317    1243.7812
    1318    1240.7155
    1319    1230.0893
    1320    1213.3704
    1321    1194.0988
    1322    1176.8947
    1323    1166.1255
    1324    1164.6550
    1325    1173.0820
    1326    1189.7069
    1327    1211.2384
    1328    1233.9693
    1329    1254.9593
    1330    1272.7637
    1331    1287.4488
    1332    1299.9690
    1333    1311.2515
    1334    1321.4265
    1335    1329.5175
    1336    1333.6868
    1337    1331.9254
    1338    1322.9401
    1339    1306.9089
    1340    1285.7848
    1341    1262.9626
    1342    1242.3626
    1343    1227.2034
    1344    1218.8602
    1345    1216.2232
    1346    1215.8718
    1347    1213.1462
    1348    1203.8466
    1349    1185.9536
    1350    1160.6777
    1351    1132.3524
    1352    1107.1271
    1353    1090.8976
    1354    1087.2423
    1355    1096.1529
    1356    1114.0340
    1357    1134.9528
    1358    1152.6680
    1359    1162.7104
    1360    1163.8144
    1361    1158.2431
    1362    1150.9343
    1363    1147.7746
    1364    1153.5690
    1365    1170.3738
    1366    1196.7350
    1367    1228.0877
    1368    1258.1698
    1369    1280.9607
    1370    1292.4607
    1371    1291.7343
    1372    1280.9228
    1373    1264.3140
    1374    1246.8778
    1375    1232.7919
    1376    1224.4150
    1377    1221.9779
    1378    1224.0227
    1379    1228.3421
    1380    1232.9563
    1381    1236.6966
    1382    1239.2547
    1383    1240.8752
    1384    1242.0061
    1385    1243.1241
    1386    1244.7644
    1387    1247.6158
    1388    1252.5001
    1389    1260.1140
    1390    1270.5526
    1391    1282.7964
    1392    1294.4675
    1393    1302.1251
    1394    1302.1810
    1395    1292.2067
    1396    1272.1569
    1397    1244.9281
    1398    1215.8452
    1399    1191.1030
    1400    1175.7096
    1401    1171.7666
    1402    1177.7666
    1403    1189.1594
    1404    1199.9995
    1405    1205.1465
    1406    1202.2676
    1407    1192.8738
    1408    1181.9012
    1409    1175.8875
    1410    1180.3469
    1411    1197.3238
    1412    1224.1158
    1413    1253.7666
    1414    1277.2677
    1415    1286.7478
    1416    1278.5165
    1417    1254.8380
    1418    1223.6873
    1419    1196.3644
    1420    1183.5907
    1421    1191.4909
    1422    1219.1544
    1423    1258.8230
    1424    1298.5116
    1425    1325.9752
    1426    1332.6863
    1427    1316.5935
    1428    1282.7593
    1429    1241.6369
    1430    1205.5111
    1431    1184.2951
    1432    1182.1682
    1433    1196.2554
    1434    1217.8131
    1435    1235.4484
    1436    1239.2034
    1437    1224.0672
    1438    1191.7385
    1439    1150.0709
    1440    1110.4408
    1441    1083.9653
    1442    1077.8824
    1443    1093.3013
    1444    1125.0316
    1445    1163.4678
    1446    1197.8165
    1447    1219.5444
    1448    1224.8902
    1449    1215.6496
    1450    1198.0736
    1451    1180.3869
    1452    1169.8795
    1453    1170.5937
    1454    1182.3157
    1455    1201.0557
    1456    1220.7045
    1457    1235.2210
    1458    1240.5867
    1459    1235.9148
    1460    1223.4391
    1461    1207.5368
    1462    1193.2536
    1463    1184.8521
    1464    1184.7542
    1465    1193.0541
    1466    1207.6077
    1467    1224.5987
    1468    1239.4063
    1469    1247.5820
    1470    1245.7588
    1471    1232.3583
    1472    1207.9989
    1473    1175.5492
    1474    1139.8026
    1475    1106.7793
    1476    1082.7058
    1477    1072.7901
    1478    1079.9725
    1479    1103.8656
    1480    1140.3046
    1481    1182.1007
    1482    1221.1041
    1483    1250.7018
    1484    1267.5668
    1485    1272.2139
    1486    1268.6105
    1487    1262.9904
    1488    1261.8398
    1489    1269.4422
    1490    1285.8858
    1491    1306.4424
    1492    1322.7410
    1493    1325.4907
    1494    1307.8777
    1495    1268.4207
    1496    1212.2126
    1497    1149.9866
    1498    1095.1955
    1499    1060.0028
    1500    1051.5038
    1501    1069.4905
    1502    1106.5684
    1503    1150.6105
    1504    1188.7018
    1505    1211.2158
    1506    1214.6475
    1507    1202.3128
    1508    1182.7771
    1509    1166.6366
    1510    1162.7840
    1511    1175.4202
    1512    1202.7709
    1513    1237.8486
    1514    1270.9131
    1515    1292.7667
    1516    1297.7792
    1517    1285.6395
    1518    1261.2526
    1519    1232.9344
    1520    1209.6853
    1521    1198.4660
    1522    1202.1992
    1523    1218.9936
    1524    1242.8160
    1525    1265.4017
    1526    1278.7870
    1527    1277.6545
    1528    1260.7877
    1529    1231.2494
    1530    1195.3190
    1531    1160.5809
    1532    1133.7916
    1533    1119.1742
    1534    1117.6106
    1535    1126.8796
    1536    1142.7484
    1537    1160.4871
    1538    1176.3051
    1539    1188.2965
    1540    1196.6776
    1541    1203.3106
    1542    1210.7301
    1543    1221.0251
    1544    1234.9630
    1545    1251.6328
    1546    1268.7065
    1547    1283.1999
    1548    1292.4546
    1549    1294.9997
    1550    1291.0006
    1551    1282.1724
    1552    1271.2162
    1553    1260.9893
    1554    1253.6750
    1555    1250.1983
    1556    1250.0615
    1557    1251.6549
    1558    1252.9282
    1559    1252.1556
    1560    1248.4812
    1561    1242.0661
    1562    1233.8545
    1563    1225.1029
    1564    1216.8677
    1565    1209.6255
    1566    1203.1286
    1567    1196.5285
    1568    1188.6998
    1569    1178.6445
    1570    1165.8539
    1571    1150.5465
    1572    1133.7463
    1573    1117.2065
    1574    1103.1759
    1575    1094.0153
    1576    1091.6967
    1577    1097.2723
    1578    1110.4773
    1579    1129.6370
    1580    1151.9761
    1581    1174.2291
    1582    1193.2907
    1583    1206.7486
    1584    1213.3996
    1585    1213.7263
    1586    1209.9088
    1587    1205.0788
    1588    1202.0821
    1589    1202.3306
    1590    1205.2334
    1591    1208.4422
    1592    1208.8555
    1593    1204.0324
    1594    1193.4709
    1595    1179.2077
    1596    1165.4392
    1597    1157.2306
    1598    1158.7271
    1599    1171.4798
    1600    1193.4811
    1601    1219.3203
    1602    1241.5193
    1603    1252.7083
    1604    1247.9746
    1605    1226.5960
    1606    1192.5402
    1607    1153.5063
    1608    1118.7634
    1609    1096.4473
    1610    1091.1730
    1611    1102.7255
    1612    1126.2504
    1613    1153.8797
    1614    1177.2440
    1615    1190.0649
    1616    1190.0076
    1617    1179.2439
    1618    1163.5807
    1619    1150.4582
    1620    1146.4525
    1621    1155.0794
    1622    1175.5959
    1623    1203.1833
    1624    1230.4424
    1625    1249.6965
    1626    1255.3526
    1627    1245.5828
    1628    1222.8230
    1629    1192.9849
    1630    1163.6634
    1631    1141.9085
    1632    1132.2274
    1633    1135.3914
    1634    1148.3721
    1635    1165.3911
    1636    1179.7584
    1637    1185.9371
    1638    1181.2335
    1639    1166.6136
    1640    1146.4048
    1641    1126.9688
    1642    1114.7269
    1643    1114.1323
    1644    1126.2017
    1645    1148.0790
    1646    1173.7911
    1647    1196.0046
    1648    1208.2570
    1649    1206.9670
    1650    1192.5708
    1651    1169.4037
    1652    1144.3584
    1653    1124.7467
    1654    1116.0577
    1655    1120.3238
    1656    1135.6160
    1657    1156.7903
    1658    1177.2105
    1659    1190.8748
    1660    1194.2790
    1661    1187.4608
    1662    1173.9406
    1663    1159.5995
    1664    1150.8460
    1665    1152.6223
    1666    1166.8402
    1667    1191.7098
    1668    1222.1635
    1669    1251.2514
    1670    1272.0996
    1671    1279.8675
    1672    1273.1200
    1673    1254.1734
    1674    1228.2588
    1675    1201.7775
    1676    1180.2590
    1677    1166.7036
    1678    1160.8171
    1679    1159.3548
    1680    1157.4554
    1681    1150.5402
    1682    1136.1306
    1683    1114.9343
    1684    1090.7527
    1685    1069.2252
    1686    1055.9751
    1687    1054.9603
    1688    1067.5244
    1689    1092.1998
    1690    1125.1347
    1691    1161.0232
    1692    1194.3667
    1693    1220.7557
    1694    1237.8244
    1695    1245.6119
    1696    1246.2369
    1697    1243.0164
    1698    1239.3094
    1699    1237.4500
    1700    1238.1319
    1701    1240.4387
    1702    1242.4733
    1703    1242.2689
    1704    1238.5807
    1705    1231.2478
    1706    1221.0538
    1707    1209.2365
    1708    1196.9415
    1709    1184.8590
    1710    1173.1456
    1711    1161.6039
    1712    1150.0042
    1713    1138.4218
    1714    1127.4574
    1715    1118.2442
    1716    1112.2290
    1717    1110.7929
    1718    1114.8399
    1719    1124.4593
    1720    1138.7465
    1721    1155.8615
    1722    1173.4012
    1723    1189.0163
    1724    1200.9953
    1725    1208.5437
    1726    1211.6729
    1727    1210.8318
    1728    1206.5065
    1729    1198.9873
    1730    1188.3558
    1731    1174.6263
    1732    1157.9309
    1733    1138.7147
    1734    1117.9360
    1735    1097.2130
    1736    1078.7994
    1737    1065.3164
    1738    1059.2820
    1739    1062.5525
    1740    1075.8038
    1741    1098.1675
    1742    1127.1382
    1743    1158.8433
    1744    1188.6980
    1745    1212.3517
    1746    1226.7148
    1747    1230.7610
    1748    1225.8216
    1749    1215.2035
    1750    1203.1720
    1751    1193.5532
    1752    1188.4201
    1753    1187.3871
    1754    1187.8301
    1755    1185.9392
    1756    1178.1975
    1757    1162.8195
    1758    1140.7394
    1759    1115.7952
    1760    1093.9129
    1761    1081.3979
    1762    1082.8080
    1763    1099.1210
    1764    1126.9046
    1765    1158.9173
    1766    1186.0803
    1767    1200.2718
    1768    1197.0294
    1769    1177.2104
    1770    1146.9450
    1771    1115.7976
    1772    1093.6950
    1773    1087.6259
    1774    1099.2099
    1775    1123.9688
    1776    1152.6309
    1777    1174.1624
    1778    1179.5959
    1779    1165.3272
    1780    1134.6430
    1781    1096.8375
    1782    1064.1623
    1783    1047.6521
    1784    1053.2737
    1785    1079.7509
    1786    1118.8574
    1787    1158.1333
    1788    1185.1473
    1789    1191.8608
    1790    1177.5719
    1791    1149.3534
    1792    1119.7360
    1793    1102.3553
    1794    1107.0309
    1795    1136.0508
    1796    1183.1285
    1797    1235.5229
    1798    1278.4674
    1799    1300.1350
    1800    1295.3370
    1801    1266.8224
    1802    1223.8981
    1803    1178.9461
    1804    1143.0815
    1805    1122.4705
    1806    1116.5695
    1807    1118.8622
    1808    1119.7561
    1809    1110.5127
    1810    1086.7475
    1811    1050.2443
    1812    1008.5077
    1813     972.2970
    1814     952.0393
    1815     954.3539
    1816     979.8433
    1817    1022.9070
    1818    1073.6697
    1819    1121.3357
    1820    1157.6863
    1821    1179.3717
    1822    1188.2206
    1823    1189.6604
    1824    1190.0232
    1825    1193.8285
    1826    1202.0479
    1827    1211.9203
    1828    1218.3171
    1829    1216.0521
    1830    1202.1822
    1831    1177.3937
    1832    1145.9981
    1833    1114.6082
    1834    1090.0322
    1835    1077.1208
    1836    1077.2606
    1837    1088.0262
    1838    1104.2527
    1839    1120.1980
    1840    1131.7955
    1841    1137.9399
    1842    1140.3113
    1843    1141.9476
    1844    1145.2864
    1845    1150.7408
    1846    1156.5957
    1847    1160.1094
    1848    1159.0233
    1849    1152.6912
    1850    1142.4027
    1851    1130.8349
    1852    1120.8969
    1853    1114.4669
    1854    1111.5991
    1855    1110.5788
    1856    1108.8193
    1857    1104.2020
    1858    1096.2441
    1859    1086.5788
    1860    1078.5243
    1861    1075.8630
    1862    1081.2340
    1863    1094.7367
    1864    1113.3696
    1865    1131.6698
    1866    1143.4416
    1867    1143.9901
    1868    1132.0292
    1869    1110.4931
    1870    1085.8713
    1871    1066.2251
    1872    1058.5414
    1873    1066.3559
    1874    1088.4947
    1875    1119.3756
    1876    1150.7898
    1877    1174.6385
    1878    1185.7385
    1879    1183.5943
    1880    1172.3798
    1881    1159.1841
    1882    1151.3093
    1883    1153.6511
    1884    1167.0348
    1885    1188.0302
    1886    1210.2799
    1887    1226.8443
    1888    1232.6804
    1889    1226.3401
    1890    1210.2850
    1891    1189.7661
    1892    1170.7510
    1893    1157.7065
    1894    1152.0729
    1895    1151.9759
    1896    1153.2384
    1897    1151.2566
    1898    1142.9712
    1899    1128.1513
    1900    1109.5178
    1901    1091.7120
    1902    1079.5823
    1903    1076.4815
    1904    1083.2159
    1905    1097.9793
    1906    1117.2155
    1907    1136.9901
    1908    1154.3002
    1909    1167.8263
    1910    1177.9201
    1911    1185.9494
    1912    1193.3203
    1913    1200.5640
    1914    1206.8120
    1915    1209.8831
    1916    1207.0172
    1917    1196.0116
    1918    1176.2995
    1919    1149.4886
    1920    1119.1290
    1921    1089.7739
    1922    1065.6432
    1923    1049.2926
    1924    1040.7209
    1925    1037.3487
    1926    1035.1146
    1927    1030.3836
    1928    1021.7628
    1929    1010.8986
    1930    1001.8808
    1931     999.5598
    1932    1007.4692
    1933    1026.1661
    1934    1052.6054
    1935    1080.8204
    1936    1103.7193
    1937    1115.4119
    1938    1113.2534
    1939    1098.8525
    1940    1077.6508
    1941    1057.1711
    1942    1044.5381
    1943    1044.1476
    1944    1056.3271
    1945    1077.4373
    1946    1101.3052
    1947    1121.3544
    1948    1132.6218
    1949    1133.0444
    1950    1123.7996
    1951    1108.7534
    1952    1093.2059
    1953    1082.2253
    1954    1079.0179
    1955    1083.8559
    1956    1093.9315
    1957    1104.2286
    1958    1109.1450
    1959    1104.3573
    1960    1088.3206
    1961    1062.8973
    1962    1032.9162
    1963    1004.8058
    1964     984.7369
    1965     976.8392
    1966     982.0288
    1967     997.8107
    1968    1019.1126
    1969    1039.8908
    1970    1054.9809
    1971    1061.6174
    1972    1060.1873
    1973    1054.0444
    1974    1048.4711
    1975    1049.1165
    1976    1060.3515
    1977    1083.9965
    1978    1118.7325
    1979    1160.3107
    1980    1202.4751
    1981    1238.3723
    1982    1262.1471
    1983    1270.3591
    1984    1262.8493
    1985    1242.7412
    1986    1215.5045
    1987    1187.2926
    1988    1163.0489
    1989    1145.0087
    1990    1132.1287
    1991    1120.6837
    1992    1105.8585
    1993    1083.8165
    1994    1053.5367
    1995    1017.7775
    1996     982.7777
    1997     956.7036
    1998     947.2662
    1999     959.2397
    2000     992.6931
