#Frame              T
       1    1085.3385
       2    1119.2567
       3     966.6807
       4    1061.8896
       5     996.5606
       6    1035.6549
       7     995.3890
       8     858.2527
       9     881.1935
      10     974.0505
      11     956.4743
      12     981.1558
      13    1033.3342
      14     940.6174
      15     811.3596
      16     962.3926
      17     950.4765
      18     892.4765
      19     855.8252
      20     962.5012
      21     862.7219
      22     817.7974
      23     882.3743
      24     871.1376
      25     912.0114
      26     723.2694
      27     822.0147
      28     853.6070
      29     824.0216
      30     791.8003
      31     800.6533
      32     786.0562
      33     778.5974
      34     830.6443
      35     782.1299
      36     799.4871
      37     796.8387
      38     903.1082
      39     823.5334
      40     750.6401
      41     835.3777
      42     719.2322
      43     822.3507
      44     714.0964
      45     674.2609
      46     685.7565
      47     699.4525
      48     696.0050
      49     715.5225
      50     705.3887
      51     696.8690
      52     770.2208
      53     723.4081
      54     649.2392
      55     666.4208
      56     756.7896
      57     712.5262
      58     764.2529
      59     725.3188
      60     674.6587
      61     754.5526
      62     677.8686
      63     691.7728
      64     696.3334
      65     599.4506
      66     663.6667
      67     655.8886
      68     688.4419
      69     615.5284
      70     701.6635
      71     652.7462
      72     732.4542
      73     728.5501
      74     659.5801
      75     611.7239
      76     696.9802
      77     669.4054
      78     708.9775
      79     599.9855
      80     642.9916
      81     598.0194
      82     630.0599
      83     607.5208
      84     612.9646
      85     655.3750
      86     619.9074
      87     660.1439
      88     666.9564
      89     640.6955
      90     622.0615
      91     698.6233
      92     599.3997
      93     571.7947
      94     566.1857
      95     576.0844
      96     682.2473
      97     593.1012
      98     628.3928
      99     568.8879
     100     700.3809
     101     587.7597
     102     635.2224
     103     587.0679
     104     603.0399
     105     641.5981
     106     567.6752
     107     615.0049
     108     542.8546
     109     577.6272
     110     533.9831
     111     570.2754
     112     526.2334
     113     520.6420
     114     586.2815
     115     554.5033
     116     611.6104
     117     576.1349
     118     588.1127
     119     592.2243
     120     589.7794
     121     616.9757
     122     608.1453
     123     582.1031
     124     510.1174
     125     532.6509
     126     554.1013
     127     602.5892
     128     614.6230
     129     619.4280
     130     599.9069
     131     562.5976
     132     537.2420
     133     557.2977
     134     563.8438
     135     542.3474
     136     536.4849
     137     550.1221
     138     568.3661
     139     553.0076
     140     516.1658
     141     535.8900
     142     501.5120
     143     518.9029
     144     560.6099
     145     542.9998
     146     556.6945
     147     540.9451
     148     520.0431
     149     528.5415
     150     562.1351
     151     520.2567
     152     548.7184
     153     513.3623
     154     531.7936
     155     476.0372
     156     482.0828
     157     494.8783
     158     510.6453
     159     528.5026
     160     545.2985
     161     496.3421
     162     503.3803
     163     480.5464
     164     530.7412
     165     523.7715
     166     482.1140
     167     493.2875
     168     467.7410
     169     452.1115
     170     468.3506
     171     503.9748
     172     497.4193
     173     488.4118
     174     489.7371
     175     487.2258
     176     513.3542
     177     498.9432
     178     501.0454
     179     517.3747
     180     524.9734
     181     480.0720
     182     503.7003
     183     448.7703
     184     513.1275
     185     497.0545
     186     486.3046
     187     490.7654
     188     468.8214
     189     422.2642
     190     430.2759
     191     469.9968
     192     464.8754
     193     497.7974
     194     478.7293
     195     490.6589
     196     473.8378
     197     471.4721
     198     473.9909
     199     475.4373
     200     469.8010
     201     503.5170
     202     436.4410
     203     459.8844
     204     492.8433
     205     480.0551
     206     455.3518
     207     437.2220
     208     452.3848
     209     437.8183
     210     464.0591
     211     427.0264
     212     450.1978
     213     438.0244
     214     457.0668
     215     431.5391
     216     468.7140
     217     462.4495
     218     470.3637
     219     447.3408
     220     395.9519
     221     427.2546
     222     401.6777
     223     374.2963
     224     402.5410
     225     437.5655
     226     399.3132
     227     398.8307
     228     379.7456
     229     426.4235
     230     440.6022
     231     393.1763
     232     387.1555
     233     432.1001
     234     405.0727
     235     442.1801
     236     430.7876
     237     397.7865
     238     420.7570
     239     421.6344
     240     394.0677
     241     425.9600
     242     406.5124
     243     422.4242
     244     395.7654
     245     393.5005
     246     393.2349
     247     406.1664
     248     450.2569
     249     428.4780
     250     441.1994
     251     430.2447
     252     439.4546
     253     421.3151
     254     401.9051
     255     428.3207
     256     403.8577
     257     411.8225
     258     415.8700
     259     423.7074
     260     407.7110
     261     438.8070
     262     380.2771
     263     406.2947
     264     432.2191
     265     444.0268
     266     414.1972
     267     361.5806
     268     431.0951
     269     414.5885
     270     397.8912
     271     400.5891
     272     418.1335
     273     394.5439
     274     387.2897
     275     356.9827
     276     355.1445
     277     389.8132
     278     373.2095
     279     373.4180
     280     396.8081
     281     383.5923
     282     401.0181
     283     390.2017
     284     380.0318
     285     409.8127
     286     384.8534
     287     394.9733
     288     409.0267
     289     437.9434
     290     404.3335
     291     384.4147
     292     349.8390
     293     375.0886
     294     376.6154
     295     370.0261
     296     382.6571
     297     393.7816
     298     376.9852
     299     414.2607
     300     402.8046
     301     350.1424
     302     347.5465
     303     390.0273
     304     378.2759
     305     369.4337
     306     377.8558
     307     393.9953
     308     375.8605
     309     367.6546
     310     378.4867
     311     381.5632
     312     390.6572
     313     375.8771
     314     386.7987
     315     389.9388
     316     375.4588
     317     390.6587
     318     386.9183
     319     409.3647
     320     402.5074
     321     378.7262
     322     370.7512
     323     362.6175
     324     357.3777
     325     347.3983
     326     358.5936
     327     351.8289
     328     397.0260
     329     410.5612
     330     348.1691
     331     363.7940
     332     355.2141
     333     373.7100
     334     363.6412
     335     382.2388
     336     369.7380
     337     369.8764
     338     391.3776
     339     357.2617
     340     351.8125
     341     336.7894
     342     359.2820
     343     366.7560
     344     378.4993
     345     364.8750
     346     335.1268
     347     371.3080
     348     356.7025
     349     351.9536
     350     350.1828
     351     352.5321
     352     355.0240
     353     319.2864
     354     356.9433
     355     346.4380
     356     363.9232
     357     345.5867
     358     353.5864
     359     355.0820
     360     352.8150
     361     335.5088
     362     389.1122
     363     359.4650
     364     361.2116
     365     333.0173
     366     353.5992
     367     337.4730
     368     324.3582
     369     351.1157
     370     343.7479
     371     369.4670
     372     339.5585
     373     351.5258
     374     351.6722
     375     373.0510
     376     335.4497
     377     376.8763
     378     396.9261
     379     314.3465
     380     351.7967
     381     349.2353
     382     369.7436
     383     353.2736
     384     329.4482
     385     354.0510
     386     372.8566
     387     419.0172
     388     381.4467
     389     377.3928
     390     354.9234
     391     363.0378
     392     341.0892
     393     370.9478
     394     369.7759
     395     363.2639
     396     385.2467
     397     389.5482
     398     361.6550
     399     341.3607
     400     321.3940
