#Frame              T
       1    2970.8734
       2    2822.2498
       3    2591.7358
       4    2332.4688
       5    2096.5583
       6    1920.4744
       7    1816.8913
       8    1774.8571
       9    1767.2654
      10    1762.4447
      11    1735.7664
      12    1677.6383
      13    1595.7815
      14    1511.6483
      15    1452.6383
      16    1442.7812
      17    1494.6319
      18    1604.5257
      19    1752.3858
      20    1906.1204
      21    2029.5128
      22    2091.6469
      23    2075.4900
      24    1983.2126
      25    1836.4009
      26    1670.6511
      27    1525.8474
      28    1434.9314
      29    1414.6295
      30    1461.1993
      31    1552.7763
      32    1657.5308
      33    1744.5895
      34    1793.7195
      35    1800.5386
      36    1775.9426
      37    1740.6036
      38    1716.8773
      39    1720.9688
      40    1757.7781
      41    1819.8206
      42    1890.2139
      43    1948.4105
      44    1976.5001
      45    1964.0045
      46    1909.9626
      47    1822.2912
      48    1715.2611
      49    1606.1517
      50    1511.8849
      51    1446.0709
      52    1416.7084
      53    1424.7377
      54    1463.6606
      55    1520.4714
      56    1578.0884
      57    1619.2637
      58    1631.3752
      59    1610.8113
      60    1565.2664
      61    1512.5957
      62    1475.9251
      63    1476.1398
      64    1524.1115
      65    1615.5305
      66    1730.6278
      67    1839.4471
      68    1911.2412
      69    1924.8958
      70    1876.7049
      71    1782.5321
      72    1673.1811
      73    1584.2603
      74    1544.0235
      75    1563.5763
      76    1632.9285
      77    1724.2484
      78    1801.2578
      79    1831.6995
      80    1798.5938
      81    1706.2053
      82    1578.6269
      83    1451.6990
      84    1361.2676
      85    1331.7962
      86    1368.9680
      87    1458.4525
      88    1570.9272
      89    1671.4529
      90    1730.0237
      91    1729.9962
      92    1672.1178
      93    1573.5077
      94    1462.5765
      95    1371.7795
      96    1329.2564
      97    1348.6890
      98    1421.2280
      99    1518.8586
     100    1606.9591
     101    1656.0621
     102    1650.0184
     103    1590.4689
     104    1496.4351
     105    1398.5948
     106    1329.6476
     107    1313.7121
     108    1358.1951
     109    1450.9144
     110    1563.6197
     111    1660.9251
     112    1711.8098
     113    1699.8773
     114    1628.8892
     115    1521.6370
     116    1412.4931
     117    1336.1186
     118    1316.1871
     119    1357.9954
     120    1447.4388
     121    1556.5237
     122    1653.1941
     123    1711.8734
     124    1721.0850
     125    1685.7961
     126    1624.1258
     127    1560.0846
     128    1515.2257
     129    1502.0707
     130    1521.1578
     131    1562.1349
     132    1608.0427
     133    1641.0589
     134    1647.8282
     135    1623.0543
     136    1570.7849
     137    1503.3057
     138    1437.7119
     139    1390.8255
     140    1374.4176
     141    1392.6518
     142    1441.7183
     143    1510.7362
     144    1583.7449
     145    1643.0219
     146    1673.4521
     147    1666.9283
     148    1625.3119
     149    1560.6154
     150    1491.9038
     151    1439.6213
     152    1419.1124
     153    1435.5423
     154    1482.0119
     155    1541.5953
     156    1592.7548
     157    1616.4784
     158    1602.7716
     159    1554.1748
     160    1484.9585
     161    1416.2723
     162    1369.0474
     163    1357.2023
     164    1383.4307
     165    1438.7865
     166    1505.9251
     167    1564.7134
     168    1598.3136
     169    1597.8916
     170    1564.6677
     171    1508.9510
     172    1446.7094
     173    1394.8432
     174    1366.5812
     175    1368.2457
     176    1398.0561
     177    1446.9285
     178    1500.8269
     179    1544.1688
     180    1563.7481
     181    1552.4389
     182    1511.6884
     183    1451.8136
     184    1389.5948
     185    1343.5411
     186    1328.1329
     187    1348.9366
     188    1400.3478
     189    1466.9502
     190    1528.3068
     191    1565.7886
     192    1569.0890
     193    1539.8471
     194    1490.8467
     195    1441.3567
     196    1410.5278
     197    1410.8626
     198    1443.7307
     199    1498.7179
     200    1557.3295
     201    1599.7418
     202    1612.0079
     203    1590.9770
     204    1545.1217
     205    1491.0846
     206    1447.3598
     207    1427.6401
     208    1436.4094
     209    1468.3154
     210    1511.1587
     211    1550.9098
     212    1576.6233
     213    1583.4954
     214    1573.2506
     215    1552.1040
     216    1527.4191
     217    1504.5740
     218    1485.3218
     219    1468.1108
     220    1449.9107
     221    1428.4267
     222    1403.4856
     223    1376.9002
     224    1351.1127
     225    1327.7868
     226    1307.4432
     227    1290.2404
     228    1277.0951
     229    1270.2584
     230    1272.9136
     231    1287.9182
     232    1316.2057
     233    1355.6065
     234    1400.7780
     235    1444.5451
     236    1480.2674
     237    1504.2739
     238    1517.2344
     239    1523.7403
     240    1530.1277
     241    1541.3905
     242    1558.5052
     243    1577.3679
     244    1589.9224
     245    1587.1613
     246    1562.9280
     247    1517.0393
     248    1456.3580
     249    1393.1419
     250    1341.1615
     251    1311.1260
     252    1307.2874
     253    1326.4833
     254    1359.7828
     255    1395.9238
     256    1425.3020
     257    1443.1626
     258    1450.7581
     259    1453.9570
     260    1460.0315
     261    1474.2493
     262    1497.8206
     263    1527.8068
     264    1558.5319
     265    1583.5336
     266    1597.2386
     267    1595.9859
     268    1578.4399
     269    1545.6559
     270    1501.0462
     271    1450.3003
     272    1401.0419
     273    1361.8365
     274    1340.3061
     275    1340.7504
     276    1362.3320
     277    1398.8733
     278    1440.4691
     279    1476.3517
     280    1498.1707
     281    1502.7543
     282    1493.3922
     283    1478.9511
     284    1470.8086
     285    1478.4517
     286    1505.2872
     287    1546.3907
     288    1589.3636
     289    1618.2632
     290    1619.2879
     291    1586.1152
     292    1522.8318
     293    1443.2606
     294    1366.7984
     295    1312.2090
     296    1291.5921
     297    1306.6776
     298    1348.7275
     299    1402.0267
     300    1449.5879
     301    1478.8875
     302    1485.5557
     303    1473.8576
     304    1454.1152
     305    1438.3403
     306    1435.8130
     307    1450.0690
     308    1478.0178
     309    1511.2228
     310    1538.8380
     311    1551.1711
     312    1542.5888
     313    1512.8682
     314    1466.8617
     315    1412.9501
     316    1360.9399
     317    1319.9491
     318    1296.6090
     319    1293.7978
     320    1310.0781
     321    1339.9708
     322    1375.0953
     323    1406.0900
     324    1425.0267
     325    1427.7763
     326    1415.5672
     327    1395.0151
     328    1376.3186
     329    1369.9714
     330    1382.9931
     331    1416.0547
     332    1462.7244
     333    1511.3725
     334    1549.2221
     335    1567.0289
     336    1562.4044
     337    1540.3238
     338    1510.8645
     339    1485.3966
     340    1472.5000
     341    1474.7830
     342    1487.8751
     343    1502.2055
     344    1506.8505
     345    1493.8020
     346    1460.9613
     347    1412.8478
     348    1358.9770
     349    1310.7089
     350    1277.8063
     351    1265.8743
     352    1275.3516
     353    1302.0789
     354    1338.9666
     355    1378.0655
     356    1412.3850
     357    1437.0221
     358    1449.5061
     359    1449.6323
     360    1439.2380
     361    1422.1526
     362    1404.0229
     363    1391.4186
     364    1390.0059
     365    1402.2881
     366    1425.9496
     367    1453.8171
     368    1475.8686
     369    1482.8375
     370    1470.1183
     371    1440.3164
     372    1403.1361
     373    1372.2976
     374    1360.4455
     375    1374.0266
     376    1410.3798
     377    1458.5105
     378    1503.4134
     379    1531.9481
     380    1537.2958
     381    1520.2550
     382    1488.1103
     383    1452.2958
     384    1424.8305
     385    1414.0364
     386    1421.4444
     387    1441.5317
     388    1464.3496
     389    1479.7054
     390    1480.9942
     391    1467.1515
     392    1442.1624
     393    1412.7029
     394    1385.2244
     395    1363.8302
     396    1349.6680
     397    1341.7128
     398    1338.2159
     399    1337.9631
     400    1340.7843
     401    1347.2310
     402    1357.7742
     403    1372.0878
     404    1388.8858
     405    1406.4336
     406    1423.4345
     407    1439.7274
     408    1456.3093
     409    1474.5765
     410    1495.1738
     411    1517.0701
     412    1537.3674
     413    1552.0041
     414    1557.1019
     415    1550.3782
     416    1531.9895
     417    1504.4417
     418    1471.6691
     419    1437.7851
     420    1406.1284
     421    1378.9824
     422    1357.8530
     423    1343.8057
     424    1337.5964
     425    1339.7802
     426    1350.8283
     427    1370.8171
     428    1398.5694
     429    1430.8718
     430    1462.5849
     431    1487.9312
     432    1502.4948
     433    1504.9546
     434    1497.6223
     435    1485.4188
     436    1473.6857
     437    1465.8251
     438    1461.8541
     439    1458.5527
     440    1451.1372
     441    1435.6902
     442    1411.2244
     443    1380.4344
     444    1348.7983
     445    1322.4660
     446    1305.9138
     447    1300.4029
     448    1303.9118
     449    1312.5117
     450    1322.4965
     451    1332.1860
     452    1342.4425
     453    1355.6432
     454    1373.7389
     455    1396.4396
     456    1420.4523
     457    1440.2819
     458    1450.4533
     459    1448.2145
     460    1435.3736
     461    1418.1879
     462    1405.1250
     463    1403.3260
     464    1415.2756
     465    1437.2346
     466    1460.3583
     467    1474.2519
     468    1471.5297
     469    1451.3763
     470    1420.4798
     471    1390.8067
     472    1375.0160
     473    1381.3012
     474    1409.8041
     475    1452.1431
     476    1494.3407
     477    1522.0239
     478    1525.8811
     479    1505.2219
     480    1468.2374
     481    1428.8596
     482    1401.5170
     483    1395.8634
     484    1413.4668
     485    1447.5363
     486    1485.5390
     487    1513.5668
     488    1520.8709
     489    1503.1228
     490    1463.4803
     491    1411.2408
     492    1358.6264
     493    1316.9719
     494    1293.7393
     495    1291.0928
     496    1305.9515
     497    1331.1655
     498    1357.4707
     499    1375.8669
     500    1380.0166
     501    1368.1634
     502    1344.0025
     503    1315.9804
     504    1294.8899
     505    1290.3144
     506    1307.1090
     507    1343.2406
     508    1389.9074
     509    1434.0809
     510    1462.7635
     511    1467.5410
     512    1447.7014
     513    1410.5736
     514    1368.8147
     515    1335.6437
     516    1319.8515
     517    1322.5357
     518    1336.9036
     519    1351.2803
     520    1354.1362
     521    1339.1025
     522    1307.9397
     523    1270.2070
     524    1239.6690
     525    1228.8429
     526    1243.9068
     527    1282.1184
     528    1332.8282
     529    1381.6351
     530    1415.8964
     531    1429.2933
     532    1423.6190
     533    1407.1560
     534    1390.4702
     535    1381.5466
     536    1382.4132
     537    1388.6760
     538    1392.0538
     539    1384.6778
     540    1363.1176
     541    1330.2535
     542    1294.2107
     543    1264.9958
     544    1250.4729
     545    1253.4830
     546    1271.2251
     547    1296.9847
     548    1323.3080
     549    1345.1740
     550    1361.7088
     551    1375.6647
     552    1391.0273
     553    1410.1197
     554    1431.8052
     555    1451.6520
     556    1463.8115
     557    1463.6477
     558    1450.0276
     559    1426.4096
     560    1400.2303
     561    1380.7077
     562    1375.6300
     563    1387.9718
     564    1413.8554
     565    1443.6797
     566    1466.2526
     567    1473.3632
     568    1462.4173
     569    1436.5134
     570    1402.6064
     571    1368.8649
     572    1342.2499
     573    1326.9389
     574    1323.7502
     575    1330.4194
     576    1342.5040
     577    1354.6965
     578    1362.3680
     579    1363.2176
     580    1358.6307
     581    1353.4354
     582    1353.1055
     583    1361.0667
     584    1378.8899
     585    1406.8215
     586    1442.6161
     587    1480.4596
     588    1511.7389
     589    1527.7005
     590    1522.8802
     591    1497.7837
     592    1459.5097
     593    1419.8106
     594    1391.1703
     595    1382.3379
     596    1395.0425
     597    1423.2220
     598    1455.1977
     599    1478.0607
     600    1482.5809
     601    1466.6815
     602    1436.0800
     603    1401.8338
     604    1375.7753
     605    1365.6608
     606    1372.0097
     607    1387.9895
     608    1402.4472
     609    1404.7594
     610    1389.3747
     611    1358.1629
     612    1319.7074
     613    1285.9335
     614    1267.4706
     615    1269.6074
     616    1290.4358
     617    1321.9109
     618    1353.3572
     619    1375.8946
     620    1385.8807
     621    1385.9716
     622    1383.4767
     623    1386.7758
     624    1401.3512
     625    1427.0891
     626    1458.0582
     627    1484.8984
     628    1498.7230
     629    1494.7059
     630    1473.8195
     631    1442.1718
     632    1408.4807
     633    1380.8955
     634    1364.4474
     635    1359.9835
     636    1364.7358
     637    1374.0231
     638    1383.2308
     639    1389.2390
     640    1390.8523
     641    1388.3241
     642    1382.5123
     643    1374.2865
     644    1364.4801
     645    1354.2010
     646    1345.0065
     647    1338.5548
     648    1335.7492
     649    1335.8609
     650    1336.2902
     651    1333.3638
     652    1324.0298
     653    1307.7590
     654    1287.6779
     655    1270.1810
     656    1262.8990
     657    1271.6872
     658    1297.8589
     659    1336.9123
     660    1379.4873
     661    1414.3519
     662    1432.3307
     663    1429.5998
     664    1409.0009
     665    1378.8195
     666    1349.5152
     667    1329.7301
     668    1323.1875
     669    1327.6986
     670    1336.5974
     671    1341.9223
     672    1337.9516
     673    1323.5952
     674    1302.6902
     675    1282.1926
     676    1269.1915
     677    1268.1365
     678    1279.4627
     679    1300.0182
     680    1324.8397
     681    1349.2922
     682    1370.5668
     683    1387.9655
     684    1402.0381
     685    1413.1539
     686    1420.3360
     687    1421.0958
     688    1412.5936
     689    1393.6328
     690    1366.2650
     691    1335.8564
     692    1309.3726
     693    1292.6856
     694    1288.1793
     695    1293.7747
     696    1303.8681
     697    1311.8685
     698    1313.2314
     699    1307.6179
     700    1299.1509
     701    1294.6237
     702    1300.4445
     703    1319.6451
     704    1350.2280
     705    1385.5531
     706    1416.6607
     707    1435.6583
     708    1438.7609
     709    1427.5801
     710    1408.0055
     711    1387.2329
     712    1370.5705
     713    1359.6941
     714    1352.9592
     715    1347.1989
     716    1339.8949
     717    1330.6625
     718    1321.4148
     719    1315.2403
     720    1314.6611
     721    1320.2051
     722    1330.0006
     723    1340.5073
     724    1347.9538
     725    1349.8511
     726    1345.9900
     727    1338.4793
     728    1330.7618
     729    1326.0479
     730    1325.9082
     731    1329.7168
     732    1335.2741
     733    1340.3001
     734    1343.9327
     735    1347.2949
     736    1352.7788
     737    1362.4509
     738    1376.4617
     739    1392.3555
     740    1405.7486
     741    1412.1687
     742    1409.2239
     743    1398.0096
     744    1382.9279
     745    1369.8471
     746    1363.4060
     747    1364.8003
     748    1371.1919
     749    1377.0403
     750    1376.7237
     751    1367.2478
     752    1349.8377
     753    1329.6921
     754    1313.9069
     755    1308.3877
     756    1315.0694
     757    1330.7042
     758    1347.8315
     759    1357.5939
     760    1353.2371
     761    1332.8302
     762    1300.0736
     763    1262.8718
     764    1230.3086
     765    1209.3305
     766    1202.5434
     767    1207.9550
     768    1220.5609
     769    1234.8452
     770    1247.0167
     771    1256.0807
     772    1263.4597
     773    1271.5760
     774    1282.3143
     775    1296.2034
     776    1312.5015
     777    1329.7924
     778    1346.5569
     779    1361.3932
     780    1372.8610
     781    1379.1839
     782    1378.1882
     783    1367.7896
     784    1347.0582
     785    1317.4727
     786    1283.6781
     787    1253.0984
     788    1234.1693
     789    1233.6386
     790    1253.9127
     791    1291.5818
     792    1337.9107
     793    1381.3629
     794    1411.4019
     795    1422.1726
     796    1414.5752
     797    1395.7790
     798    1376.2562
     799    1365.4485
     800    1367.8119
     801    1380.8950
     802    1396.3099
     803    1403.2517
     804    1393.1262
     805    1363.3885
     806    1319.0031
     807    1270.9362
     808    1232.3106
     809    1213.8046
     810    1220.1270
     811    1248.8361
     812    1291.6986
     813    1337.8012
     814    1377.1500
     815    1403.5298
     816    1415.7051
     817    1416.6497
     818    1411.3379
     819    1404.2365
     820    1397.6538
     821    1391.4705
     822    1384.0185
     823    1373.3908
     824    1358.4426
     825    1339.0828
     826    1315.9442
     827    1289.9038
     828    1261.9950
     829    1233.9355
     830    1208.9553
     831    1192.0791
     832    1188.7945
     833    1202.2472
     834    1231.2574
     835    1270.6043
     836    1312.4233
     837    1347.9320
     838    1369.6550
     839    1373.6918
     840    1361.0081
     841    1337.0455
     842    1309.7006
     843    1286.4414
     844    1271.7097
     845    1265.6633
     846    1264.7638
     847    1263.9113
     848    1259.1414
     849    1249.6787
     850    1238.4443
     851    1230.8313
     852    1232.3437
     853    1246.1964
     854    1271.9616
     855    1305.8100
     856    1342.1144
     857    1375.5919
     858    1402.9666
     859    1423.4357
     860    1437.8485
     861    1447.1506
     862    1451.0336
     863    1447.6109
     864    1434.3993
     865    1410.1348
     866    1376.3922
     867    1337.9432
     868    1301.4461
     869    1273.0116
     870    1255.8468
     871    1249.0488
     872    1248.0972
     873    1246.9208
     874    1240.7373
     875    1228.4287
     876    1213.3389
     877    1202.0171
     878    1201.3194
     879    1215.0595
     880    1241.6838
     881    1274.1037
     882    1301.9261
     883    1315.3007
     884    1308.8691
     885    1284.1785
     886    1249.4673
     887    1216.7911
     888    1197.5777
     889    1198.4420
     890    1218.9696
     891    1252.2791
     892    1287.9612
     893    1316.1018
     894    1330.7832
     895    1331.8092
     896    1324.1517
     897    1315.5359
     898    1313.2427
     899    1321.3980
     900    1339.6641
     901    1363.6096
     902    1386.3725
     903    1400.8739
     904    1401.8148
     905    1386.9434
     906    1357.4022
     907    1317.2465
     908    1272.4461
     909    1229.7137
     910    1195.3455
     911    1174.0593
     912    1167.8747
     913    1175.3250
     914    1191.4328
     915    1208.7905
     916    1219.7006
     917    1218.8140
     918    1205.3107
     919    1183.6349
     920    1162.2359
     921    1150.5719
     922    1155.4320
     923    1178.0224
     924    1213.0399
     925    1250.2169
     926    1277.8625
     927    1287.1518
     928    1275.5915
     929    1248.3016
     930    1216.4670
     931    1193.3737
     932    1189.4970
     933    1208.5966
     934    1246.4051
     935    1292.3994
     936    1333.8730
     937    1360.6307
     938    1368.4467
     939    1360.0053
     940    1343.0965
     941    1326.9687
     942    1318.4528
     943    1319.4712
     944    1326.8133
     945    1334.0349
     946    1334.5079
     947    1324.3172
     948    1303.8582
     949    1277.5906
     950    1252.1905
     951    1233.9773
     952    1226.7323
     953    1230.7481
     954    1243.3561
     955    1260.5054
     956    1278.5461
     957    1295.3912
     958    1310.6545
     959    1324.8759
     960    1338.3825
     961    1350.4372
     962    1359.1306
     963    1362.0877
     964    1357.6079
     965    1345.6326
     966    1328.0100
     967    1307.9150
     968    1288.7407
     969    1273.0344
     970    1261.9582
     971    1255.3925
     972    1252.4516
     973    1252.0519
     974    1253.2554
     975    1255.3116
     976    1257.5124
     977    1259.0846
     978    1259.3080
     979    1257.8662
     980    1255.2325
     981    1252.7915
     982    1252.4585
     983    1255.8141
     984    1263.0548
     985    1272.2498
     986    1279.4165
     987    1279.7227
     988    1269.6344
     989    1249.1187
     990    1222.6387
     991    1198.0748
     992    1183.7980
     993    1185.2001
     994    1202.3180
     995    1229.6058
     996    1257.9023
     997    1277.8331
     998    1283.4379
     999    1274.6426
    1000    1257.4187
    1001    1241.2974
    1002    1235.4165
    1003    1244.5929
    1004    1267.2821
    1005    1296.1937
    1006    1321.2961
    1007    1333.9766
    1008    1330.6600
    1009    1314.3417
    1010    1293.2938
    1011    1277.4456
    1012    1274.0383
    1013    1284.5233
    1014    1304.0733
    1015    1323.8416
    1016    1334.8605
    1017    1331.8270
    1018    1315.1799
    1019    1290.6988
    1020    1266.9147
    1021    1251.5311
    1022    1248.3968
    1023    1256.2487
    1024    1269.6295
    1025    1281.4535
    1026    1286.0439
    1027    1281.3475
    1028    1269.4780
    1029    1255.4674
    1030    1244.8749
    1031    1241.3210
    1032    1244.9907
    1033    1252.7097
    1034    1259.5474
    1035    1261.2565
    1036    1256.3572
    1037    1246.5347
    1038    1235.0313
    1039    1224.6128
    1040    1216.8227
    1041    1212.1501
    1042    1210.1690
    1043    1209.7021
    1044    1209.2815
    1045    1207.7487
    1046    1204.6518
    1047    1200.2953
    1048    1195.5420
    1049    1191.5631
    1050    1189.6386
    1051    1190.9720
    1052    1196.4668
    1053    1206.4428
    1054    1220.3564
    1055    1236.6224
    1056    1252.7065
    1057    1265.6105
    1058    1272.7419
    1059    1272.9343
    1060    1267.1698
    1061    1258.5407
    1062    1251.2645
    1063    1249.0182
    1064    1253.2423
    1065    1262.1839
    1066    1271.2254
    1067    1274.5471
    1068    1267.5382
    1069    1248.9725
    1070    1221.9638
    1071    1193.1915
    1072    1170.6159
    1073    1160.5615
    1074    1165.3585
    1075    1182.5138
    1076    1205.7827
    1077    1227.7257
    1078    1242.7071
    1079    1249.0782
    1080    1249.5958
    1081    1249.8855
    1082    1255.6140
    1083    1269.6304
    1084    1290.3902
    1085    1312.4084
    1086    1328.5458
    1087    1333.0725
    1088    1324.0911
    1089    1304.2351
    1090    1279.3554
    1091    1255.8385
    1092    1237.8559
    1093    1225.8509
    1094    1216.9754
    1095    1207.1911
    1096    1193.9190
    1097    1177.8564
    1098    1163.0872
    1099    1155.5067
    1100    1160.2930
    1101    1179.4221
    1102    1210.2699
    1103    1246.0622
    1104    1278.1932
    1105    1299.4815
    1106    1306.9273
    1107    1302.7486
    1108    1293.2488
    1109    1285.9929
    1110    1286.4622
    1111    1295.5786
    1112    1309.1617
    1113    1319.5841
    1114    1318.9536
    1115    1302.4687
    1116    1270.5636
    1117    1229.0078
    1118    1186.9741
    1119    1153.8464
    1120    1135.9868
    1121    1134.7403
    1122    1146.5155
    1123    1164.8551
    1124    1183.4211
    1125    1198.5224
    1126    1210.1599
    1127    1221.3146
    1128    1235.9473
    1129    1256.7052
    1130    1283.3381
    1131    1312.4277
    1132    1338.4424
    1133    1355.6385
    1134    1360.0299
    1135    1350.6570
    1136    1329.7144
    1137    1301.6091
    1138    1271.4472
    1139    1243.5935
    1140    1220.7723
    1141    1203.8486
    1142    1192.1641
    1143    1184.1837
    1144    1178.2467
    1145    1173.2535
    1146    1169.1149
    1147    1166.8260
    1148    1168.1193
    1149    1174.8061
    1150    1187.9699
    1151    1207.2073
    1152    1230.1655
    1153    1252.6234
    1154    1269.2623
    1155    1275.0273
    1156    1266.7655
    1157    1244.6220
    1158    1212.6338
    1159    1178.1292
    1160    1149.8772
    1161    1135.4093
    1162    1138.3761
    1163    1156.9921
    1164    1184.3666
    1165    1210.8383
    1166    1227.5819
    1167    1230.0937
    1168    1220.0913
    1169    1204.9004
    1170    1194.4639
    1171    1197.1581
    1172    1216.1700
    1173    1247.9656
    1174    1283.4830
    1175    1311.5562
    1176    1323.1940
    1177    1315.0209
    1178    1290.5400
    1179    1258.7500
    1180    1230.6947
    1181    1215.3333
    1182    1216.3550
    1183    1231.1474
    1184    1252.2208
    1185    1270.3936
    1186    1278.3541
    1187    1273.1571
    1188    1256.7616
    1189    1234.6420
    1190    1213.3049
    1191    1197.8644
    1192    1190.6069
    1193    1190.8801
    1194    1196.0568
    1195    1202.9696
    1196    1209.1416
    1197    1213.3356
    1198    1215.2882
    1199    1214.9630
    1200    1212.0002
    1201    1205.9246
    1202    1197.0468
    1203    1187.3645
    1204    1180.6866
    1205    1181.6576
    1206    1193.9498
    1207    1218.3675
    1208    1251.7721
    1209    1287.4936
    1210    1317.2832
    1211    1334.1653
    1212    1335.0438
    1213    1321.9099
    1214    1301.0598
    1215    1280.6231
    1216    1267.4254
    1217    1264.4267
    1218    1269.6984
    1219    1277.3032
    1220    1279.6976
    1221    1270.7172
    1222    1247.9861
    1223    1213.8177
    1224    1174.2859
    1225    1136.9102
    1226    1107.9736
    1227    1090.5698
    1228    1084.0703
    1229    1085.0416
    1230    1089.0540
    1231    1092.5149
    1232    1093.7925
    1233    1093.3043
    1234    1092.7402
    1235    1093.9423
    1236    1098.0133
    1237    1105.0262
    1238    1114.3495
    1239    1125.2776
    1240    1137.5355
    1241    1151.3422
    1242    1166.9935
    1243    1184.2082
    1244    1201.6624
    1245    1217.1124
    1246    1228.2202
    1247    1233.7333
    1248    1234.3748
    1249    1232.8806
    1250    1233.0396
    1251    1238.0906
    1252    1249.1872
    1253    1264.6353
    1254    1280.2942
    1255    1291.0396
    1256    1292.7312
    1257    1283.8826
    1258    1266.3062
    1259    1244.3893
    1260    1223.2804
    1261    1206.8390
    1262    1196.3596
    1263    1190.6579
    1264    1187.2912
    1265    1184.1093
    1266    1180.2968
    1267    1176.4683
    1268    1173.9028
    1269    1173.4249
    1270    1174.5798
    1271    1175.5968
    1272    1174.2382
    1273    1169.1512
    1274    1161.0434
    1275    1153.0067
    1276    1149.6534
    1277    1155.2826
    1278    1171.8036
    1279    1197.3685
    1280    1226.4690
    1281    1251.6594
    1282    1266.3252
    1283    1267.3738
    1284    1256.6776
    1285    1240.5771
    1286    1227.5323
    1287    1224.7898
    1288    1235.3797
    1289    1256.6769
    1290    1281.1356
    1291    1298.9401
    1292    1301.5516
    1293    1284.7780
    1294    1250.2109
    1295    1204.5370
    1296    1157.0815
    1297    1116.6159
    1298    1088.6720
    1299    1074.3095
    1300    1070.6409
    1301    1072.7099
    1302    1075.8358
    1303    1077.4407
    1304    1077.7011
    1305    1078.9477
    1306    1084.3034
    1307    1096.2852
    1308    1115.9471
    1309    1142.7163
    1310    1174.7016
    1311    1209.1236
    1312    1242.6084
    1313    1271.3428
    1314    1291.2938
    1315    1298.7551
    1316    1291.2790
    1317    1268.7678
    1318    1234.2524
    1319    1193.8589
    1320    1155.6896
    1321    1127.7530
    1322    1115.5362
    1323    1120.1061
    1324    1137.5738
    1325    1160.3223
    1326    1179.6829
    1327    1189.1274
    1328    1186.7534
    1329    1176.0508
    1330    1164.5583
    1331    1160.8415
    1332    1170.9282
    1333    1195.6174
    1334    1229.7836
    1335    1263.9915
    1336    1287.8006
    1337    1293.4679
    1338    1278.6557
    1339    1247.1878
    1340    1207.6861
    1341    1170.6975
    1342    1145.4170
    1343    1137.1558
    1344    1146.2846
    1345    1168.7822
    1346    1197.9352
    1347    1226.4503
    1348    1248.2692
    1349    1259.6649
    1350    1259.5671
    1351    1249.3205
    1352    1232.1355
    1353    1212.3515
    1354    1194.5397
    1355    1182.4976
    1356    1178.2861
    1357    1181.5673
    1358    1189.5241
    1359    1197.5317
    1360    1200.5296
    1361    1194.8091
    1362    1179.6904
    1363    1158.4047
    1364    1137.5931
    1365    1125.3142
    1366    1128.1506
    1367    1148.4857
    1368    1183.0625
    1369    1223.5188
    1370    1258.8445
    1371    1278.9472
    1372    1278.0328
    1373    1256.5313
    1374    1220.8285
    1375    1180.8772
    1376    1146.5979
    1377    1124.4696
    1378    1115.6491
    1379    1116.3497
    1380    1120.2166
    1381    1121.5658
    1382    1118.0207
    1383    1111.4521
    1384    1106.9436
    1385    1110.3503
    1386    1125.5869
    1387    1152.8174
    1388    1188.2535
    1389    1225.5203
    1390    1257.8841
    1391    1280.3338
    1392    1290.6890
    1393    1289.4445
    1394    1278.6638
    1395    1260.6324
    1396    1236.9733
    1397    1208.6003
    1398    1176.4002
    1399    1142.1517
    1400    1109.0297
    1401    1081.2583
    1402    1062.9125
    1403    1056.4023
    1404    1061.4122
    1405    1074.8917
    1406    1092.1719
    1407    1108.7096
    1408    1121.7044
    1409    1130.8839
    1410    1138.1451
    1411    1146.2620
    1412    1157.3276
    1413    1171.7217
    1414    1188.0922
    1415    1204.2912
    1416    1218.7072
    1417    1231.2234
    1418    1243.2260
    1419    1256.6276
    1420    1272.4169
    1421    1289.5341
    1422    1304.7184
    1423    1313.5124
    1424    1312.0723
    1425    1299.0144
    1426    1276.4004
    1427    1249.3138
    1428    1224.1573
    1429    1206.3882
    1430    1198.5891
    1431    1199.5609
    1432    1204.7846
    1433    1208.0753
    1434    1203.7815
    1435    1188.7064
    1436    1163.1296
    1437    1130.6669
    1438    1097.1139
    1439    1068.7764
    1440    1050.8974
    1441    1046.5854
    1442    1056.3065
    1443    1077.8244
    1444    1106.5061
    1445    1136.0087
    1446    1159.4207
    1447    1170.8145
    1448    1166.9645
    1449    1148.7524
    1450    1121.6693
    1451    1094.9296
    1452    1079.1165
    1453    1082.8787
    1454    1109.7026
    1455    1155.9747
    1456    1211.2694
    1457    1261.1349
    1458    1291.7324
    1459    1294.8344
    1460    1271.3048
    1461    1231.5120
    1462    1192.1552
    1463    1170.3399
    1464    1176.9463
    1465    1211.8997
    1466    1263.4468
    1467    1312.0062
    1468    1337.2112
    1469    1325.4412
    1470    1274.9825
    1471    1196.8969
    1472    1111.3041
    1473    1040.4802
    1474    1001.3500
    1475    1000.1261
    1476    1030.9922
    1477    1079.1256
    1478    1126.6995
    1479    1159.4428
    1480    1171.2791
    1481    1165.4795
    1482    1152.2143
    1483    1143.7511
    1484    1149.3582
    1485    1171.8963
    1486    1207.2185
    1487    1246.2700
    1488    1278.7177
    1489    1296.5263
    1490    1296.1539
    1491    1278.8126
    1492    1249.1278
    1493    1213.0950
    1494    1176.2853
    1495    1142.9085
    1496    1115.7955
    1497    1096.9066
    1498    1087.7588
    1499    1089.3083
    1500    1101.2753
    1501    1121.3532
    1502    1144.9656
    1503    1166.0417
    1504    1178.7830
    1505    1179.8225
    1506    1169.8391
    1507    1153.7688
    1508    1139.2853
    1509    1133.9764
    1510    1142.3149
    1511    1163.7066
    1512    1192.4235
    1513    1219.3321
    1514    1234.6852
    1515    1231.1789
    1516    1206.4987
    1517    1164.3987
    1518    1113.7113
    1519    1065.6323
    1520    1030.3805
    1521    1014.3897
    1522    1018.8040
    1523    1039.5600
    1524    1068.8912
    1525    1097.7623
    1526    1118.5502
    1527    1127.2436
    1528    1124.5619
    1529    1115.6875
    1530    1108.6536
    1531    1111.7482
    1532    1130.5590
    1533    1165.5059
    1534    1210.8579
    1535    1255.8865
    1536    1287.9741
    1537    1296.6732
    1538    1277.3828
    1539    1233.3802
    1540    1175.3620
    1541    1118.3956
    1542    1077.1173
    1543    1060.7824
    1544    1069.9665
    1545    1096.2529
    1546    1125.2133
    1547    1141.7448
    1548    1135.8416
    1549    1106.5600
    1550    1062.5856
    1551    1019.1862
    1552     992.7189
    1553     994.6686
    1554    1027.3546
    1555    1082.9170
    1556    1146.0035
    1557    1199.1509
    1558    1228.8310
    1559    1229.9281
    1560    1207.0370
    1561    1172.2189
    1562    1140.2037
    1563    1122.9880
    1564    1125.9035
    1565    1146.5048
    1566    1176.3902
    1567    1204.9173
    1568    1223.1988
    1569    1226.9058
    1570    1217.0938
    1571    1199.0601
    1572    1179.8574
    1573    1165.4937
    1574    1158.9610
    1575    1159.7908
    1576    1165.0073
    1577    1170.7291
    1578    1173.5826
    1579    1171.4376
    1580    1163.4547
    1581    1149.8174
    1582    1131.5965
    1583    1110.9237
    1584    1091.2333
    1585    1077.0933
    1586    1073.3333
    1587    1083.5884
    1588    1108.7658
    1589    1146.0682
    1590    1189.0760
    1591    1229.0748
    1592    1257.3880
    1593    1268.0763
    1594    1260.0826
    1595    1237.8898
    1596    1210.1595
    1597    1186.6580
    1598    1174.6270
    1599    1176.0893
    1600    1187.2204
    1601    1200.0658
    1602    1205.8891
    1603    1198.7774
    1604    1178.0487
    1605    1148.5269
    1606    1118.6267
    1607    1097.1136
    1608    1089.9082
    1609    1098.1953
    1610    1118.4361
    1611    1144.0320
    1612    1167.8045
    1613    1184.3153
    1614    1191.2579
    1615    1189.5815
    1616    1182.5052
    1617    1173.9909
    1618    1167.3818
    1619    1164.6927
    1620    1166.5872
    1621    1172.7348
    1622    1182.1576
    1623    1193.3572
    1624    1204.3077
    1625    1212.5654
    1626    1215.7293
    1627    1212.2764
    1628    1202.5072
    1629    1189.1272
    1630    1176.9796
    1631    1171.6931
    1632    1177.5274
    1633    1195.2080
    1634    1220.7703
    1635    1246.1679
    1636    1261.6906
    1637    1259.4017
    1638    1236.2945
    1639    1195.8745
    1640    1147.4115
    1641    1102.9829
    1642    1073.3351
    1643    1064.1363
    1644    1074.1037
    1645    1095.7557
    1646    1118.4853
    1647    1132.7041
    1648    1133.3801
    1649    1121.6158
    1650    1103.8169
    1651    1088.9877
    1652    1085.3150
    1653    1097.3048
    1654    1124.4065
    1655    1161.4683
    1656    1200.6669
    1657    1234.0582
    1658    1255.8087
    1659    1263.4630
    1660    1258.0643
    1661    1243.3353
    1662    1224.3465
    1663    1206.1047
    1664    1192.4104
    1665    1185.1443
    1666    1184.0112
    1667    1186.7117
    1668    1189.5320
    1669    1188.3335
    1670    1179.8015
    1671    1162.6777
    1672    1138.5811
    1673    1112.0741
    1674    1089.7740
    1675    1078.5749
    1676    1083.3831
    1677    1105.1002
    1678    1139.7109
    1679    1179.0448
    1680    1213.1665
    1681    1233.6322
    1682    1236.4109
    1683    1223.2791
    1684    1201.0518
    1685    1178.8787
    1686    1164.6550
    1687    1161.9970
    1688    1169.0347
    1689    1179.4594
    1690    1185.2678
    1691    1180.0310
    1692    1161.5481
    1693    1133.0008
    1694    1102.0157
    1695    1077.8063
    1696    1067.5950
    1697    1073.9384
    1698    1094.0815
    1699    1121.4526
    1700    1148.4681
    1701    1169.3301
    1702    1181.6200
    1703    1186.1544
    1704    1185.4097
    1705    1181.4928
    1706    1174.7895
    1707    1163.9841
    1708    1147.3789
    1709    1124.7431
    1710    1098.5957
    1711    1074.1095
    1712    1057.4833
    1713    1053.4346
    1714    1062.9744
    1715    1082.5978
    1716    1105.4140
    1717    1123.8722
    1718    1132.9810
    1719    1132.6059
    1720    1127.7300
    1721    1126.3951
    1722    1136.0955
    1723    1160.1395
    1724    1195.5830
    1725    1233.7023
    1726    1262.9213
    1727    1273.0828
    1728    1259.3900
    1729    1224.4584
    1730    1177.6441
    1731    1131.8976
    1732    1099.3778
    1733    1087.5079
    1734    1096.9109
    1735    1121.8461
    1736    1152.7916
    1737    1180.0376
    1738    1196.9169
    1739    1201.5754
    1740    1196.8402
    1741    1188.4717
    1742    1182.6218
    1743    1183.4935
    1744    1192.0003
    1745    1205.7258
    1746    1219.9770
    1747    1229.3736
    1748    1229.3671
    1749    1217.3294
    1750    1193.1084
    1751    1159.1016
    1752    1119.9012
    1753    1081.5500
    1754    1050.4423
    1755    1031.9835
    1756    1029.2377
    1757    1041.9203
    1758    1066.1551
    1759    1095.3047
    1760    1121.8429
    1761    1139.7780
    1762    1146.7673
    1763    1145.0590
    1764    1140.7612
    1765    1141.5662
    1766    1153.6791
    1767    1179.0883
    1768    1214.2982
    1769    1251.1489
    1770    1279.5357
    1771    1291.0487
    1772    1282.1360
    1773    1255.5671
    1774    1219.6099
    1775    1185.1348
    1776    1161.6187
    1777    1153.5773
    1778    1158.9407
    1779    1170.1145
    1780    1177.3964
    1781    1173.2866
    1782    1155.5628
    1783    1127.6861
    1784    1096.7354
    1785    1070.2039
    1786    1053.2050
    1787    1047.1538
    1788    1050.1911
    1789    1058.8169
    1790    1069.7663
    1791    1081.2203
    1792    1092.9267
    1793    1105.3913
    1794    1118.7354
    1795    1131.9422
    1796    1142.9762
    1797    1149.7598
    1798    1151.4734
    1799    1149.4105
    1800    1146.8007
    1801    1147.5006
    1802    1154.0667
    1803    1166.1544
    1804    1180.1592
    1805    1190.4791
    1806    1191.9626
    1807    1182.4693
    1808    1164.3048
    1809    1143.7355
    1810    1128.6343
    1811    1125.1729
    1812    1134.9959
    1813    1154.1797
    1814    1174.5452
    1815    1186.8145
    1816    1184.2757
    1817    1165.4345
    1818    1134.6017
    1819    1100.2287
    1820    1071.6949
    1821    1055.8546
    1822    1054.7492
    1823    1065.3794
    1824    1081.5249
    1825    1096.6941
    1826    1106.8144
    1827    1111.5253
    1828    1113.6700
    1829    1117.4182
    1830    1125.9836
    1831    1139.9742
    1832    1157.0452
    1833    1172.8866
    1834    1182.9864
    1835    1184.3374
    1836    1176.4019
    1837    1161.0744
    1838    1141.8276
    1839    1122.5320
    1840    1106.4485
    1841    1095.7015
    1842    1091.2625
    1843    1093.2333
    1844    1101.1294
    1845    1113.9252
    1846    1129.8720
    1847    1146.3785
    1848    1160.3117
    1849    1168.8339
    1850    1170.4914
    1851    1165.9733
    1852    1158.0472
    1853    1150.5234
    1854    1146.6063
    1855    1147.3258
    1856    1150.8159
    1857    1152.9072
    1858    1148.9099
    1859    1135.8797
    1860    1114.3221
    1861    1088.5229
    1862    1065.2992
    1863    1051.6515
    1864    1052.2390
    1865    1067.6527
    1866    1094.1629
    1867    1125.0570
    1868    1153.0383
    1869    1172.6958
    1870    1182.0365
    1871    1182.4801
    1872    1177.4350
    1873    1170.2106
    1874    1162.3214
    1875    1152.9782
    1876    1139.9415
    1877    1121.2170
    1878    1096.6740
    1879    1068.7121
    1880    1041.5980
    1881    1019.7627
    1882    1005.9113
    1883     999.9268
    1884     999.1900
    1885    1000.1993
    1886    1000.7158
    1887    1001.3492
    1888    1005.7000
    1889    1018.8574
    1890    1044.8238
    1891    1084.0021
    1892    1131.9477
    1893    1180.1158
    1894    1218.5011
    1895    1239.1785
    1896    1239.2566
    1897    1221.9342
    1898    1195.1866
    1899    1168.6542
    1900    1150.0557
    1901    1142.5638
    1902    1144.0902
    1903    1148.6249
    1904    1149.0026
    1905    1139.9495
    1906    1120.1870
    1907    1092.8017
    1908    1063.8228
    1909    1039.7304
    1910    1025.0016
    1911    1020.7017
    1912    1024.5747
    1913    1032.4034
    1914    1039.9046
    1915    1044.3173
    1916    1045.1002
    1917    1043.6280
    1918    1042.2119
    1919    1042.9417
    1920    1046.8670
    1921    1053.9166
    1922    1063.6291
    1923    1076.1577
    1924    1092.6408
    1925    1114.4461
    1926    1141.7068
    1927    1172.1186
    1928    1200.8541
    1929    1221.7800
    1930    1229.4789
    1931    1221.2096
    1932    1198.0135
    1933    1164.5125
    1934    1127.4236
    1935    1093.3157
    1936    1066.4971
    1937    1047.9215
    1938    1035.5403
    1939    1025.8351
    1940    1015.7949
    1941    1004.5329
    1942     993.9885
    1943     988.4409
    1944     992.9060
    1945    1010.9950
    1946    1043.1441
    1947    1085.9845
    1948    1133.1157
    1949    1176.9441
    1950    1210.8283
    1951    1230.6797
    1952    1235.4877
    1953    1226.7998
    1954    1207.6436
    1955    1181.4977
    1956    1151.6876
    1957    1121.2273
    1958    1092.8766
    1959    1069.1102
    1960    1051.7976
    1961    1041.6301
    1962    1037.5812
    1963    1036.8733
    1964    1035.8783
    1965    1031.8525
    1966    1024.6903
    1967    1017.6048
    1968    1016.1357
    1969    1025.7646
    1970    1049.1399
    1971    1084.1479
    1972    1123.7792
    1973    1158.0486
    1974    1177.4027
    1975    1176.3548
    1976    1155.8785
    1977    1123.4414
    1978    1090.4699
    1979    1068.1150
    1980    1062.9861
    1981    1074.6000
    1982    1095.5786
    1983    1114.4632
    1984    1120.0790
    1985    1105.9217
    1986    1072.9994
    1987    1029.8968
    1988     989.8229
    1989     965.7647
    1990     965.7362
    1991     990.0435
    1992    1031.5366
    1993    1078.5698
    1994    1119.3578
    1995    1145.9746
    1996    1156.5326
    1997    1154.8815
    1998    1148.2051
    1999    1143.6872
    2000    1145.6772
