#Frame              T
       1    1155.1260
       2    1158.8148
       3    1013.2426
       4    1064.9570
       5    1054.0812
       6    1096.6705
       7    1087.4635
       8    1098.9092
       9    1000.2635
      10     940.8015
      11     900.7378
      12    1066.5633
      13    1029.5899
      14     989.8619
      15    1004.2369
      16     941.4477
      17     978.7519
      18     958.0555
      19     935.1793
      20     814.1746
      21     978.1753
      22     948.5942
      23     961.3838
      24     927.3208
      25     828.0400
      26     968.6084
      27     840.7528
      28    1007.1979
      29     908.2422
      30     838.1540
      31     861.6949
      32     808.9963
      33     845.2379
      34     838.6372
      35     787.5492
      36     853.6272
      37     830.7522
      38     891.2078
      39     894.1089
      40     807.9841
      41     876.5783
      42     788.7667
      43     848.6688
      44     813.5950
      45     781.7540
      46     787.5835
      47     894.3339
      48     791.2557
      49     749.6524
      50     753.3221
      51     826.0776
      52     684.2628
      53     780.9082
      54     769.5126
      55     790.9230
      56     777.0712
      57     761.5063
      58     783.7828
      59     762.1508
      60     723.0011
      61     692.5997
      62     759.0355
      63     753.8054
      64     757.6461
      65     674.8498
      66     724.1647
      67     683.0477
      68     700.2429
      69     684.3571
      70     677.9627
      71     684.6329
      72     730.2376
      73     732.8042
      74     653.3509
      75     672.8080
      76     696.1889
      77     694.7025
      78     623.1421
      79     623.8880
      80     576.4809
      81     578.5640
      82     614.6043
      83     604.4772
      84     646.2304
      85     559.5416
      86     611.7747
      87     608.8228
      88     631.7993
      89     665.1743
      90     665.0559
      91     662.2599
      92     653.1097
      93     620.3564
      94     658.9848
      95     668.5941
      96     597.1658
      97     588.8799
      98     570.9445
      99     583.5412
     100     661.1654
     101     611.8928
     102     626.2698
     103     589.7487
     104     599.3923
     105     607.0581
     106     617.0255
     107     561.1668
     108     551.3460
     109     600.5764
     110     524.4484
     111     532.9043
     112     576.0393
     113     553.1010
     114     580.8680
     115     560.7945
     116     538.7015
     117     531.7587
     118     554.4360
     119     529.4029
     120     567.3791
     121     513.4049
     122     533.1073
     123     578.0035
     124     520.7237
     125     560.8736
     126     507.6800
     127     571.9739
     128     503.2181
     129     503.2137
     130     508.7424
     131     497.4279
     132     520.2581
     133     496.8231
     134     526.2786
     135     483.2041
     136     513.2857
     137     510.8882
     138     503.2112
     139     479.3066
     140     494.4129
     141     560.3522
     142     517.2679
     143     544.8929
     144     559.5470
     145     550.3736
     146     584.5165
     147     566.5499
     148     537.5850
     149     474.2222
     150     522.3449
     151     477.9701
     152     513.2349
     153     487.4620
     154     503.9050
     155     485.2157
     156     453.7004
     157     499.2049
     158     516.9905
     159     494.0221
     160     436.1071
     161     469.7981
     162     444.2543
     163     516.6587
     164     450.9601
     165     519.2114
     166     509.3744
     167     458.3950
     168     465.6311
     169     467.3909
     170     409.1215
     171     466.8155
     172     460.4480
     173     471.4842
     174     456.3758
     175     502.7130
     176     442.1181
     177     448.5829
     178     468.7974
     179     457.8071
     180     426.7960
     181     391.5477
     182     398.9963
     183     408.4200
     184     401.1824
     185     391.9991
     186     387.4444
     187     417.0394
     188     430.7397
     189     422.5966
     190     413.1055
     191     418.1035
     192     410.2564
     193     435.0782
     194     373.8835
     195     369.4319
     196     402.8865
     197     416.5482
     198     415.8915
     199     427.2801
     200     430.3866
     201     390.1420
     202     409.7182
     203     392.0894
     204     402.7499
     205     378.0400
     206     409.0272
     207     393.4110
     208     400.7900
     209     406.2006
     210     376.6579
     211     378.7128
     212     343.1613
     213     379.6887
     214     404.3230
     215     399.2845
     216     376.3195
     217     381.0331
     218     394.6386
     219     395.8970
     220     437.5782
     221     408.3422
     222     399.7258
     223     392.4195
     224     382.9778
     225     393.4101
     226     403.8581
     227     399.0762
     228     402.1698
     229     404.5529
     230     433.1161
     231     408.6803
     232     371.6953
     233     380.8618
     234     365.5011
     235     379.6656
     236     424.5800
     237     424.5869
     238     400.0716
     239     394.5613
     240     400.3982
     241     387.0223
     242     358.0665
     243     398.6829
     244     405.0037
     245     370.5531
     246     424.1365
     247     389.6459
     248     369.7571
     249     364.1500
     250     386.6028
     251     347.7339
     252     404.8017
     253     406.9221
     254     397.6185
     255     364.6234
     256     424.5961
     257     374.0228
     258     389.6468
     259     397.6654
     260     386.9009
     261     384.8010
     262     374.7433
     263     420.1145
     264     388.8884
     265     411.8644
     266     395.5459
     267     427.4618
     268     403.0892
     269     375.9239
     270     377.9970
     271     370.0083
     272     380.8225
     273     407.7636
     274     355.9839
     275     349.2840
     276     346.1446
     277     415.4286
     278     358.0191
     279     365.1025
     280     410.8041
     281     382.7286
     282     371.4146
     283     388.7922
     284     385.4979
     285     403.0443
     286     362.1099
     287     353.8400
     288     356.4874
     289     390.6530
     290     396.9472
     291     388.2684
     292     386.9806
     293     388.5497
     294     387.5350
     295     392.9014
     296     374.0024
     297     371.5930
     298     389.4990
     299     348.5302
     300     357.0538
     301     382.5242
     302     392.8956
     303     378.4095
     304     407.5296
     305     364.3325
     306     360.8734
     307     400.0064
     308     381.0549
     309     412.1764
     310     393.0390
     311     409.6879
     312     394.8856
     313     433.9289
     314     412.9140
     315     430.1689
     316     392.3047
     317     406.5453
     318     396.9028
     319     370.8442
     320     398.6602
     321     373.9069
     322     428.4622
     323     430.0996
     324     359.3633
     325     399.0833
     326     378.0488
     327     374.9938
     328     404.1836
     329     398.8238
     330     386.0968
     331     382.4195
     332     385.6108
     333     369.8718
     334     382.9496
     335     365.5992
     336     401.0461
     337     343.9865
     338     346.3968
     339     388.9859
     340     345.1958
     341     327.9287
     342     343.0806
     343     383.7410
     344     377.1497
     345     367.8798
     346     410.5354
     347     376.7288
     348     386.3866
     349     405.8469
     350     377.2923
     351     351.5471
     352     333.1246
     353     363.5529
     354     347.9744
     355     327.8616
     356     322.5840
     357     309.4426
     358     368.1119
     359     362.4427
     360     337.5954
     361     342.6949
     362     335.5657
     363     353.9613
     364     372.6823
     365     341.1245
     366     353.1217
     367     327.1587
     368     317.5791
     369     319.0422
     370     325.3621
     371     330.1955
     372     335.1147
     373     343.1130
     374     316.7684
     375     328.2564
     376     365.7786
     377     377.4561
     378     358.6626
     379     376.9173
     380     366.3662
     381     353.7642
     382     367.2896
     383     383.9559
     384     362.0693
     385     337.8714
     386     345.0329
     387     322.5376
     388     336.0801
     389     335.1168
     390     347.9770
     391     370.3050
     392     335.7289
     393     337.2463
     394     357.4496
     395     344.3788
     396     319.8608
     397     368.3319
     398     321.3557
     399     332.0235
     400     371.3744
