#Frame              T
       1    2983.4295
       2    2867.0156
       3    2674.2282
       4    2443.7074
       5    2218.6915
       6    2035.1880
       7    1912.5345
       8    1849.5909
       9    1827.8747
      10    1820.0822
      11    1800.5473
      12    1754.0872
      13    1680.7323
      14    1595.2807
      15    1522.0027
      16    1486.0660
      17    1504.3639
      18    1578.8205
      19    1694.4987
      20    1823.2037
      21    1931.4271
      22    1990.1190
      23    1983.2359
      24    1912.4635
      25    1796.7136
      26    1666.5930
      27    1555.5712
      28    1490.5408
      29    1484.5865
      30    1534.0495
      31    1620.5950
      32    1717.4597
      33    1797.7675
      34    1842.2782
      35    1844.2614
      36    1810.2330
      37    1756.6519
      38    1703.8681
      39    1669.3103
      40    1661.9980
      41    1680.0393
      42    1711.9905
      43    1741.8793
      44    1755.9338
      45    1746.6592
      46    1711.8671
      47    1654.2347
      48    1583.8218
      49    1517.1474
      50    1471.7184
      51    1460.1068
      52    1486.1612
      53    1544.0116
      54    1619.6876
      55    1694.7276
      56    1750.9004
      57    1774.9694
      58    1762.3094
      59    1718.3051
      60    1656.9656
      61    1597.0012
      62    1556.4034
      63    1547.0843
      64    1571.2095
      65    1620.4305
      66    1678.3862
      67    1725.8049
      68    1746.6704
      69    1733.5081
      70    1690.1220
      71    1630.8476
      72    1576.2918
      73    1546.5451
      74    1553.9382
      75    1598.0941
      76    1665.3801
      77    1733.0029
      78    1776.2589
      79    1776.5682
      80    1727.7837
      81    1638.7134
      82    1530.9048
      83    1432.2560
      84    1368.4540
      85    1355.0189
      86    1392.6032
      87    1467.0554
      88    1554.1381
      89    1627.3065
      90    1665.9950
      91    1661.7501
      92    1620.2691
      93    1558.7974
      94    1499.8645
      95    1463.4950
      96    1460.5392
      97    1489.3654
      98    1537.0285
      99    1584.3644
     100    1613.0311
     101    1611.8960
     102    1580.6046
     103    1529.3428
     104    1475.1354
     105    1436.0872
     106    1425.4795
     107    1447.6238
     108    1496.8210
     109    1559.6712
     110    1619.7153
     111    1662.6255
     112    1680.2268
     113    1672.2273
     114    1645.3770
     115    1610.5525
     116    1578.8656
     117    1558.1326
     118    1550.8744
     119    1554.3805
     120    1562.5913
     121    1568.9020
     122    1568.6731
     123    1560.3931
     124    1545.4552
     125    1527.4488
     126    1511.3332
     127    1502.0549
     128    1502.6736
     129    1512.9195
     130    1529.0162
     131    1544.9115
     132    1554.3775
     133    1553.1687
     134    1540.4663
     135    1519.1324
     136    1494.7181
     137    1473.6249
     138    1461.1008
     139    1459.7370
     140    1468.8720
     141    1485.0554
     142    1503.4080
     143    1519.4425
     144    1530.6593
     145    1537.2495
     146    1541.5600
     147    1546.5622
     148    1554.1052
     149    1563.8393
     150    1573.2559
     151    1578.6682
     152    1576.5987
     153    1565.0566
     154    1544.3202
     155    1516.9946
     156    1487.3072
     157    1459.8709
     158    1438.3522
     159    1424.5115
     160    1417.9457
     161    1416.5835
     162    1417.6788
     163    1418.8941
     164    1419.1054
     165    1418.8709
     166    1420.7404
     167    1428.8159
     168    1445.7516
     169    1468.9673
     170    1492.1246
     171    1509.9693
     172    1520.4646
     173    1524.2059
     174    1523.1382
     175    1519.4332
     176    1514.7792
     177    1510.1451
     178    1505.9399
     179    1502.3945
     180    1499.9102
     181    1499.1536
     182    1500.8196
     183    1505.1268
     184    1511.2892
     185    1517.2809
     186    1520.1479
     187    1516.8858
     188    1505.6362
     189    1486.7350
     190    1463.1692
     191    1440.1746
     192    1423.9575
     193    1419.8256
     194    1430.3034
     195    1454.0146
     196    1485.8947
     197    1518.6316
     198    1544.6775
     199    1558.1927
     200    1556.5029
     201    1540.7947
     202    1515.8745
     203    1488.9378
     204    1467.4526
     205    1456.5947
     206    1457.2212
     207    1465.5546
     208    1474.9218
     209    1478.6255
     210    1472.5780
     211    1456.7242
     212    1434.8994
     213    1413.3160
     214    1398.2883
     215    1394.0496
     216    1401.3921
     217    1417.4699
     218    1436.6845
     219    1452.3422
     220    1458.6553
     221    1452.4637
     222    1434.0605
     223    1406.8675
     224    1376.2070
     225    1347.6883
     226    1325.7484
     227    1312.7545
     228    1308.8303
     229    1312.3355
     230    1320.7432
     231    1331.5672
     232    1343.0226
     233    1354.2527
     234    1365.2013
     235    1376.3646
     236    1388.5126
     237    1402.2932
     238    1417.7045
     239    1433.6333
     240    1447.7398
     241    1456.8450
     242    1457.7452
     243    1448.2157
     244    1427.9757
     245    1399.3494
     246    1367.2063
     247    1337.9047
     248    1317.4902
     249    1309.8466
     250    1315.5150
     251    1331.6167
     252    1352.9210
     253    1373.6949
     254    1389.6646
     255    1399.4020
     256    1404.6277
     257    1409.3174
     258    1417.9178
     259    1433.3407
     260    1455.4950
     261    1480.9621
     262    1503.9842
     263    1518.4403
     264    1520.0830
     265    1508.1847
     266    1485.9681
     267    1459.6546
     268    1436.4311
     269    1422.0331
     270    1418.7848
     271    1424.8870
     272    1435.3522
     273    1444.3112
     274    1447.6806
     275    1444.8808
     276    1438.7518
     277    1433.8042
     278    1433.7484
     279    1439.4515
     280    1448.2952
     281    1455.3847
     282    1456.0549
     283    1448.3165
     284    1433.9565
     285    1417.8462
     286    1405.9407
     287    1402.9295
     288    1410.4480
     289    1426.4116
     290    1445.6976
     291    1461.9603
     292    1469.9110
     293    1467.1908
     294    1455.1136
     295    1438.0315
     296    1421.6240
     297    1410.8223
     298    1408.1664
     299    1413.1818
     300    1422.9418
     301    1433.4888
     302    1441.4866
     303    1445.4279
     304    1445.9731
     305    1445.3772
     306    1446.3532
     307    1450.8769
     308    1459.3925
     309    1470.6516
     310    1482.1594
     311    1491.0132
     312    1494.7974
     313    1492.2178
     314    1483.2559
     315    1468.8575
     316    1450.4310
     317    1429.5142
     318    1407.7492
     319    1387.0309
     320    1369.5652
     321    1357.7258
     322    1353.7282
     323    1359.0699
     324    1373.6881
     325    1395.2085
     326    1419.0254
     327    1439.4228
     328    1451.2202
     329    1451.3645
     330    1440.0158
     331    1420.7491
     332    1399.5990
     333    1383.0823
     334    1375.8241
     335    1378.7195
     336    1388.4529
     337    1398.6664
     338    1402.3643
     339    1394.6379
     340    1374.7172
     341    1346.5916
     342    1317.8882
     343    1297.2924
     344    1291.4457
     345    1302.6147
     346    1328.0735
     347    1361.2253
     348    1393.7420
     349    1417.8848
     350    1428.4327
     351    1423.9089
     352    1406.8993
     353    1383.3374
     354    1360.8604
     355    1346.6471
     356    1345.3436
     357    1357.6742
     358    1380.1748
     359    1406.1870
     360    1427.8951
     361    1438.7896
     362    1435.7575
     363    1420.1093
     364    1397.1862
     365    1374.6744
     366    1360.1659
     367    1358.7443
     368    1371.3309
     369    1394.3428
     370    1420.7772
     371    1442.3641
     372    1452.0915
     373    1446.3148
     374    1425.8436
     375    1395.7492
     376    1363.9667
     377    1339.0268
     378    1327.5006
     379    1331.9537
     380    1350.1583
     381    1375.9037
     382    1401.1417
     383    1418.7209
     384    1424.7513
     385    1419.7474
     386    1408.1578
     387    1396.5035
     388    1390.8755
     389    1394.6980
     390    1407.5263
     391    1425.2293
     392    1441.4470
     393    1449.8071
     394    1446.1749
     395    1430.2189
     396    1405.7579
     397    1379.6905
     398    1359.7346
     399    1351.7175
     400    1357.4756
     401    1374.2443
     402    1395.7374
     403    1414.3636
     404    1423.7109
     405    1420.4937
     406    1405.4503
     407    1383.0046
     408    1359.8497
     409    1342.9094
     410    1337.3172
     411    1345.0318
     412    1364.4922
     413    1391.3597
     414    1420.0575
     415    1445.5608
     416    1464.8219
     417    1477.3350
     418    1484.6828
     419    1489.3262
     420    1493.1840
     421    1496.6341
     422    1498.3437
     423    1495.9511
     424    1487.2225
     425    1471.1397
     426    1448.4589
     427    1421.5644
     428    1393.7331
     429    1368.1542
     430    1347.1010
     431    1331.5710
     432    1321.4781
     433    1316.2325
     434    1315.3634
     435    1318.8464
     436    1326.9725
     437    1339.8568
     438    1356.8774
     439    1376.3811
     440    1395.8520
     441    1412.5061
     442    1424.0854
     443    1429.5566
     444    1429.4694
     445    1425.8396
     446    1421.5261
     447    1419.2731
     448    1420.7630
     449    1426.0969
     450    1433.9482
     451    1442.3255
     452    1449.6084
     453    1455.3888
     454    1460.7260
     455    1467.6326
     456    1477.9587
     457    1492.1170
     458    1508.2497
     459    1522.2851
     460    1529.0274
     461    1523.9623
     462    1505.1277
     463    1474.2910
     464    1436.8790
     465    1400.5349
     466    1372.6762
     467    1357.9038
     468    1356.3073
     469    1363.4733
     470    1372.2683
     471    1375.6886
     472    1369.6533
     473    1354.6681
     474    1335.7210
     475    1320.4502
     476    1316.2179
     477    1327.1566
     478    1352.2845
     479    1385.4340
     480    1417.0697
     481    1437.3800
     482    1439.5348
     483    1421.9702
     484    1388.9297
     485    1349.1366
     486    1313.0803
     487    1289.8190
     488    1284.2685
     489    1295.8072
     490    1318.6975
     491    1344.2945
     492    1364.2367
     493    1373.3025
     494    1370.8250
     495    1360.3278
     496    1347.7825
     497    1339.2669
     498    1338.8321
     499    1347.2181
     500    1361.7616
     501    1377.4401
     502    1388.6359
     503    1390.9922
     504    1382.7529
     505    1365.1992
     506    1342.1388
     507    1318.7058
     508    1299.9411
     509    1289.6104
     510    1289.5779
     511    1299.7807
     512    1318.6265
     513    1343.4966
     514    1371.1230
     515    1397.8625
     516    1420.0700
     517    1434.6571
     518    1439.7326
     519    1435.1222
     520    1422.5664
     521    1405.4511
     522    1388.0338
     523    1374.3282
     524    1366.9546
     525    1366.3180
     526    1370.4155
     527    1375.4292
     528    1377.0186
     529    1371.9671
     530    1359.6107
     531    1342.4621
     532    1325.6956
     533    1315.5462
     534    1317.1460
     535    1332.5640
     536    1359.8254
     537    1393.3592
     538    1425.7867
     539    1450.3901
     540    1463.2187
     541    1463.9233
     542    1455.3046
     543    1442.3074
     544    1430.7924
     545    1425.9021
     546    1430.2754
     547    1442.9051
     548    1459.2327
     549    1472.5236
     550    1476.0341
     551    1465.2626
     552    1439.5706
     553    1402.6828
     554    1361.8637
     555    1325.9461
     556    1302.7936
     557    1296.9851
     558    1308.4704
     559    1332.6159
     560    1361.6153
     561    1386.8408
     562    1401.4208
     563    1402.2537
     564    1390.8272
     565    1372.5661
     566    1354.9277
     567    1344.8782
     568    1346.5626
     569    1359.9122
     570    1380.6125
     571    1401.4531
     572    1414.6743
     573    1414.5939
     574    1399.6580
     575    1373.1932
     576    1342.5562
     577    1316.9222
     578    1304.4461
     579    1309.7614
     580    1332.5840
     581    1367.8088
     582    1406.9915
     583    1440.7580
     584    1461.4009
     585    1464.9463
     586    1452.1316
     587    1428.0467
     588    1400.5280
     589    1377.7605
     590    1365.8010
     591    1366.7984
     592    1378.4711
     593    1394.9555
     594    1408.7205
     595    1413.0007
     596    1404.0887
     597    1382.7438
     598    1354.0953
     599    1325.9367
     600    1306.0077
     601    1299.2751
     602    1306.2525
     603    1322.9748
     604    1342.5964
     605    1357.9858
     606    1364.3035
     607    1360.6322
     608    1350.1010
     609    1338.5448
     610    1332.2551
     611    1335.6684
     612    1349.8082
     613    1371.9799
     614    1396.7826
     615    1418.0414
     616    1430.9344
     617    1433.5044
     618    1427.0231
     619    1415.1654
     620    1402.4150
     621    1392.3670
     622    1386.5536
     623    1384.1693
     624    1382.7381
     625    1379.3988
     626    1372.2924
     627    1361.4895
     628    1349.0967
     629    1338.4872
     630    1332.9607
     631    1334.4194
     632    1342.6305
     633    1355.4124
     634    1369.6208
     635    1382.4585
     636    1392.5131
     637    1400.0951
     638    1406.7815
     639    1414.3915
     640    1423.8279
     641    1434.2867
     642    1443.1833
     643    1446.8968
     644    1442.1216
     645    1427.3581
     646    1403.9381
     647    1376.0962
     648    1349.9268
     649    1331.5163
     650    1324.8824
     651    1330.4736
     652    1344.8113
     653    1361.4834
     654    1373.2099
     655    1374.3243
     656    1362.8330
     657    1341.3211
     658    1316.2903
     659    1296.0463
     660    1287.7928
     661    1294.9451
     662    1315.6579
     663    1343.1744
     664    1367.9942
     665    1381.1893
     666    1377.7451
     667    1358.6983
     668    1331.2203
     669    1306.4878
     670    1295.9835
     671    1307.4402
     672    1341.8364
     673    1392.5583
     674    1447.1539
     675    1491.2398
     676    1513.2924
     677    1508.6588
     678    1481.2684
     679    1442.2869
     680    1406.0706
     681    1384.8791
     682    1384.3580
     683    1401.5277
     684    1426.0022
     685    1443.9609
     686    1443.3711
     687    1418.5587
     688    1372.5025
     689    1316.0382
     690    1264.2538
     691    1231.3279
     692    1225.6642
     693    1247.0418
     694    1286.7800
     695    1330.7953
     696    1364.4516
     697    1377.5058
     698    1367.4532
     699    1340.1199
     700    1307.3077
     701    1282.3445
     702    1275.1446
     703    1288.5771
     704    1317.4655
     705    1350.5508
     706    1374.6541
     707    1379.5000
     708    1361.4796
     709    1325.0438
     710    1281.2852
     711    1244.2253
     712    1226.1000
     713    1233.2150
     714    1263.7566
     715    1308.4165
     716    1353.7223
     717    1386.8041
     718    1399.6750
     719    1391.4602
     720    1367.9853
     721    1339.1374
     722    1315.1174
     723    1302.9868
     724    1304.6963
     725    1317.1600
     726    1334.1342
     727    1349.0213
     728    1357.4562
     729    1358.7372
     730    1355.6686
     731    1353.0086
     732    1355.2121
     733    1364.3962
     734    1379.3447
     735    1395.9312
     736    1408.7681
     737    1413.3718
     738    1407.9500
     739    1394.0669
     740    1375.9218
     741    1358.5286
     742    1345.5531
     743    1337.7557
     744    1332.7656
     745    1326.3167
     746    1314.4158
     747    1295.5369
     748    1271.8917
     749    1249.1343
     750    1234.4952
     751    1234.0190
     752    1250.0102
     753    1279.7246
     754    1315.8952
     755    1349.0102
     756    1370.5631
     757    1376.0402
     758    1366.4463
     759    1347.7474
     760    1328.4575
     761    1316.3129
     762    1315.3523
     763    1324.5481
     764    1338.5158
     765    1349.9804
     766    1352.9824
     767    1345.5217
     768    1330.5793
     769    1315.1208
     770    1307.4678
     771    1314.0430
     772    1336.7116
     773    1371.7201
     774    1410.6395
     775    1442.9864
     776    1459.5871
     777    1455.5043
     778    1431.5221
     779    1393.7012
     780    1351.1475
     781    1312.7730
     782    1284.2994
     783    1266.7538
     784    1257.0131
     785    1249.9604
     786    1241.2094
     787    1229.3061
     788    1216.6075
     789    1208.5187
     790    1211.3784
     791    1229.7850
     792    1264.4158
     793    1311.1812
     794    1362.0538
     795    1407.2779
     796    1438.1866
     797    1449.6446
     798    1441.3105
     799    1417.3320
     800    1384.6487
     801    1350.5554
     802    1320.3979
     803    1296.2077
     804    1276.6948
     805    1258.5152
     806    1238.2778
     807    1214.5214
     808    1188.9244
     809    1166.2552
     810    1153.0260
     811    1155.2395
     812    1175.9862
     813    1213.7566
     814    1262.1744
     815    1311.4149
     816    1350.9443
     817    1372.6936
     818    1373.5497
     819    1356.2561
     820    1328.3438
     821    1299.4366
     822    1277.8689
     823    1267.8716
     824    1268.4097
     825    1274.1294
     826    1278.0137
     827    1274.6517
     828    1262.7785
     829    1246.0416
     830    1231.6720
     831    1227.5873
     832    1239.0732
     833    1266.3638
     834    1304.0962
     835    1342.8893
     836    1372.4746
     837    1385.2142
     838    1378.6949
     839    1356.4332
     840    1326.4263
     841    1298.0930
     842    1278.7864
     843    1271.2556
     844    1273.0536
     845    1278.0612
     846    1279.3970
     847    1272.4591
     848    1256.8860
     849    1236.7054
     850    1218.6906
     851    1209.6228
     852    1213.5548
     853    1230.1633
     854    1254.8557
     855    1280.6035
     856    1300.6940
     857    1311.2079
     858    1312.2044
     859    1307.2420
     860    1301.5769
     861    1299.8501
     862    1304.2203
     863    1313.6691
     864    1324.6949
     865    1333.0180
     866    1335.5030
     867    1331.4602
     868    1322.8275
     869    1313.2297
     870    1306.3831
     871    1304.5248
     872    1307.5018
     873    1312.8550
     874    1316.8450
     875    1316.0294
     876    1308.7883
     877    1296.1915
     878    1281.8404
     879    1270.6899
     880    1267.2768
     881    1274.0058
     882    1290.1491
     883    1311.9422
     884    1333.7346
     885    1349.7605
     886    1355.8936
     887    1350.7765
     888    1335.9940
     889    1315.3104
     890    1293.3145
     891    1273.9918
     892    1259.6864
     893    1250.7536
     894    1245.9207
     895    1243.1326
     896    1240.5393
     897    1237.2667
     898    1233.7206
     899    1231.3468
     900    1231.9861
     901    1237.1043
     902    1247.2116
     903    1261.6939
     904    1279.0771
     905    1297.5671
     906    1315.6049
     907    1332.2252
     908    1347.1117
     909    1360.3977
     910    1372.3312
     911    1382.9683
     912    1392.0191
     913    1398.9116
     914    1403.0456
     915    1404.1038
     916    1402.2301
     917    1397.9154
     918    1391.6299
     919    1383.4016
     920    1372.5999
     921    1358.0815
     922    1338.6923
     923    1313.9601
     924    1284.7172
     925    1253.3646
     926    1223.5832
     927    1199.5311
     928    1184.7880
     929    1181.3804
     930    1189.1525
     931    1205.6499
     932    1226.6010
     933    1246.9667
     934    1262.3133
     935    1270.1028
     936    1270.4319
     937    1265.9132
     938    1260.6735
     939    1258.7984
     940    1262.7637
     941    1272.4379
     942    1285.0471
     943    1296.1227
     944    1301.0944
     945    1296.9400
     946    1283.3129
     947    1262.7344
     948    1239.7678
     949    1219.4597
     950    1205.6268
     951    1199.6559
     952    1200.2447
     953    1204.1225
     954    1207.3909
     955    1206.9333
     956    1201.3905
     957    1191.4251
     958    1179.2965
     959    1168.0110
     960    1160.4323
     961    1158.6625
     962    1163.7975
     963    1175.9782
     964    1194.5702
     965    1218.3469
     966    1245.6178
     967    1274.3172
     968    1302.1194
     969    1326.6369
     970    1345.7056
     971    1357.7022
     972    1361.8255
     973    1358.2573
     974    1348.1210
     975    1333.1764
     976    1315.2354
     977    1295.4543
     978    1273.8615
     979    1249.5133
     980    1221.3097
     981    1189.0244
     982    1153.9960
     983    1119.1720
     984    1088.5371
     985    1066.1538
     986    1055.1280
     987    1056.8196
     988    1070.5103
     989    1093.5902
     990    1122.1927
     991    1152.0650
     992    1179.4265
     993    1201.5956
     994    1217.2757
     995    1226.5077
     996    1230.3982
     997    1230.7413
     998    1229.6308
     999    1229.0868
    1000    1230.7181
    1001    1235.4281
    1002    1243.3082
    1003    1253.7100
    1004    1265.5712
    1005    1277.8592
    1006    1289.9759
    1007    1301.9339
    1008    1314.2059
    1009    1327.2824
    1010    1341.1105
    1011    1354.6585
    1012    1365.8330
    1013    1371.8476
    1014    1369.9911
    1015    1358.5560
    1016    1337.5386
    1017    1308.7000
    1018    1274.8712
    1019    1238.9759
    1020    1203.4984
    1021    1170.6147
    1022    1142.5632
    1023    1121.7399
    1024    1110.3695
    1025    1109.9029
    1026    1120.4083
    1027    1140.2033
    1028    1165.9243
    1029    1193.1083
    1030    1217.2160
    1031    1234.8096
    1032    1244.4924
    1033    1247.2140
    1034    1245.7723
    1035    1243.6340
    1036    1243.5143
    1037    1246.2787
    1038    1250.6207
    1039    1253.6805
    1040    1252.3845
    1041    1244.9785
    1042    1232.1190
    1043    1217.0336
    1044    1204.5987
    1045    1199.6224
    1046    1204.9733
    1047    1220.2979
    1048    1241.9050
    1049    1263.9299
    1050    1280.4130
    1051    1287.4962
    1052    1284.8450
    1053    1275.6682
    1054    1265.2814
    1055    1258.7804
    1056    1258.7839
    1057    1264.2185
    1058    1270.7150
    1059    1272.5026
    1060    1265.0205
    1061    1247.1407
    1062    1222.0456
    1063    1196.3562
    1064    1177.8043
    1065    1172.3423
    1066    1181.8291
    1067    1203.2188
    1068    1229.5945
    1069    1252.6601
    1070    1265.7231
    1071    1266.0028
    1072    1255.3578
    1073    1239.1889
    1074    1224.0475
    1075    1214.9962
    1076    1213.7977
    1077    1218.5897
    1078    1225.0372
    1079    1228.3663
    1080    1225.4301
    1081    1216.0049
    1082    1202.8515
    1083    1190.5366
    1084    1183.5238
    1085    1184.3830
    1086    1192.9233
    1087    1206.6028
    1088    1221.9308
    1089    1236.1535
    1090    1248.4282
    1091    1259.9636
    1092    1273.0850
    1093    1289.6807
    1094    1309.7804
    1095    1330.9704
    1096    1348.9800
    1097    1359.2476
    1098    1358.8005
    1099    1347.6048
    1100    1328.7497
    1101    1307.3170
    1102    1288.3464
    1103    1274.7234
    1104    1265.8881
    1105    1257.9709
    1106    1245.4016
    1107    1223.4400
    1108    1190.6695
    1109    1150.4237
    1110    1110.4680
    1111    1080.9088
    1112    1070.9950
    1113    1085.9585
    1114    1125.0392
    1115    1181.3971
    1116    1243.9552
    1117    1300.5939
    1118    1341.6931
    1119    1362.8181
    1120    1365.5565
    1121    1356.1906
    1122    1342.7631
    1123    1331.7386
    1124    1325.5757
    1125    1322.1151
    1126    1315.9284
    1127    1301.0160
    1128    1273.7451
    1129    1234.8654
    1130    1189.8239
    1131    1147.2522
    1132    1116.1945
    1133    1103.1168
    1134    1109.8108
    1135    1132.9351
    1136    1165.3024
    1137    1198.3789
    1138    1225.0275
    1139    1241.4903
    1140    1247.9327
    1141    1247.4988
    1142    1244.3958
    1143    1241.8508
    1144    1240.7688
    1145    1239.5829
    1146    1235.2516
    1147    1224.9401
    1148    1207.7136
    1149    1185.6290
    1150    1163.6543
    1151    1147.9409
    1152    1142.9574
    1153    1149.5431
    1154    1165.1961
    1155    1185.4788
    1156    1205.3008
    1157    1220.1075
    1158    1227.0942
    1159    1226.0107
    1160    1219.0299
    1161    1209.6618
    1162    1201.1886
    1163    1195.3185
    1164    1191.6377
    1165    1188.0680
    1166    1182.0920
    1167    1172.2554
    1168    1159.4290
    1169    1147.2588
    1170    1141.1238
    1171    1145.5514
    1172    1161.8732
    1173    1188.0081
    1174    1219.6576
    1175    1251.4133
    1176    1277.6703
    1177    1293.6615
    1178    1296.4947
    1179    1285.8152
    1180    1263.8534
    1181    1234.8362
    1182    1203.9626
    1183    1176.2561
    1184    1155.6165
    1185    1144.2651
    1186    1142.6211
    1187    1149.5553
    1188    1162.9882
    1189    1180.6778
    1190    1200.8692
    1191    1222.4825
    1192    1244.7878
    1193    1266.8064
    1194    1286.8138
    1195    1302.2721
    1196    1310.3176
    1197    1308.6301
    1198    1296.3188
    1199    1274.4612
    1200    1246.1043
    1201    1215.7240
    1202    1188.2775
    1203    1168.0668
    1204    1157.7082
    1205    1157.5213
    1206    1165.5728
    1207    1178.3970
    1208    1192.1622
    1209    1203.8993
    1210    1212.3710
    1211    1218.2764
    1212    1223.7014
    1213    1231.0261
    1214    1241.7219
    1215    1255.5343
    1216    1270.3599
    1217    1282.8451
    1218    1289.4711
    1219    1287.7598
    1220    1277.2355
    1221    1259.8290
    1222    1239.5329
    1223    1221.3344
    1224    1209.7351
    1225    1207.3729
    1226    1214.2493
    1227    1227.7885
    1228    1243.6149
    1229    1256.7583
    1230    1262.9406
    1231    1259.6181
    1232    1246.5500
    1233    1225.7968
    1234    1201.1637
    1235    1177.1512
    1236    1157.6693
    1237    1145.0752
    1238    1139.9713
    1239    1141.5531
    1240    1148.0333
    1241    1157.0107
    1242    1165.9247
    1243    1172.6340
    1244    1175.9939
    1245    1176.2262
    1246    1174.9007
    1247    1174.4573
    1248    1177.3602
    1249    1185.1295
    1250    1197.5983
    1251    1212.7005
    1252    1226.9422
    1253    1236.4633
    1254    1238.3584
    1255    1231.8122
    1256    1218.6168
    1257    1202.8376
    1258    1189.6872
    1259    1183.9522
    1260    1188.4921
    1261    1203.3175
    1262    1225.5752
    1263    1250.4532
    1264    1272.6993
    1265    1288.2167
    1266    1295.1785
    1267    1294.2815
    1268    1288.1023
    1269    1279.8489
    1270    1272.0100
    1271    1265.4388
    1272    1259.1994
    1273    1251.2115
    1274    1239.4137
    1275    1222.9924
    1276    1203.1761
    1277    1183.2289
    1278    1167.5216
    1279    1160.0039
    1280    1162.7682
    1281    1175.3250
    1282    1194.7639
    1283    1216.5894
    1284    1235.8892
    1285    1248.5464
    1286    1252.2280
    1287    1246.9182
    1288    1234.8089
    1289    1219.5385
    1290    1205.0967
    1291    1194.8718
    1292    1191.0733
    1293    1194.4694
    1294    1204.3884
    1295    1219.0157
    1296    1235.9320
    1297    1252.6994
    1298    1267.3225
    1299    1278.5342
    1300    1285.9303
    1301    1289.9560
    1302    1291.6946
    1303    1292.4521
    1304    1293.2637
    1305    1294.4995
    1306    1295.7180
    1307    1295.7779
    1308    1293.1074
    1309    1286.0569
    1310    1273.3782
    1311    1254.8475
    1312    1231.8064
    1313    1207.2671
    1314    1185.3907
    1315    1170.4678
    1316    1165.7159
    1317    1172.2589
    1318    1188.5759
    1319    1210.5972
    1320    1232.4775
    1321    1247.9098
    1322    1251.6890
    1323    1241.1487
    1324    1217.0644
    1325    1183.7187
    1326    1147.9993
    1327    1117.6869
    1328    1099.3642
    1329    1096.5287
    1330    1108.5000
    1331    1130.5158
    1332    1155.0953
    1333    1174.3178
    1334    1182.3365
    1335    1177.2841
    1336    1161.8706
    1337    1142.4057
    1338    1126.5477
    1339    1120.5547
    1340    1127.0028
    1341    1143.7741
    1342    1164.6971
    1343    1181.6538
    1344    1187.4560
    1345    1178.4949
    1346    1156.2331
    1347    1126.9805
    1348    1099.9836
    1349    1084.4432
    1350    1086.4897
    1351    1107.1951
    1352    1142.3375
    1353    1183.9607
    1354    1223.0866
    1355    1252.5621
    1356    1269.0330
    1357    1273.4106
    1358    1269.7783
    1359    1263.2604
    1360    1257.7641
    1361    1254.5227
    1362    1251.9815
    1363    1246.9560
    1364    1236.4563
    1365    1219.3466
    1366    1197.1314
    1367    1173.5723
    1368    1153.3210
    1369    1140.1904
    1370    1135.7920
    1371    1139.1078
    1372    1147.1586
    1373    1156.4688
    1374    1164.6468
    1375    1171.2834
    1376    1177.6711
    1377    1185.4688
    1378    1195.0219
    1379    1204.2762
    1380    1208.9582
    1381    1204.1114
    1382    1186.4274
    1383    1156.3827
    1384    1119.1761
    1385    1083.8765
    1386    1060.8731
    1387    1058.4269
    1388    1079.5938
    1389    1120.7629
    1390    1172.4993
    1391    1222.4844
    1392    1259.5195
    1393    1277.1498
    1394    1275.6015
    1395    1261.3294
    1396    1244.3293
    1397    1234.2082
    1398    1236.5008
    1399    1250.6341
    1400    1270.3252
    1401    1286.2371
    1402    1289.8343
    1403    1276.9315
    1404    1249.5692
    1405    1215.5099
    1406    1185.5558
    1407    1169.6944
    1408    1173.5155
    1409    1196.1880
    1410    1230.6881
    1411    1266.1403
    1412    1291.3816
    1413    1298.4846
    1414    1285.0608
    1415    1254.6614
    1416    1215.2899
    1417    1176.6660
    1418    1147.2286
    1419    1131.8571
    1420    1130.9593
    1421    1141.0570
    1422    1156.4966
    1423    1171.5997
    1424    1182.4888
    1425    1188.0160
    1426    1189.5612
    1427    1189.8977
    1428    1191.6793
    1429    1196.2059
    1430    1202.9190
    1431    1209.6592
    1432    1213.4039
    1433    1211.1298
    1434    1200.5632
    1435    1180.7182
    1436    1152.2018
    1437    1117.2789
    1438    1079.6665
    1439    1044.0482
    1440    1015.3731
    1441     998.0621
    1442     995.2206
    1443    1007.9760
    1444    1035.0827
    1445    1072.9616
    1446    1116.2578
    1447    1158.8716
    1448    1195.2537
    1449    1221.6509
    1450    1236.9553
    1451    1242.8647
    1452    1243.1844
    1453    1242.3067
    1454    1243.3081
    1455    1246.5350
    1456    1249.4609
    1457    1247.7991
    1458    1237.2067
    1459    1214.9364
    1460    1181.0497
    1461    1138.9021
    1462    1094.6847
    1463    1056.0422
    1464    1030.1047
    1465    1021.4854
    1466    1030.8512
    1467    1054.5323
    1468    1085.3716
    1469    1114.6640
    1470    1134.6785
    1471    1141.0286
    1472    1134.0835
    1473    1118.7397
    1474    1102.3617
    1475    1091.6737
    1476    1090.2217
    1477    1097.5551
    1478    1109.9767
    1479    1122.1599
    1480    1129.1179
    1481    1128.0653
    1482    1119.5902
    1483    1107.6416
    1484    1098.2425
    1485    1097.3495
    1486    1108.6453
    1487    1132.0859
    1488    1163.7701
    1489    1197.2241
    1490    1225.6430
    1491    1244.2224
    1492    1251.6677
    1493    1250.3527
    1494    1245.1353
    1495    1241.3162
    1496    1242.5167
    1497    1249.2548
    1498    1258.7098
    1499    1265.7377
    1500    1264.7871
    1501    1252.0836
    1502    1227.2927
    1503    1194.0157
    1504    1158.8687
    1505    1129.3278
    1506    1110.8434
    1507    1104.4218
    1508    1106.3024
    1509    1110.0979
    1510    1109.9109
    1511    1102.7502
    1512    1089.5432
    1513    1074.7131
    1514    1064.5654
    1515    1065.0000
    1516    1079.2969
    1517    1106.7295
    1518    1142.5258
    1519    1179.2250
    1520    1209.0134
    1521    1226.2306
    1522    1229.1286
    1523    1220.2132
    1524    1205.0499
    1525    1190.0489
    1526    1180.1320
    1527    1177.1065
    1528    1179.2131
    1529    1181.9113
    1530    1179.6670
    1531    1168.1698
    1532    1146.1743
    1533    1116.2538
    1534    1084.2083
    1535    1057.3558
    1536    1042.2818
    1537    1042.7866
    1538    1058.6906
    1539    1085.8820
    1540    1117.5879
    1541    1146.4563
    1542    1166.7542
    1543    1175.9668
    1544    1175.2832
    1545    1168.8356
    1546    1162.0327
    1547    1159.6499
    1548    1164.3524
    1549    1176.0443
    1550    1192.0682
    1551    1208.0368
    1552    1219.0652
    1553    1221.2413
    1554    1212.9835
    1555    1195.6925
    1556    1173.2847
    1557    1150.8051
    1558    1132.7873
    1559    1122.0358
    1560    1119.2240
    1561    1123.2582
    1562    1132.0623
    1563    1143.3335
    1564    1154.9550
    1565    1165.0167
    1566    1171.6571
    1567    1173.0661
    1568    1167.8812
    1569    1155.9005
    1570    1138.7206
    1571    1119.8333
    1572    1103.9400
    1573    1095.5654
    1574    1097.4210
    1575    1109.1412
    1576    1126.9632
    1577    1144.6304
    1578    1155.3177
    1579    1153.9562
    1580    1139.1491
    1581    1113.9674
    1582    1085.2873
    1583    1061.7810
    1584    1051.1576
    1585    1057.5197
    1586    1079.7501
    1587    1111.5836
    1588    1143.4507
    1589    1165.5006
    1590    1170.8002
    1591    1157.6789
    1592    1130.4486
    1593    1098.1814
    1594    1071.8315
    1595    1060.6022
    1596    1068.7864
    1597    1094.1998
    1598    1128.7701
    1599    1161.0415
    1600    1179.7203
    1601    1177.2548
    1602    1152.5622
    1603    1112.0125
    1604    1067.9646
    1605    1034.9914
    1606    1025.0333
    1607    1043.2711
    1608    1086.2612
    1609    1143.0085
    1610    1198.5905
    1611    1239.0587
    1612    1255.9178
    1613    1248.6218
    1614    1224.2539
    1615    1194.5488
    1616    1171.3855
    1617    1162.4237
    1618    1168.4631
    1619    1183.4737
    1620    1197.2532
    1621    1199.6584
    1622    1184.7265
    1623    1153.0782
    1624    1111.7389
    1625    1071.5714
    1626    1043.3887
    1627    1034.2233
    1628    1045.0587
    1629    1070.7518
    1630    1102.0908
    1631    1129.1788
    1632    1144.8764
    1633    1147.0396
    1634    1138.7958
    1635    1126.8721
    1636    1118.7614
    1637    1119.8888
    1638    1131.8208
    1639    1152.0533
    1640    1175.3012
    1641    1195.6879
    1642    1208.9626
    1643    1213.8682
    1644    1212.1562
    1645    1207.3853
    1646    1203.1718
    1647    1201.7114
    1648    1203.1590
    1649    1206.0186
    1650    1208.2383
    1651    1208.4363
    1652    1206.6726
    1653    1204.3991
    1654    1203.6173
    1655    1205.6673
    1656    1210.2920
    1657    1215.4832
    1658    1218.2006
    1659    1215.6257
    1660    1206.3693
    1661    1191.1275
    1662    1172.5127
    1663    1154.1466
    1664    1139.3755
    1665    1130.1106
    1666    1126.2354
    1667    1125.8209
    1668    1126.1022
    1669    1124.8388
    1670    1121.4759
    1671    1117.5981
    1672    1116.4417
    1673    1121.6187
    1674    1135.5136
    1675    1157.9815
    1676    1185.8959
    1677    1213.7980
    1678    1235.4894
    1679    1246.0220
    1680    1243.3652
    1681    1229.1202
    1682    1207.9820
    1683    1186.0992
    1684    1168.9147
    1685    1159.2742
    1686    1156.5020
    1687    1156.7994
    1688    1154.8558
    1689    1146.1066
    1690    1128.7833
    1691    1104.9528
    1692    1080.1315
    1693    1061.5955
    1694    1055.9597
    1695    1066.8600
    1696    1093.5398
    1697    1130.8469
    1698    1170.6762
    1699    1204.3877
    1700    1225.3846
    1701    1230.9664
    1702    1222.8624
    1703    1206.3290
    1704    1188.1744
    1705    1174.3644
    1706    1167.9348
    1707    1167.9012
    1708    1169.6072
    1709    1166.4956
    1710    1152.7360
    1711    1125.8290
    1712    1088.2631
    1713    1047.5113
    1714    1014.1637
    1715     998.6445
    1716    1007.5579
    1717    1040.9710
    1718    1091.7310
    1719    1147.2140
    1720    1193.0057
    1721    1217.2877
    1722    1214.4458
    1723    1186.6860
    1724    1143.1402
    1725    1096.7580
    1726    1060.0417
    1727    1041.0616
    1728    1041.1697
    1729    1055.2279
    1730    1074.1778
    1731    1088.8488
    1732    1093.5123
    1733    1087.9125
    1734    1077.1478
    1735    1069.5748
    1736    1073.5428
    1737    1094.1048
    1738    1130.8380
    1739    1177.5727
    1740    1224.1554
    1741    1259.6100
    1742    1275.5811
    1743    1268.9086
    1744    1242.5344
    1745    1204.4900
    1746    1165.2961
    1747    1134.6374
    1748    1118.4800
    1749    1117.6183
    1750    1128.0006
    1751    1142.4956
    1752    1153.3994
    1753    1154.8762
    1754    1144.6474
    1755    1124.5016
    1756    1099.5540
    1757    1076.5627
    1758    1061.8718
    1759    1059.6164
    1760    1070.6631
    1761    1092.5038
    1762    1120.0363
    1763    1146.9577
    1764    1167.3526
    1765    1177.0568
    1766    1174.4970
    1767    1160.8840
    1768    1139.8264
    1769    1116.5205
    1770    1096.6825
    1771    1085.3667
    1772    1085.8349
    1773    1098.6636
    1774    1121.3280
    1775    1148.4616
    1776    1172.9437
    1777    1187.7135
    1778    1187.8799
    1779    1172.4477
    1780    1145.0002
    1781    1112.9874
    1782    1085.7375
    1783    1071.7402
    1784    1076.0280
    1785    1098.4857
    1786    1133.6714
    1787    1172.2721
    1788    1203.7975
    1789    1219.7109
    1790    1216.0359
    1791    1194.6001
    1792    1162.4832
    1793    1129.8041
    1794    1106.5362
    1795    1099.3587
    1796    1109.5399
    1797    1132.5378
    1798    1159.4540
    1799    1179.9058
    1800    1185.3999
    1801    1172.1300
    1802    1142.3027
    1803    1103.5733
    1804    1066.7658
    1805    1042.6078
    1806    1038.4838
    1807    1056.1707
    1808    1091.2148
    1809    1134.1894
    1810    1173.5202
    1811    1198.9923
    1812    1204.7619
    1813    1190.8543
    1814    1162.6809
    1815    1128.8674
    1816    1098.4108
    1817    1078.2874
    1818    1072.0438
    1819    1079.3982
    1820    1096.7318
    1821    1118.3027
    1822    1137.8678
    1823    1150.3174
    1824    1152.9538
    1825    1146.1261
    1826    1133.0326
    1827    1118.7007
    1828    1108.4253
    1829    1106.2067
    1830    1113.6843
    1831    1129.7757
    1832    1150.9933
    1833    1172.3463
    1834    1188.6524
    1835    1195.9453
    1836    1192.6064
    1837    1179.8911
    1838    1161.7015
    1839    1143.6197
    1840    1131.4223
    1841    1129.4545
    1842    1139.3351
    1843    1159.4093
    1844    1185.1345
    1845    1210.2867
    1846    1228.6029
    1847    1235.3826
    1848    1228.6397
    1849    1209.5545
    1850    1182.1606
    1851    1152.3463
    1852    1126.3594
    1853    1109.1634
    1854    1103.0807
    1855    1107.1582
    1856    1117.5062
    1857    1128.5568
    1858    1134.8621
    1859    1132.8554
    1860    1122.0100
    1861    1105.0118
    1862    1086.8766
    1863    1073.2650
    1864    1068.5261
    1865    1074.1061
    1866    1087.8949
    1867    1104.8068
    1868    1118.4903
    1869    1123.6073
    1870    1117.8377
    1871    1102.8093
    1872    1083.5662
    1873    1066.8048
    1874    1058.5579
    1875    1062.1408
    1876    1077.0354
    1877    1099.0824
    1878    1121.9312
    1879    1139.2724
    1880    1147.0831
    1881    1145.0877
    1882    1136.8776
    1883    1128.6153
    1884    1126.7657
    1885    1135.6816
    1886    1155.9199
    1887    1183.8503
    1888    1212.6122
    1889    1234.1495
    1890    1241.8296
    1891    1232.8218
    1892    1209.1822
    1893    1177.1004
    1894    1144.6549
    1895    1119.0575
    1896    1104.4384
    1897    1100.9060
    1898    1105.0888
    1899    1111.8303
    1900    1116.3249
    1901    1115.8471
    1902    1110.4441
    1903    1102.4576
    1904    1095.2286
    1905    1091.6170
    1906    1092.8958
    1907    1098.3139
    1908    1105.4378
    1909    1111.2231
    1910    1113.4406
    1911    1111.7206
    1912    1107.6530
    1913    1103.9635
    1914    1103.2255
    1915    1106.6868
    1916    1113.6662
    1917    1121.7988
    1918    1128.0798
    1919    1130.2494
    1920    1127.8200
    1921    1122.2584
    1922    1116.3156
    1923    1112.8861
    1924    1113.9083
    1925    1119.7217
    1926    1129.0825
    1927    1139.7749
    1928    1149.5340
    1929    1156.8855
    1930    1161.5693
    1931    1164.3993
    1932    1166.6448
    1933    1169.2053
    1934    1171.9542
    1935    1173.5583
    1936    1171.9000
    1937    1164.9382
    1938    1151.6435
    1939    1132.5978
    1940    1109.9965
    1941    1087.0511
    1942    1067.0548
    1943    1052.4663
    1944    1044.2984
    1945    1041.9741
    1946    1043.7826
    1947    1047.8894
    1948    1053.3815
    1949    1060.6718
    1950    1071.0189
    1951    1085.4984
    1952    1103.9865
    1953    1124.6357
    1954    1144.0725
    1955    1158.2711
    1956    1163.8027
    1957    1158.9969
    1958    1144.5628
    1959    1123.4042
    1960    1099.6841
    1961    1077.5077
    1962    1059.7356
    1963    1047.3577
    1964    1039.6254
    1965    1034.8401
    1966    1031.4650
    1967    1029.0897
    1968    1028.8281
    1969    1032.9478
    1970    1043.8196
    1971    1062.5920
    1972    1088.1520
    1973    1116.8722
    1974    1143.3514
    1975    1161.9576
    1976    1168.6867
    1977    1162.6718
    1978    1146.7571
    1979    1126.8267
    1980    1110.0025
    1981    1102.2721
    1982    1106.3547
    1983    1120.6156
    1984    1139.5158
    1985    1155.5376
    1986    1161.9471
    1987    1155.3700
    1988    1137.1803
    1989    1113.1335
    1990    1091.3544
    1991    1079.3993
    1992    1081.4832
    1993    1096.8712
    1994    1120.0069
    1995    1142.3106
    1996    1154.9992
    1997    1151.9511
    1998    1131.6783
    1999    1097.7867
    2000    1057.8382
