#Frame              T
       1    2983.2194
       2    2840.4069
       3    2603.2282
       4    2324.4935
       5    2062.2420
       6    1862.6917
       7    1747.6987
       8    1710.6766
       9    1721.8870
      10    1740.8793
      11    1731.7181
      12    1675.9160
      13    1578.8245
      14    1467.4331
      15    1380.4325
      16    1354.0487
      17    1408.5980
      18    1540.4237
      19    1721.9416
      20    1909.6773
      21    2057.4693
      22    2130.3760
      23    2114.7114
      24    2021.0908
      25    1879.8514
      26    1730.8031
      27    1611.0031
      28    1544.5408
      29    1537.3054
      30    1577.8531
      31    1643.4656
      32    1708.8658
      33    1754.4526
      34    1771.4517
      35    1762.7869
      36    1740.0569
      37    1718.2206
      38    1710.0753
      39    1722.3060
      40    1754.0243
      41    1797.7838
      42    1842.3364
      43    1875.9940
      44    1889.4578
      45    1877.6311
      46    1840.5705
      47    1783.7516
      48    1717.0294
      49    1651.6221
      50    1596.7014
      51    1558.4772
      52    1541.2381
      53    1547.3892
      54    1575.8991
      55    1620.7913
      56    1671.1049
      57    1712.8282
      58    1732.5828
      59    1722.0721
      60    1681.6315
      61    1621.2709
      62    1558.4090
      63    1512.7481
      64    1499.8159
      65    1525.3082
      66    1582.3312
      67    1652.8571
      68    1713.2843
      69    1742.4110
      70    1729.0731
      71    1676.5863
      72    1602.0837
      73    1530.6715
      74    1486.3752
      75    1483.2572
      76    1520.0718
      77    1580.5058
      78    1638.8879
      79    1669.2439
      80    1654.4875
      81    1592.6449
      82    1498.0747
      83    1397.2809
      84    1320.6295
      85    1292.5741
      86    1323.6577
      87    1407.2315
      88    1522.1695
      89    1640.3111
      90    1735.5459
      91    1791.3002
      92    1804.2155
      93    1783.3294
      94    1745.5574
      95    1709.3114
      96    1688.4930
      97    1688.6648
      98    1706.3329
      99    1731.2409
     100    1750.6545
     101    1754.0372
     102    1736.4843
     103    1699.8812
     104    1651.6975
     105    1602.1684
     106    1560.9892
     107    1534.5797
     108    1524.6317
     109    1528.2064
     110    1539.2200
     111    1550.7572
     112    1557.4304
     113    1557.0129
     114    1550.8289
     115    1542.8338
     116    1537.7971
     117    1539.3304
     118    1548.5473
     119    1563.8751
     120    1582.0420
     121    1599.5890
     122    1613.7369
     123    1621.9873
     124    1621.6311
     125    1610.6046
     126    1588.8775
     127    1558.6959
     128    1523.6140
     129    1487.3216
     130    1452.9588
     131    1422.9678
     132    1399.2372
     133    1383.2375
     134    1375.9371
     135    1377.5139
     136    1387.0341
     137    1402.4058
     138    1420.8456
     139    1439.8136
     140    1457.9068
     141    1475.1071
     142    1492.2486
     143    1510.1663
     144    1529.0691
     145    1548.3048
     146    1566.4164
     147    1581.4451
     148    1591.4966
     149    1595.4678
     150    1593.6478
     151    1587.8769
     152    1581.1002
     153    1576.4137
     154    1575.9789
     155    1580.2994
     156    1588.1830
     157    1597.3577
     158    1605.3828
     159    1610.3758
     160    1611.2836
     161    1607.8958
     162    1600.8730
     163    1591.6213
     164    1581.6928
     165    1571.9338
     166    1562.0663
     167    1551.1121
     168    1538.3612
     169    1524.2181
     170    1510.4524
     171    1499.7445
     172    1494.7398
     173    1496.9940
     174    1506.2049
     175    1520.0515
     176    1534.7904
     177    1546.4765
     178    1552.3727
     179    1551.9709
     180    1547.2037
     181    1541.7304
     182    1539.4218
     183    1542.3828
     184    1549.3162
     185    1555.4368
     186    1554.4750
     187    1541.7605
     188    1516.7285
     189    1483.7959
     190    1451.3482
     191    1429.1298
     192    1424.9119
     193    1441.6713
     194    1476.3474
     195    1520.5696
     196    1563.0365
     197    1592.8072
     198    1602.5031
     199    1590.4649
     200    1561.1610
     201    1523.6919
     202    1488.8350
     203    1465.6244
     204    1458.7134
     205    1467.3656
     206    1485.6515
     207    1503.5686
     208    1510.7192
     209    1501.5406
     210    1477.8426
     211    1447.5737
     212    1421.5128
     213    1409.3706
     214    1416.3991
     215    1441.4764
     216    1477.2958
     217    1512.6362
     218    1535.9836
     219    1539.3092
     220    1520.7144
     221    1485.0328
     222    1442.2051
     223    1404.0218
     224    1380.3589
     225    1376.1410
     226    1390.0133
     227    1415.1488
     228    1441.9155
     229    1461.4166
     230    1468.5524
     231    1463.4811
     232    1451.0515
     233    1438.6161
     234    1433.1887
     235    1439.0116
     236    1456.2911
     237    1481.3639
     238    1508.0651
     239    1529.7239
     240    1541.0771
     241    1539.5382
     242    1525.5538
     243    1502.1408
     244    1473.9404
     245    1446.1724
     246    1423.7412
     247    1410.5661
     248    1409.0786
     249    1419.8103
     250    1441.1051
     251    1469.1182
     252    1498.3275
     253    1522.7315
     254    1537.5934
     255    1541.1273
     256    1535.2156
     257    1524.6776
     258    1515.4947
     259    1512.8126
     260    1519.1733
     261    1533.2863
     262    1549.8941
     263    1561.1930
     264    1559.6049
     265    1540.9593
     266    1506.8071
     267    1464.8145
     268    1426.8610
     269    1405.3304
     270    1408.8509
     271    1439.0180
     272    1489.3455
     273    1546.9141
     274    1596.2424
     275    1624.1183
     276    1623.7397
     277    1596.7382
     278    1552.4157
     279    1504.5031
     280    1466.5956
     281    1447.7716
     282    1449.6821
     283    1465.9763
     284    1484.5532
     285    1492.3775
     286    1481.0993
     287    1450.8678
     288    1410.5527
     289    1374.3065
     290    1355.9725
     291    1363.6807
     292    1396.7390
     293    1445.9010
     294    1496.7663
     295    1534.9550
     296    1551.0797
     297    1543.6572
     298    1518.9823
     299    1488.2415
     300    1463.2040
     301    1452.1404
     302    1457.3026
     303    1474.6695
     304    1495.9188
     305    1511.8238
     306    1515.7721
     307    1506.1695
     308    1486.9274
     309    1465.7805
     310    1450.9875
     311    1447.8431
     312    1456.5940
     313    1472.5485
     314    1488.0207
     315    1495.1675
     316    1488.7365
     317    1467.8596
     318    1436.2926
     319    1401.0069
     320    1369.6213
     321    1347.6689
     322    1336.8998
     323    1335.3915
     324    1339.2777
     325    1345.0769
     326    1351.4894
     327    1359.9329
     328    1373.6299
     329    1395.6234
     330    1426.5686
     331    1463.3590
     332    1499.3779
     333    1526.4740
     334    1537.9181
     335    1531.0913
     336    1508.6976
     337    1477.9029
     338    1447.6671
     339    1425.3244
     340    1413.8195
     341    1410.7562
     342    1409.6700
     343    1403.0188
     344    1385.6957
     345    1357.6456
     346    1324.4646
     347    1295.6309
     348    1280.9698
     349    1286.7502
     350    1313.0252
     351    1353.3204
     352    1396.8432
     353    1432.3645
     354    1452.2672
     355    1455.2009
     356    1446.3334
     357    1435.1292
     358    1431.4890
     359    1441.6744
     360    1465.5415
     361    1496.2212
     362    1522.5872
     363    1533.7241
     364    1523.6023
     365    1493.9274
     366    1453.8955
     367    1416.9061
     368    1395.4919
     369    1396.4440
     370    1418.0600
     371    1450.6779
     372    1480.3500
     373    1494.2188
     374    1485.4416
     375    1455.8169
     376    1415.2843
     377    1378.6351
     378    1360.4948
     379    1369.9084
     380    1406.3362
     381    1459.2025
     382    1511.7561
     383    1547.4005
     384    1555.5721
     385    1535.0835
     386    1494.0820
     387    1446.8507
     388    1408.6893
     389    1390.6991
     390    1396.2782
     391    1420.4609
     392    1452.1596
     393    1478.3341
     394    1488.5690
     395    1478.5727
     396    1451.4708
     397    1416.4206
     398    1385.0695
     399    1367.3719
     400    1368.4311
     401    1387.2060
     402    1417.0760
     403    1447.9408
     404    1469.3258
     405    1473.6315
     406    1458.5014
     407    1427.4906
     408    1388.8198
     409    1352.6891
     410    1328.1459
     411    1320.6068
     412    1330.7356
     413    1354.7884
     414    1386.0857
     415    1417.0666
     416    1441.3592
     417    1455.3678
     418    1458.9906
     419    1455.2630
     420    1449.0453
     421    1445.2584
     422    1447.2741
     423    1455.9135
     424    1469.2235
     425    1483.0367
     426    1492.1608
     427    1491.9133
     428    1479.6000
     429    1455.5353
     430    1423.2977
     431    1389.1176
     432    1360.4547
     433    1344.0558
     434    1344.0092
     435    1360.4184
     436    1389.1917
     437    1423.0841
     438    1453.7485
     439    1474.2338
     440    1481.1515
     441    1475.7223
     442    1463.2419
     443    1451.0825
     444    1445.9735
     445    1451.6052
     446    1467.4571
     447    1489.2170
     448    1510.4676
     449    1524.8297
     450    1527.7785
     451    1517.8187
     452    1497.0087
     453    1470.5842
     454    1445.4640
     455    1428.0258
     456    1422.0929
     457    1427.9537
     458    1442.6575
     459    1461.1776
     460    1477.7806
     461    1487.1955
     462    1485.7767
     463    1472.7520
     464    1450.5662
     465    1423.5105
     466    1396.1736
     467    1373.1579
     468    1358.8376
     469    1356.1946
     470    1365.5402
     471    1384.0258
     472    1406.1465
     473    1425.0777
     474    1434.5387
     475    1430.7441
     476    1413.9021
     477    1388.7292
     478    1363.5992
     479    1348.3392
     480    1351.1168
     481    1375.3265
     482    1417.6226
     483    1468.0542
     484    1512.6281
     485    1537.6967
     486    1534.6980
     487    1503.4538
     488    1452.6984
     489    1397.5297
     490    1354.5542
     491    1336.3117
     492    1346.8898
     493    1380.3448
     494    1422.6465
     495    1456.5637
     496    1467.7451
     497    1449.7757
     498    1406.4211
     499    1350.2917
     500    1298.4466
     501    1266.4996
     502    1263.2838
     503    1287.9230
     504    1330.3468
     505    1375.0874
     506    1406.9598
     507    1416.5161
     508    1403.2680
     509    1375.5820
     510    1347.4036
     511    1333.0726
     512    1342.0907
     513    1375.6206
     514    1425.9184
     515    1478.8970
     516    1518.9209
     517    1534.1369
     518    1520.4992
     519    1483.1287
     520    1434.5446
     521    1390.2893
     522    1363.4376
     523    1360.0945
     524    1377.6843
     525    1406.5384
     526    1433.9006
     527    1448.7493
     528    1445.7446
     529    1426.9490
     530    1400.7448
     531    1378.4101
     532    1369.7028
     533    1379.1740
     534    1404.5491
     535    1437.6846
     536    1467.6202
     537    1484.5445
     538    1483.2326
     539    1464.7690
     540    1436.0031
     541    1407.0362
     542    1387.7150
     543    1384.4228
     544    1398.2388
     545    1425.0031
     546    1457.1257
     547    1486.4259
     548    1506.9526
     549    1516.7761
     550    1518.1309
     551    1515.9249
     552    1515.2541
     553    1518.9301
     554    1526.0535
     555    1532.2671
     556    1531.6028
     557    1519.1225
     558    1493.1978
     559    1456.4952
     560    1415.2913
     561    1377.3776
     562    1349.3529
     563    1334.3624
     564    1331.2335
     565    1335.3735
     566    1340.9788
     567    1343.5582
     568    1341.7215
     569    1337.5693
     570    1335.5749
     571    1340.4098
     572    1354.5808
     573    1376.8828
     574    1402.3710
     575    1423.9573
     576    1435.0541
     577    1432.2279
     578    1416.8235
     579    1394.8924
     580    1375.3566
     581    1366.9540
     582    1375.0037
     583    1399.2479
     584    1433.7318
     585    1468.8576
     586    1494.8416
     587    1505.2583
     588    1499.3599
     589    1482.2450
     590    1462.7234
     591    1449.6488
     592    1448.2002
     593    1457.7006
     594    1471.9054
     595    1481.6288
     596    1478.6187
     597    1459.0916
     598    1425.5258
     599    1386.0311
     600    1351.5811
     601    1332.1729
     602    1333.2923
     603    1353.9697
     604    1387.1863
     605    1422.5111
     606    1449.9179
     607    1463.1989
     608    1461.6682
     609    1449.5830
     610    1433.6782
     611    1419.9646
     612    1411.1955
     613    1406.0459
     614    1400.1999
     615    1388.7174
     616    1368.6820
     617    1341.1895
     618    1311.8555
     619    1289.3170
     620    1282.0890
     621    1295.0767
     622    1327.3080
     623    1371.8401
     624    1417.8582
     625    1454.1687
     626    1472.9038
     627    1472.1146
     628    1456.1697
     629    1433.6467
     630    1413.5338
     631    1401.3451
     632    1396.8008
     633    1394.0789
     634    1384.5833
     635    1361.1161
     636    1321.7003
     637    1271.4205
     638    1221.4005
     639    1185.1192
     640    1173.4166
     641    1190.3321
     642    1231.6054
     643    1286.3074
     644    1340.7426
     645    1383.1218
     646    1407.3734
     647    1414.7571
     648    1412.7260
     649    1411.4450
     650    1419.2720
     651    1438.9584
     652    1466.1694
     653    1491.0489
     654    1502.2492
     655    1491.7718
     656    1458.6313
     657    1409.8697
     658    1358.4707
     659    1318.9211
     660    1302.0327
     661    1310.9368
     662    1339.8407
     663    1376.1599
     664    1405.3094
     665    1416.2457
     666    1405.5393
     667    1378.4149
     668    1346.4198
     669    1322.7354
     670    1317.0596
     671    1332.0189
     672    1362.3494
     673    1396.9708
     674    1423.0847
     675    1430.8043
     676    1416.7262
     677    1385.1957
     678    1346.7771
     679    1314.4230
     680    1298.7138
     681    1303.9539
     682    1326.6609
     683    1357.0583
     684    1382.9117
     685    1394.1666
     686    1386.6609
     687    1363.6417
     688    1334.6170
     689    1312.0177
     690    1306.8795
     691    1325.0477
     692    1365.1956
     693    1419.3044
     694    1475.3883
     695    1521.4373
     696    1549.1748
     697    1556.3446
     698    1546.8463
     699    1528.7066
     700    1510.4839
     701    1497.4240
     702    1489.4207
     703    1482.0372
     704    1469.6334
     705    1448.6008
     706    1419.3224
     707    1386.2443
     708    1356.1189
     709    1335.2289
     710    1326.8626
     711    1330.1862
     712    1340.9317
     713    1353.4911
     714    1363.4085
     715    1369.1486
     716    1372.3413
     717    1376.3893
     718    1384.1166
     719    1395.7047
     720    1408.0644
     721    1416.0289
     722    1414.7919
     723    1402.4614
     724    1381.5990
     725    1359.0236
     726    1343.8370
     727    1344.2902
     728    1364.6043
     729    1402.9309
     730    1451.2873
     731    1497.6336
     732    1529.5029
     733    1538.0138
     734    1520.8857
     735    1483.3219
     736    1436.3230
     737    1392.8925
     738    1363.4129
     739    1351.9009
     740    1354.6035
     741    1361.5870
     742    1360.7968
     743    1343.0875
     744    1306.3010
     745    1256.8268
     746    1208.0207
     747    1175.9834
     748    1174.1452
     749    1208.5276
     750    1275.3183
     751    1361.6091
     752    1449.0518
     753    1519.1964
     754    1558.7233
     755    1562.8678
     756    1536.0136
     757    1489.4598
     758    1437.3009
     759    1391.9275
     760    1360.6160
     761    1344.1639
     762    1337.7441
     763    1333.4341
     764    1323.4349
     765    1302.9311
     766    1271.7547
     767    1234.4835
     768    1199.1007
     769    1174.7266
     770    1169.0993
     771    1186.4033
     772    1225.8770
     773    1281.5343
     774    1343.2119
     775    1398.8807
     776    1437.6687
     777    1452.7182
     778    1443.0367
     779    1413.7836
     780    1374.8326
     781    1337.9578
     782    1313.4485
     783    1307.1485
     784    1318.8336
     785    1342.4914
     786    1368.4912
     787    1386.9522
     788    1391.1624
     789    1379.8860
     790    1357.7589
     791    1333.6285
     792    1317.3818
     793    1316.3258
     794    1332.3429
     795    1360.7946
     796    1391.6616
     797    1412.7455
     798    1414.0282
     799    1391.6221
     800    1349.6643
     801    1299.2405
     802    1254.6512
     803    1228.4062
     804    1226.8544
     805    1248.0846
     806    1282.8381
     807    1318.0088
     808    1341.3536
     809    1345.6614
     810    1330.9419
     811    1304.0318
     812    1275.9721
     813    1258.2011
     814    1258.8238
     815    1280.0705
     816    1317.6002
     817    1361.8225
     818    1400.9801
     819    1425.1809
     820    1429.9535
     821    1417.8302
     822    1397.2415
     823    1379.1589
     824    1372.8145
     825    1382.1477
     826    1404.2834
     827    1430.4939
     828    1449.1753
     829    1449.7758
     830    1426.4309
     831    1380.1811
     832    1319.0220
     833    1255.6859
     834    1203.8067
     835    1173.7129
     836    1169.2717
     837    1186.8845
     838    1216.9850
     839    1247.5156
     840    1268.1635
     841    1273.8528
     842    1266.2925
     843    1253.0883
     844    1244.7834
     845    1250.8888
     846    1276.2488
     847    1319.0068
     848    1370.8604
     849    1419.5066
     850    1452.4754
     851    1461.1143
     852    1443.4176
     853    1404.7011
     854    1355.7955
     855    1309.4004
     856    1275.9780
     857    1260.6964
     858    1262.4167
     859    1274.8969
     860    1289.5749
     861    1298.7970
     862    1298.3710
     863    1288.6899
     864    1274.2093
     865    1261.5394
     866    1256.8375
     867    1263.4529
     868    1280.7139
     869    1304.2648
     870    1327.7869
     871    1345.4377
     872    1354.0702
     873    1354.2773
     874    1349.7710
     875    1345.4606
     876    1345.2859
     877    1350.8475
     878    1361.2609
     879    1374.0371
     880    1386.4410
     881    1396.7056
     882    1404.6495
     883    1411.4136
     884    1418.2183
     885    1424.5771
     886    1427.2756
     887    1421.3262
     888    1402.5022
     889    1369.8536
     890    1326.9754
     891    1281.5220
     892    1243.0303
     893    1219.6866
     894    1215.2170
     895    1227.3026
     896    1248.4648
     897    1269.1475
     898    1281.5624
     899    1282.6418
     900    1274.9772
     901    1265.5084
     902    1262.5585
     903    1272.3462
     904    1296.2635
     905    1329.9774
     906    1364.7726
     907    1390.6373
     908    1399.8617
     909    1389.7484
     910    1363.4545
     911    1328.7095
     912    1294.9382
     913    1269.9130
     914    1257.2514
     915    1255.7130
     916    1260.4420
     917    1265.4710
     918    1266.3565
     919    1261.8788
     920    1254.2595
     921    1247.9923
     922    1247.9363
     923    1257.4533
     924    1277.2036
     925    1304.9626
     926    1336.4661
     927    1366.8785
     928    1392.2677
     929    1410.5691
     930    1421.7963
     931    1427.5115
     932    1429.7771
     933    1429.9736
     934    1427.9527
     935    1421.9126
     936    1409.1308
     937    1387.3376
     938    1356.1297
     939    1317.7468
     940    1276.8239
     941    1239.1957
     942    1210.2637
     943    1193.5895
     944    1190.2019
     945    1198.7446
     946    1216.2939
     947    1239.5120
     948    1265.7086
     949    1293.3178
     950    1321.4319
     951    1348.6934
     952    1372.5872
     953    1389.8444
     954    1397.5229
     955    1393.9504
     956    1379.1609
     957    1354.7751
     958    1323.4351
     959    1288.0370
     960    1251.0769
     961    1214.3738
     962    1179.2421
     963    1146.9852
     964    1119.4455
     965    1099.3227
     966    1090.0535
     967    1095.1711
     968    1117.2039
     969    1156.3896
     970    1209.6727
     971    1270.5077
     972    1329.8166
     973    1377.9755
     974    1407.2291
     975    1413.7207
     976    1398.4577
     977    1366.9188
     978    1327.4736
     979    1289.1616
     980    1259.5134
     981    1243.0140
     982    1240.4927
     983    1249.3579
     984    1264.5284
     985    1280.1478
     986    1291.8627
     987    1298.6197
     988    1303.0083
     989    1310.0330
     990    1324.8439
     991    1350.2366
     992    1384.8542
     993    1422.8527
     994    1455.2720
     995    1472.7169
     996    1468.4417
     997    1440.7375
     998    1393.7262
     999    1336.2885
    1000    1279.4601
    1001    1233.8016
    1002    1206.2563
    1003    1199.1504
    1004    1210.0786
    1005    1233.0728
    1006    1260.5355
    1007    1285.4414
    1008    1303.2170
    1009    1312.7082
    1010    1315.9442
    1011    1316.8540
    1012    1319.4452
    1013    1326.0737
    1014    1336.3637
    1015    1347.1665
    1016    1353.6575
    1017    1351.2449
    1018    1337.5523
    1019    1313.6711
    1020    1284.2193
    1021    1256.1886
    1022    1236.9567
    1023    1232.0559
    1024    1243.3496
    1025    1268.2015
    1026    1300.0041
    1027    1330.0083
    1028    1349.8952
    1029    1354.2061
    1030    1341.8475
    1031    1316.2562
    1032    1284.2618
    1033    1254.0117
    1034    1232.5517
    1035    1223.7373
    1036    1227.0971
    1037    1238.0258
    1038    1249.3231
    1039    1253.6539
    1040    1246.1881
    1041    1226.5652
    1042    1199.5170
    1043    1173.8332
    1044    1159.8183
    1045    1165.8813
    1046    1195.2969
    1047    1244.3253
    1048    1302.5726
    1049    1355.7328
    1050    1389.9390
    1051    1396.2900
    1052    1373.9464
    1053    1330.6155
    1054    1280.1228
    1055    1237.8072
    1056    1215.3334
    1057    1216.7727
    1058    1237.4124
    1059    1265.7514
    1060    1287.9656
    1061    1293.1842
    1062    1277.6265
    1063    1246.0747
    1064    1210.1292
    1065    1183.8727
    1066    1178.5304
    1067    1198.1667
    1068    1238.0370
    1069    1286.2151
    1070    1327.8424
    1071    1350.3870
    1072    1347.9645
    1073    1323.1958
    1074    1286.0808
    1075    1250.4362
    1076    1229.2342
    1077    1230.4488
    1078    1254.7402
    1079    1295.6539
    1080    1342.1489
    1081    1382.4814
    1082    1408.0137
    1083    1415.5619
    1084    1407.5270
    1085    1390.0296
    1086    1370.0756
    1087    1353.0086
    1088    1341.1506
    1089    1333.9475
    1090    1329.2245
    1091    1324.7497
    1092    1319.3600
    1093    1313.2994
    1094    1307.8497
    1095    1304.6043
    1096    1304.8092
    1097    1309.0352
    1098    1317.2475
    1099    1329.1151
    1100    1344.3084
    1101    1362.5015
    1102    1382.9405
    1103    1403.7760
    1104    1421.6930
    1105    1432.2909
    1106    1431.2410
    1107    1415.9024
    1108    1386.8597
    1109    1348.6689
    1110    1309.1676
    1111    1277.2828
    1112    1260.0547
    1113    1260.0587
    1114    1274.2992
    1115    1295.0990
    1116    1312.7174
    1117    1318.8033
    1118    1309.4488
    1119    1286.7288
    1120    1258.0559
    1121    1233.4223
    1122    1221.5076
    1123    1226.2528
    1124    1245.3701
    1125    1271.4108
    1126    1294.9392
    1127    1308.4604
    1128    1309.4221
    1129    1301.0794
    1130    1290.9840
    1131    1287.8199
    1132    1297.8604
    1133    1322.4044
    1134    1357.1338
    1135    1393.5949
    1136    1422.2064
    1137    1435.6394
    1138    1431.2997
    1139    1411.9947
    1140    1384.6026
    1141    1357.3663
    1142    1336.9239
    1143    1326.2188
    1144    1324.0430
    1145    1326.2611
    1146    1328.0112
    1147    1325.8541
    1148    1319.0457
    1149    1309.5651
    1150    1301.0228
    1151    1296.9633
    1152    1299.2804
    1153    1307.3987
    1154    1318.5347
    1155    1328.8681
    1156    1335.0863
    1157    1335.6490
    1158    1331.2471
    1159    1324.3245
    1160    1317.9075
    1161    1314.2882
    1162    1314.0985
    1163    1316.1473
    1164    1318.0898
    1165    1317.6064
    1166    1313.5448
    1167    1306.4926
    1168    1298.5321
    1169    1292.3106
    1170    1289.8470
    1171    1291.5965
    1172    1296.1786
    1173    1300.9016
    1174    1302.8874
    1175    1300.2898
    1176    1293.0358
    1177    1282.7835
    1178    1272.1813
    1179    1263.8266
    1180    1259.4018
    1181    1259.3269
    1182    1262.9812
    1183    1269.2833
    1184    1277.2674
    1185    1286.3578
    1186    1296.2483
    1187    1306.5139
    1188    1316.2222
    1189    1323.8130
    1190    1327.4098
    1191    1325.4991
    1192    1317.6533
    1193    1304.8985
    1194    1289.5841
    1195    1274.9295
    1196    1264.3718
    1197    1260.6797
    1198    1264.9986
    1199    1276.2877
    1200    1291.5378
    1201    1306.7659
    1202    1318.4088
    1203    1324.5456
    1204    1325.4775
    1205    1323.4507
    1206    1321.6528
    1207    1322.8617
    1208    1328.2515
    1209    1336.7796
    1210    1345.3602
    1211    1349.7631
    1212    1345.9742
    1213    1331.6250
    1214    1307.0096
    1215    1275.2742
    1216    1241.6173
    1217    1211.7392
    1218    1190.1010
    1219    1178.6372
    1220    1176.4069
    1221    1180.2690
    1222    1186.2828
    1223    1191.2794
    1224    1194.0330
    1225    1195.5869
    1226    1198.6019
    1227    1206.0264
    1228    1219.6816
    1229    1239.2928
    1230    1262.2130
    1231    1283.8753
    1232    1298.9077
    1233    1302.7122
    1234    1293.0137
    1235    1270.7781
    1236    1240.1246
    1237    1207.2843
    1238    1179.0022
    1239    1160.8681
    1240    1156.0214
    1241    1164.5215
    1242    1183.5006
    1243    1208.0119
    1244    1232.3156
    1245    1251.2863
    1246    1261.6791
    1247    1262.9986
    1248    1257.6817
    1249    1250.2927
    1250    1245.7836
    1251    1247.5188
    1252    1256.0522
    1253    1269.0670
    1254    1282.1920
    1255    1290.2796
    1256    1288.9021
    1257    1275.7854
    1258    1251.8115
    1259    1221.2174
    1260    1190.7265
    1261    1167.6575
    1262    1157.5345
    1263    1162.1752
    1264    1179.1512
    1265    1202.7929
    1266    1226.1895
    1267    1243.3805
    1268    1251.0306
    1269    1249.1311
    1270    1240.6017
    1271    1229.9924
    1272    1221.7432
    1273    1218.6089
    1274    1220.8105
    1275    1226.2162
    1276    1231.4368
    1277    1233.3503
    1278    1230.4373
    1279    1223.4128
    1280    1214.9404
    1281    1208.5464
    1282    1207.1656
    1283    1211.8906
    1284    1221.4794
    1285    1232.8960
    1286    1242.7032
    1287    1248.7114
    1288    1251.1052
    1289    1252.4678
    1290    1256.6473
    1291    1266.9775
    1292    1284.5777
    1293    1307.3952
    1294    1330.4122
    1295    1347.1489
    1296    1352.1404
    1297    1343.4717
    1298    1324.1391
    1299    1301.3993
    1300    1284.2139
    1301    1279.7979
    1302    1290.6781
    1303    1313.4723
    1304    1339.9225
    1305    1359.8533
    1306    1364.9790
    1307    1352.1235
    1308    1324.5776
    1309    1291.0035
    1310    1262.2633
    1311    1247.4358
    1312    1250.5848
    1313    1269.4726
    1314    1296.6400
    1315    1322.3835
    1316    1338.4606
    1317    1341.0649
    1318    1331.9501
    1319    1317.3314
    1320    1305.0580
    1321    1301.2207
    1322    1307.5789
    1323    1320.8541
    1324    1334.1539
    1325    1339.8991
    1326    1333.0340
    1327    1313.1988
    1328    1284.9921
    1329    1256.2390
    1330    1234.9632
    1331    1226.2544
    1332    1230.2730
    1333    1242.2504
    1334    1254.5606
    1335    1260.0691
    1336    1255.3654
    1337    1242.4744
    1338    1228.2159
    1339    1221.3901
    1340    1228.9565
    1341    1252.8602
    1342    1288.8668
    1343    1327.8688
    1344    1359.1285
    1345    1374.1906
    1346    1369.9584
    1347    1349.7610
    1348    1322.0053
    1349    1296.9195
    1350    1282.6548
    1351    1282.2468
    1352    1292.6186
    1353    1305.9758
    1354    1313.0083
    1355    1306.6150
    1356    1284.7211
    1357    1251.1609
    1358    1214.3857
    1359    1184.5339
    1360    1169.9590
    1361    1174.4141
    1362    1195.8499
    1363    1227.1892
    1364    1258.7396
    1365    1281.3344
    1366    1289.1072
    1367    1281.0057
    1368    1260.6510
    1369    1234.7344
    1370    1210.6409
    1371    1194.1672
    1372    1188.0638
    1373    1191.7150
    1374    1201.8513
    1375    1213.9045
    1376    1223.5102
    1377    1227.6877
    1378    1225.3845
    1379    1217.3682
    1380    1205.6877
    1381    1193.0189
    1382    1182.0902
    1383    1175.2378
    1384    1174.0374
    1385    1178.9771
    1386    1189.2205
    1387    1202.6029
    1388    1216.0173
    1389    1226.2347
    1390    1230.9921
    1391    1229.9515
    1392    1225.0655
    1393    1220.0551
    1394    1219.1181
    1395    1225.3726
    1396    1239.6776
    1397    1260.2825
    1398    1283.3841
    1399    1304.3296
    1400    1319.0108
    1401    1325.0038
    1402    1322.1237
    1403    1312.2810
    1404    1298.7502
    1405    1285.1299
    1406    1274.3276
    1407    1267.8519
    1408    1265.5682
    1409    1265.9246
    1410    1266.5143
    1411    1264.7829
    1412    1258.6907
    1413    1247.2231
    1414    1230.6943
    1415    1210.8247
    1416    1190.5702
    1417    1173.6907
    1418    1164.0853
    1419    1164.9463
    1420    1177.8223
    1421    1201.8041
    1422    1233.1689
    1423    1265.8158
    1424    1292.6146
    1425    1307.3644
    1426    1306.7466
    1427    1291.5797
    1428    1266.8552
    1429    1240.4078
    1430    1220.5110
    1431    1213.1159
    1432    1219.6637
    1433    1236.3309
    1434    1255.1346
    1435    1266.6674
    1436    1263.6040
    1437    1243.7349
    1438    1211.3497
    1439    1176.3214
    1440    1151.0494
    1441    1146.2435
    1442    1167.0158
    1443    1210.6875
    1444    1267.1452
    1445    1321.7070
    1446    1359.6006
    1447    1370.5848
    1448    1352.1589
    1449    1310.2718
    1450    1257.2693
    1451    1207.7598
    1452    1173.8002
    1453    1161.0768
    1454    1167.4142
    1455    1184.1162
    1456    1199.5972
    1457    1203.9388
    1458    1192.6925
    1459    1168.5668
    1460    1140.4289
    1461    1120.0121
    1462    1117.5330
    1463    1137.8159
    1464    1178.3425
    1465    1229.9479
    1466    1279.8937
    1467    1316.1838
    1468    1331.5435
    1469    1325.6441
    1470    1304.8243
    1471    1279.4762
    1472    1260.1351
    1473    1253.7480
    1474    1261.4708
    1475    1278.7071
    1476    1297.2203
    1477    1308.4239
    1478    1306.5851
    1479    1290.8047
    1480    1265.1379
    1481    1236.9244
    1482    1214.0410
    1483    1202.1442
    1484    1202.9009
    1485    1213.7640
    1486    1229.2431
    1487    1243.0689
    1488    1250.3953
    1489    1249.2626
    1490    1240.9024
    1491    1228.9037
    1492    1217.6424
    1493    1210.5969
    1494    1209.1523
    1495    1212.3023
    1496    1217.3234
    1497    1221.1202
    1498    1221.6495
    1499    1218.8137
    1500    1214.4513
    1501    1211.4483
    1502    1212.3483
    1503    1218.0745
    1504    1227.3455
    1505    1237.1057
    1506    1243.8430
    1507    1245.2473
    1508    1241.4592
    1509    1235.2730
    1510    1231.1350
    1511    1233.3128
    1512    1244.0118
    1513    1262.2053
    1514    1283.6516
    1515    1302.1153
    1516    1311.3930
    1517    1307.4594
    1518    1289.9681
    1519    1262.5174
    1520    1231.5112
    1521    1203.9963
    1522    1185.3160
    1523    1177.5014
    1524    1179.0011
    1525    1185.7693
    1526    1193.2046
    1527    1198.1609
    1528    1200.2539
    1529    1201.9770
    1530    1207.5751
    1531    1221.1287
    1532    1244.6188
    1533    1276.7439
    1534    1312.9537
    1535    1346.7084
    1536    1371.4949
    1537    1382.8847
    1538    1379.8738
    1539    1365.0041
    1540    1343.2098
    1541    1319.8302
    1542    1298.6027
    1543    1280.4382
    1544    1263.4794
    1545    1244.3831
    1546    1220.2785
    1547    1190.5662
    1548    1157.7895
    1549    1127.1966
    1550    1105.1579
    1551    1097.0297
    1552    1105.2864
    1553    1128.6192
    1554    1162.3160
    1555    1199.7617
    1556    1234.4795
    1557    1261.9790
    1558    1280.7582
    1559    1292.1554
    1560    1299.1821
    1561    1304.8803
    1562    1310.8881
    1563    1316.8011
    1564    1320.5283
    1565    1319.4266
    1566    1311.6771
    1567    1297.3416
    1568    1278.6976
    1569    1259.6117
    1570    1243.9830
    1571    1234.0719
    1572    1230.0917
    1573    1231.1382
    1574    1236.1628
    1575    1244.2459
    1576    1254.3974
    1577    1265.3002
    1578    1275.2197
    1579    1282.1671
    1580    1284.2915
    1581    1280.3771
    1582    1270.2688
    1583    1255.1283
    1584    1237.5139
    1585    1221.1640
    1586    1210.2391
    1587    1208.0230
    1588    1215.5273
    1589    1230.6623
    1590    1248.4776
    1591    1262.5518
    1592    1267.1274
    1593    1259.2449
    1594    1240.0473
    1595    1214.6930
    1596    1190.7983
    1597    1175.8873
    1598    1174.7102
    1599    1187.3944
    1600    1209.1631
    1601    1231.7915
    1602    1246.3207
    1603    1246.0870
    1604    1229.0016
    1605    1198.2855
    1606    1161.4131
    1607    1127.6530
    1608    1105.0819
    1609    1098.1315
    1610    1106.4994
    1611    1125.7408
    1612    1149.2268
    1613    1170.6641
    1614    1186.2362
    1615    1195.6204
    1616    1201.6186
    1617    1208.6441
    1618    1220.7167
    1619    1239.7472
    1620    1264.7403
    1621    1292.1534
    1622    1317.2285
    1623    1335.7696
    1624    1345.6490
    1625    1347.4517
    1626    1344.0561
    1627    1339.3840
    1628    1336.8509
    1629    1338.0968
    1630    1342.4569
    1631    1347.3331
    1632    1349.2708
    1633    1345.2916
    1634    1333.9586
    1635    1315.8082
    1636    1293.0341
    1637    1268.6038
    1638    1245.1860
    1639    1224.3206
    1640    1206.1518
    1641    1189.8072
    1642    1174.2536
    1643    1159.2315
    1644    1145.8160
    1645    1136.2563
    1646    1133.0334
    1647    1137.4958
    1648    1148.8058
    1649    1163.8905
    1650    1178.5143
    1651    1188.9374
    1652    1193.3590
    1653    1192.5495
    1654    1189.4431
    1655    1187.8744
    1656    1190.9521
    1657    1199.7068
    1658    1212.5584
    1659    1225.8509
    1660    1235.2760
    1661    1237.6316
    1662    1232.2156
    1663    1221.2851
    1664    1209.3816
    1665    1201.7442
    1666    1202.3644
    1667    1212.3959
    1668    1229.5665
    1669    1248.8675
    1670    1264.2953
    1671    1270.9817
    1672    1266.9052
    1673    1253.5299
    1674    1235.1447
    1675    1217.1742
    1676    1204.1201
    1677    1197.9163
    1678    1197.3406
    1679    1198.7119
    1680    1197.6087
    1681    1190.9033
    1682    1178.2581
    1683    1162.4518
    1684    1148.4034
    1685    1141.3016
    1686    1144.5962
    1687    1158.6493
    1688    1180.5747
    1689    1205.3032
    1690    1227.4254
    1691    1243.0455
    1692    1250.9199
    1693    1252.4809
    1694    1250.8012
    1695    1248.9792
    1696    1248.6182
    1697    1249.0311
    1698    1247.5137
    1699    1240.6142
    1700    1225.8944
    1701    1203.4356
    1702    1176.4240
    1703    1150.4932
    1704    1131.9909
    1705    1125.7779
    1706    1133.4124
    1707    1152.4424
    1708    1177.1246
    1709    1200.3255
    1710    1215.9358
    1711    1220.9334
    1712    1216.3554
    1713    1206.7671
    1714    1198.3578
    1715    1196.3373
    1716    1202.7022
    1717    1215.3402
    1718    1228.8633
    1719    1236.7812
    1720    1234.1063
    1721    1219.3842
    1722    1195.3773
    1723    1168.1388
    1724    1144.8198
    1725    1131.0522
    1726    1128.9349
    1727    1136.3950
    1728    1148.1540
    1729    1157.8976
    1730    1160.7701
    1731    1155.2063
    1732    1143.3786
    1733    1130.1386
    1734    1120.9603
    1735    1119.7731
    1736    1127.5580
    1737    1142.2061
    1738    1159.5982
    1739    1175.4131
    1740    1186.9158
    1741    1194.0081
    1742    1199.1068
    1743    1205.8976
    1744    1217.4826
    1745    1234.7222
    1746    1255.5261
    1747    1275.4669
    1748    1289.5374
    1749    1294.3227
    1750    1289.5963
    1751    1278.5770
    1752    1266.6663
    1753    1259.1750
    1754    1258.9761
    1755    1265.0183
    1756    1272.3464
    1757    1273.8299
    1758    1263.1524
    1759    1237.8307
    1760    1200.7883
    1761    1159.6913
    1762    1124.3013
    1763    1102.8890
    1764    1099.0839
    1765    1110.3936
    1766    1129.0832
    1767    1145.1698
    1768    1150.3559
    1769    1141.3067
    1770    1120.9842
    1771    1097.6031
    1772    1081.7064
    1773    1082.4271
    1774    1103.9817
    1775    1143.4003
    1776    1190.8748
    1777    1233.4728
    1778    1260.5131
    1779    1267.6005
    1780    1257.6836
    1781    1239.2576
    1782    1222.7492
    1783    1216.5179
    1784    1223.9054
    1785    1242.3492
    1786    1264.7781
    1787    1282.6521
    1788    1289.4264
    1789    1283.0969
    1790    1266.9123
    1791    1248.0179
    1792    1234.5269
    1793    1232.1504
    1794    1241.8504
    1795    1259.6043
    1796    1278.2227
    1797    1290.2059
    1798    1290.3979
    1799    1277.5314
    1800    1254.2187
    1801    1225.5329
    1802    1196.8432
    1803    1171.8306
    1804    1151.4789
    1805    1134.3801
    1806    1118.1021
    1807    1100.9150
    1808    1083.0753
    1809    1067.1033
    1810    1056.9383
    1811    1056.3426
    1812    1067.2328
    1813    1088.6495
    1814    1116.8030
    1815    1146.2473
    1816    1171.7806
    1817    1190.3413
    1818    1202.1099
    1819    1210.3088
    1820    1219.6879
    1821    1234.2479
    1822    1255.1087
    1823    1279.4453
    1824    1301.0490
    1825    1312.4441
    1826    1307.8426
    1827    1285.8206
    1828    1250.5751
    1829    1211.1354
    1830    1178.6687
    1831    1162.8105
    1832    1168.3397
    1833    1193.4002
    1834    1229.9526
    1835    1266.3631
    1836    1291.2873
    1837    1297.4933
    1838    1284.2338
    1839    1257.2702
    1840    1226.5204
    1841    1202.1992
    1842    1190.9210
    1843    1193.2518
    1844    1203.6297
    1845    1212.6506
    1846    1210.8085
    1847    1192.2620
    1848    1157.2088
    1849    1112.0117
    1850    1067.0822
    1851    1033.3558
    1852    1018.6894
    1853    1025.4775
    1854    1050.1941
    1855    1084.7183
    1856    1118.8388
    1857    1143.4692
    1858    1153.8562
    1859    1151.3286
    1860    1142.4980
    1861    1136.2323
    1862    1139.8224
    1863    1155.9374
    1864    1181.5489
    1865    1209.2029
    1866    1230.0855
    1867    1237.6219
    1868    1230.1488
    1869    1211.6021
    1870    1189.9668
    1871    1174.1310
    1872    1170.3872
    1873    1179.9641
    1874    1198.5485
    1875    1217.9881
    1876    1229.4971
    1877    1227.1054
    1878    1210.0086
    1879    1182.9058
    1880    1154.1939
    1881    1132.7133
    1882    1124.3347
    1883    1129.7191
    1884    1144.1341
    1885    1159.4080
    1886    1167.2799
    1887    1162.8424
    1888    1146.6739
    1889    1124.7385
    1890    1106.0419
    1891    1099.0139
    1892    1108.0968
    1893    1131.9204
    1894    1163.7526
    1895    1194.0168
    1896    1213.9010
    1897    1218.6857
    1898    1209.5275
    1899    1193.0207
    1900    1178.6889
    1901    1175.2823
    1902    1187.2199
    1903    1212.5145
    1904    1243.0559
    1905    1267.2659
    1906    1274.2396
    1907    1257.8834
    1908    1219.5079
    1909    1167.8351
    1910    1116.2965
    1911    1078.4867
    1912    1063.3889
    1913    1072.1677
    1914    1097.8171
    1915    1127.8724
    1916    1149.1666
    1917    1152.8218
    1918    1137.5962
    1919    1110.3628
    1920    1083.5537
    1921    1070.4780
    1922    1080.2292
    1923    1114.0816
    1924    1164.7853
    1925    1219.0433
    1926    1262.2040
    1927    1283.3648
    1928    1279.0168
    1929    1253.9857
    1930    1219.4434
    1931    1188.7814
    1932    1172.8500
    1933    1176.2726
    1934    1196.1225
    1935    1223.3450
    1936    1246.2591
    1937    1254.7602
    1938    1243.7870
    1939    1215.0285
    1940    1176.3708
    1941    1139.1545
    1942    1114.1236
    1943    1107.6176
    1944    1119.5340
    1945    1143.8131
    1946    1171.0865
    1947    1192.2765
    1948    1201.7125
    1949    1198.6646
    1950    1186.9077
    1951    1172.6819
    1952    1161.9949
    1953    1158.4117
    1954    1162.1645
    1955    1170.7946
    1956    1180.8316
    1957    1189.6014
    1958    1196.2888
    1959    1201.8248
    1960    1207.7585
    1961    1214.7902
    1962    1221.7768
    1963    1225.7842
    1964    1223.2470
    1965    1211.7683
    1966    1191.7327
    1967    1166.8968
    1968    1143.5072
    1969    1128.1392
    1970    1125.0537
    1971    1134.1484
    1972    1150.4317
    1973    1165.3645
    1974    1169.6866
    1975    1156.7391
    1976    1125.0493
    1977    1079.1870
    1978    1028.4956
    1979     984.1051
    1980     955.2787
    1981     946.4160
    1982     955.7855
    1983     976.4581
    1984     999.1105
    1985    1015.6805
    1986    1022.5124
    1987    1021.7898
    1988    1020.6851
    1989    1028.5187
    1990    1052.9716
    1991    1096.7571
    1992    1156.0096
    1993    1221.0348
    1994    1279.2375
    1995    1319.2259
    1996    1334.6285
    1997    1326.1961
    1998    1301.3598
    1999    1271.3599
    2000    1247.0200
