#Frame              T
       1    1066.3454
       2    1102.8164
       3    1116.3162
       4    1115.0507
       5    1171.5003
       6    1096.6606
       7    1004.5275
       8     998.5943
       9    1017.9848
      10     957.9927
      11    1098.8862
      12    1049.9522
      13    1057.6765
      14     951.1372
      15     986.5784
      16     930.9279
      17     910.8768
      18     891.7267
      19     887.2229
      20     895.5331
      21     863.5161
      22    1016.2041
      23     901.0210
      24     831.0399
      25     864.3669
      26     925.2632
      27     922.8355
      28     884.5428
      29     834.4945
      30     842.5006
      31     741.2649
      32     947.8342
      33     789.4115
      34     925.2484
      35     803.4248
      36     843.6189
      37     914.6804
      38     889.0290
      39     807.9965
      40     769.2348
      41     811.4297
      42     785.8241
      43     762.3434
      44     757.0795
      45     773.6488
      46     763.0813
      47     715.6837
      48     779.4369
      49     752.1676
      50     699.8733
      51     821.5997
      52     696.5171
      53     762.7248
      54     722.9360
      55     759.1699
      56     707.8923
      57     701.6124
      58     710.0316
      59     672.4489
      60     665.0153
      61     757.4214
      62     713.5606
      63     689.2917
      64     724.6671
      65     644.3433
      66     721.8886
      67     664.9820
      68     752.6753
      69     643.8860
      70     610.3725
      71     710.8796
      72     578.8678
      73     636.9700
      74     609.4673
      75     638.5249
      76     669.7150
      77     616.6354
      78     668.8402
      79     612.1827
      80     626.4670
      81     581.8652
      82     640.5695
      83     617.6753
      84     610.5201
      85     647.1941
      86     685.0253
      87     619.1411
      88     647.1774
      89     594.6774
      90     626.9047
      91     600.7887
      92     556.2153
      93     547.1085
      94     557.1147
      95     572.4687
      96     624.6796
      97     591.0457
      98     631.0086
      99     579.2207
     100     602.1996
     101     579.5783
     102     610.3676
     103     567.8165
     104     599.3980
     105     567.5743
     106     569.7195
     107     506.2993
     108     590.3087
     109     535.1676
     110     588.7115
     111     595.0037
     112     555.4431
     113     520.6781
     114     585.6785
     115     569.2752
     116     607.0351
     117     565.1969
     118     581.7404
     119     526.4882
     120     543.9718
     121     563.6691
     122     548.2489
     123     531.7615
     124     520.1220
     125     500.0256
     126     512.8063
     127     496.9277
     128     542.4372
     129     497.4969
     130     497.2131
     131     475.2346
     132     504.1018
     133     453.4614
     134     499.2000
     135     463.2518
     136     498.0086
     137     503.2070
     138     532.0168
     139     480.8286
     140     543.9696
     141     521.0604
     142     490.1471
     143     510.6110
     144     469.4463
     145     506.8283
     146     479.2595
     147     469.3254
     148     501.0695
     149     474.1742
     150     443.9933
     151     449.9220
     152     490.2909
     153     478.0775
     154     503.5637
     155     466.9761
     156     467.2734
     157     526.8252
     158     490.4528
     159     512.4923
     160     482.9044
     161     482.0763
     162     460.8663
     163     482.5205
     164     493.0044
     165     513.0687
     166     440.2595
     167     471.6585
     168     435.8116
     169     449.2528
     170     460.8942
     171     515.4064
     172     486.1436
     173     455.1429
     174     441.2554
     175     457.1147
     176     449.1863
     177     453.2734
     178     429.0851
     179     426.9990
     180     453.9678
     181     428.6701
     182     433.9953
     183     414.9724
     184     416.1301
     185     403.5597
     186     424.7999
     187     427.0326
     188     436.2498
     189     419.8630
     190     423.2211
     191     453.8907
     192     461.7027
     193     424.6520
     194     459.5458
     195     423.7292
     196     452.2579
     197     415.3738
     198     441.6243
     199     450.4082
     200     422.0606
     201     445.0674
     202     462.9388
     203     401.0770
     204     433.5235
     205     434.2080
     206     413.5085
     207     445.1733
     208     464.3315
     209     446.4786
     210     475.4282
     211     427.3869
     212     424.2163
     213     421.0244
     214     400.9727
     215     399.0522
     216     391.6680
     217     421.8878
     218     432.1903
     219     425.0916
     220     363.0484
     221     396.0379
     222     380.1159
     223     428.2628
     224     391.5246
     225     422.9096
     226     408.5024
     227     366.1684
     228     373.9906
     229     367.2697
     230     398.0721
     231     399.4439
     232     399.4786
     233     382.5281
     234     422.0052
     235     386.1597
     236     415.9272
     237     387.2455
     238     373.4163
     239     392.5541
     240     401.4581
     241     379.9404
     242     417.9483
     243     399.1431
     244     400.5128
     245     392.5860
     246     397.7898
     247     420.6544
     248     398.0926
     249     383.3353
     250     396.7925
     251     379.6349
     252     393.6649
     253     376.8453
     254     343.5898
     255     363.6570
     256     384.7749
     257     384.4834
     258     409.5843
     259     393.8734
     260     410.7979
     261     383.2201
     262     410.5242
     263     385.3707
     264     361.2372
     265     397.2697
     266     393.1279
     267     425.3053
     268     391.8150
     269     366.7961
     270     375.0494
     271     381.3936
     272     361.4741
     273     369.1818
     274     382.3952
     275     382.3384
     276     370.0859
     277     394.5505
     278     400.2586
     279     373.8960
     280     365.7882
     281     387.5273
     282     370.2442
     283     360.8163
     284     379.1928
     285     343.1555
     286     364.3908
     287     403.8512
     288     395.1308
     289     410.0150
     290     411.4822
     291     382.8283
     292     382.9812
     293     403.3326
     294     399.2439
     295     390.6356
     296     350.7166
     297     378.9858
     298     380.1880
     299     384.4176
     300     373.9983
     301     377.5867
     302     384.8703
     303     382.2879
     304     360.2442
     305     369.8040
     306     406.1731
     307     390.1064
     308     379.7003
     309     343.1220
     310     375.1016
     311     371.2420
     312     363.7043
     313     359.6928
     314     372.7491
     315     392.5079
     316     360.9137
     317     378.2211
     318     376.7439
     319     390.0839
     320     366.9512
     321     379.7956
     322     376.3986
     323     371.4908
     324     387.9980
     325     398.3399
     326     331.5934
     327     376.4217
     328     360.5741
     329     384.6541
     330     395.8992
     331     377.4787
     332     385.3362
     333     378.2833
     334     417.9857
     335     397.6666
     336     358.5902
     337     365.1047
     338     357.5321
     339     397.8501
     340     342.9284
     341     374.5416
     342     383.5221
     343     365.3352
     344     357.0913
     345     341.7241
     346     378.1707
     347     369.0018
     348     342.9087
     349     370.3058
     350     347.3997
     351     369.0239
     352     370.5331
     353     339.4388
     354     383.1182
     355     359.7386
     356     357.5032
     357     354.5457
     358     369.7972
     359     352.0220
     360     394.8004
     361     372.5876
     362     382.5874
     363     381.2893
     364     364.3487
     365     330.7333
     366     353.3396
     367     395.2259
     368     392.3466
     369     352.6642
     370     306.7254
     371     350.9999
     372     336.8326
     373     375.4648
     374     357.2555
     375     345.6857
     376     350.0449
     377     362.9969
     378     342.5209
     379     356.1385
     380     356.4862
     381     363.7677
     382     372.0526
     383     349.1197
     384     380.8524
     385     354.2818
     386     362.5754
     387     380.5852
     388     348.4389
     389     378.6964
     390     340.0076
     391     344.7382
     392     339.5613
     393     385.5220
     394     384.2319
     395     366.5682
     396     377.6242
     397     358.9421
     398     368.1987
     399     337.4938
     400     366.5776
