#Frame              T
       1    3001.2871
       2    2909.3089
       3    2743.1524
       4    2535.5170
       5    2323.8058
       6    2140.2590
       7    2004.1098
       8    1918.0303
       9    1869.7008
      10    1837.7651
      11    1800.1923
      12    1742.4248
      13    1662.7477
      14    1573.1617
      15    1495.4871
      16    1454.0187
      17    1467.1491
      18    1540.6208
      19    1664.4633
      20    1814.5725
      21    1958.5692
      22    2064.3337
      23    2108.7465
      24    2084.0489
      25    1999.9101
      26    1880.5717
      27    1757.9206
      28    1662.5415
      29    1615.3807
      30    1622.4061
      31    1673.6940
      32    1747.0575
      33    1815.0763
      34    1853.4878
      35    1848.5096
      36    1800.8949
      37    1725.4582
      38    1646.2235
      39    1588.7345
      40    1571.9381
      41    1602.1355
      42    1670.8870
      43    1757.5750
      44    1835.8792
      45    1881.9681
      46    1881.5539
      47    1833.7604
      48    1751.3555
      49    1657.3936
      50    1578.5047
      51    1536.5873
      52    1541.8781
      53    1589.8831
      54    1663.0473
      55    1736.3795
      56    1785.0931
      57    1791.9536
      58    1752.2553
      59    1675.0679
      60    1580.3735
      61    1492.9167
      62    1434.6742
      63    1418.3736
      64    1444.1327
      65    1500.1309
      66    1566.8328
      67    1623.2698
      68    1653.4523
      69    1651.0210
      70    1620.7504
      71    1576.5192
      72    1536.4878
      73    1517.1004
      74    1527.8201
      75    1568.1894
      76    1628.0675
      77    1690.8841
      78    1738.8410
      79    1758.3824
      80    1744.1767
      81    1700.3611
      82    1638.7656
      83    1574.9592
      84    1523.6590
      85    1494.8996
      86    1491.7950
      87    1510.2510
      88    1540.6088
      89    1570.7625
      90    1589.8710
      91    1591.6068
      92    1575.9694
      93    1549.0775
      94    1520.9803
      95    1502.2349
      96    1500.4447
      97    1517.8880
      98    1550.8577
      99    1590.7516
     100    1626.5202
     101    1647.7869
     102    1647.7806
     103    1625.2467
     104    1584.7863
     105    1535.5129
     106    1488.4316
     107    1453.3541
     108    1436.2843
     109    1438.0130
     110    1454.2557
     111    1477.2040
     112    1498.0136
     113    1509.5309
     114    1508.4752
     115    1496.4193
     116    1479.2363
     117    1465.1729
     118    1462.1685
     119    1475.3062
     120    1505.1911
     121    1547.6991
     122    1595.1092
     123    1638.2552
     124    1669.0549
     125    1682.6450
     126    1678.4439
     127    1659.8424
     128    1632.7934
     129    1603.9267
     130    1578.6638
     131    1559.6459
     132    1546.1766
     133    1535.3372
     134    1524.0992
     135    1510.8970
     136    1496.0087
     137    1481.1686
     138    1468.9261
     139    1461.9451
     140    1462.3288
     141    1471.0980
     142    1487.9083
     143    1511.0226
     144    1537.5105
     145    1563.6326
     146    1585.3852
     147    1599.1421
     148    1602.3054
     149    1593.8453
     150    1574.6116
     151    1547.3125
     152    1516.0691
     153    1485.5760
     154    1460.0365
     155    1442.1686
     156    1432.5740
     157    1429.6533
     158    1430.1169
     159    1430.0153
     160    1426.0702
     161    1416.9580
     162    1404.1224
     163    1391.7742
     164    1385.9403
     165    1392.7514
     166    1416.4266
     167    1457.5726
     168    1512.3940
     169    1573.1880
     170    1630.1080
     171    1673.7295
     172    1697.6152
     173    1700.0037
     174    1684.1087
     175    1657.0394
     176    1627.7989
     177    1604.8771
     178    1593.7070
     179    1594.6107
     180    1602.7125
     181    1610.3652
     182    1610.4413
     183    1598.7649
     184    1575.2985
     185    1543.9901
     186    1511.1889
     187    1483.1781
     188    1463.8944
     189    1453.7612
     190    1449.9637
     191    1447.9050
     192    1443.1721
     193    1433.2901
     194    1418.7310
     195    1402.8551
     196    1390.7014
     197    1386.9527
     198    1393.9545
     199    1410.7624
     200    1433.5922
     201    1457.2935
     202    1477.1158
     203    1490.1270
     204    1495.8466
     205    1495.9855
     206    1493.5367
     207    1491.6963
     208    1492.9319
     209    1498.3400
     210    1507.4174
     211    1518.3371
     212    1528.6486
     213    1536.1134
     214    1539.3495
     215    1538.0830
     216    1532.9992
     217    1525.3426
     218    1516.4877
     219    1507.6495
     220    1499.7943
     221    1493.7269
     222    1490.2700
     223    1490.3836
     224    1495.0122
     225    1504.5551
     226    1518.1793
     227    1533.4963
     228    1546.9954
     229    1555.1289
     230    1555.5773
     231    1548.1347
     232    1534.8313
     233    1519.2090
     234    1504.9962
     235    1494.6548
     236    1488.3493
     237    1483.7652
     238    1476.9382
     239    1463.8454
     240    1442.1905
     241    1412.6755
     242    1379.2419
     243    1348.1433
     244    1326.1512
     245    1318.5105
     246    1327.3495
     247    1351.0884
     248    1385.0052
     249    1422.7044
     250    1457.9430
     251    1486.2026
     252    1505.5413
     253    1516.5564
     254    1521.5891
     255    1523.5261
     256    1524.6076
     257    1525.5971
     258    1525.5300
     259    1522.0797
     260    1512.4225
     261    1494.3400
     262    1467.2017
     263    1432.5096
     264    1393.8077
     265    1356.0080
     266    1324.3745
     267    1303.4537
     268    1296.1619
     269    1303.1300
     270    1322.4150
     271    1349.7597
     272    1379.5182
     273    1406.1021
     274    1425.5233
     275    1436.5224
     276    1440.8952
     277    1442.8877
     278    1447.8150
     279    1460.3090
     280    1482.7230
     281    1514.1696
     282    1550.4815
     283    1585.1380
     284    1610.9683
     285    1622.2346
     286    1616.5315
     287    1595.8856
     288    1566.5629
     289    1537.4229
     290    1517.1472
     291    1511.1845
     292    1519.5331
     293    1536.3524
     294    1551.7479
     295    1555.1766
     296    1539.2599
     297    1502.6444
     298    1450.9180
     299    1395.2508
     300    1349.1675
     301    1324.4620
     302    1327.5497
     303    1357.4072
     304    1405.7486
     305    1459.4206
     306    1504.3157
     307    1529.6229
     308    1531.0564
     309    1511.9989
     310    1482.1559
     311    1454.1127
     312    1438.9260
     313    1442.2778
     314    1462.5858
     315    1491.6977
     316    1517.7720
     317    1529.2267
     318    1518.4829
     319    1484.4582
     320    1433.1366
     321    1376.0039
     322    1326.7423
     323    1297.1942
     324    1293.9171
     325    1316.4907
     326    1358.0519
     327    1407.7228
     328    1454.0162
     329    1488.1265
     330    1506.1421
     331    1509.6051
     332    1504.3765
     333    1498.3128
     334    1498.5315
     335    1509.0602
     336    1529.4858
     337    1554.9554
     338    1577.5502
     339    1588.6552
     340    1581.6160
     341    1553.8555
     342    1507.8062
     343    1450.4265
     344    1391.4945
     345    1341.2170
     346    1307.7566
     347    1295.1968
     348    1302.4381
     349    1323.5218
     350    1349.5177
     351    1371.3642
     352    1382.6048
     353    1381.1445
     354    1369.5712
     355    1354.0607
     356    1342.2546
     357    1340.7560
     358    1352.9382
     359    1377.6697
     360    1409.3719
     361    1439.4647
     362    1458.7781
     363    1460.1512
     364    1440.4248
     365    1401.3274
     366    1349.1146
     367    1293.1164
     368    1243.5859
     369    1209.3794
     370    1196.0179
     371    1204.5731
     372    1231.6649
     373    1270.5828
     374    1313.2483
     375    1352.4606
     376    1383.7700
     377    1406.4271
     378    1423.0660
     379    1438.1194
     380    1455.4810
     381    1476.5195
     382    1499.3756
     383    1519.6201
     384    1531.7801
     385    1531.2436
     386    1516.0102
     387    1487.6356
     388    1450.8652
     389    1412.0218
     390    1376.9437
     391    1349.4882
     392    1331.0409
     393    1320.7942
     394    1316.4812
     395    1315.3822
     396    1315.3736
     397    1315.6370
     398    1316.7400
     399    1320.0876
     400    1327.0297
     401    1338.0043
     402    1351.9983
     403    1366.4855
     404    1377.9276
     405    1382.8585
     406    1379.2736
     407    1367.7002
     408    1351.3416
     409    1335.1508
     410    1324.1949
     411    1321.9351
     412    1329.0861
     413    1343.4798
     414    1360.9307
     415    1376.7333
     416    1387.2448
     417    1391.0322
     418    1389.2148
     419    1384.8785
     420    1381.7789
     421    1382.8532
     422    1389.1334
     423    1399.4890
     424    1411.2316
     425    1421.2389
     426    1427.0416
     427    1427.3668
     428    1422.0176
     429    1411.5085
     430    1396.9885
     431    1380.4233
     432    1364.5802
     433    1352.5254
     434    1346.7518
     435    1348.2867
     436    1356.1284
     437    1367.2415
     438    1377.2041
     439    1381.4157
     440    1376.5891
     441    1362.0489
     442    1340.3259
     443    1316.7034
     444    1297.7396
     445    1289.1584
     446    1293.7665
     447    1310.1396
     448    1332.7033
     449    1353.3979
     450    1364.4782
     451    1361.4552
     452    1345.0350
     453    1321.2489
     454    1299.6370
     455    1290.0751
     456    1299.3353
     457    1328.5568
     458    1372.4864
     459    1420.7730
     460    1460.9397
     461    1482.1080
     462    1478.2957
     463    1450.2458
     464    1405.2203
     465    1354.8412
     466    1311.6551
     467    1285.4969
     468    1280.7956
     469    1295.6555
     470    1322.8734
     471    1352.3848
     472    1374.3510
     473    1382.0725
     474    1373.8828
     475    1353.3527
     476    1327.7162
     477    1305.1482
     478    1291.9544
     479    1290.6976
     480    1299.8184
     481    1314.6829
     482    1329.4691
     483    1339.1110
     484    1340.6490
     485    1333.6672
     486    1319.8577
     487    1302.0806
     488    1283.4302
     489    1266.7222
     490    1254.4750
     491    1249.1216
     492    1253.0408
     493    1268.1006
     494    1294.7170
     495    1330.8391
     496    1371.5573
     497    1409.8232
     498    1438.1816
     499    1450.9190
     500    1445.8891
     501    1425.3756
     502    1395.6282
     503    1365.0966
     504    1341.8439
     505    1330.9767
     506    1333.0076
     507    1343.7916
     508    1356.1495
     509    1362.6492
     510    1358.5598
     511    1343.8640
     512    1323.5222
     513    1305.8195
     514    1299.3809
     515    1309.9732
     516    1338.2523
     517    1379.2056
     518    1423.4589
     519    1460.0232
     520    1479.6077
     521    1477.4304
     522    1454.6242
     523    1417.7930
     524    1376.8426
     525    1341.7454
     526    1319.3046
     527    1311.0483
     528    1313.0407
     529    1317.7055
     530    1316.9606
     531    1305.4865
     532    1282.9154
     533    1254.1585
     534    1227.7770
     535    1212.9923
     536    1216.4024
     537    1239.5768
     538    1278.3750
     539    1324.2268
     540    1366.9165
     541    1397.8861
     542    1412.8829
     543    1413.0061
     544    1403.8126
     545    1392.8952
     546    1386.9781
     547    1389.6892
     548    1400.7174
     549    1416.3927
     550    1431.2621
     551    1440.0207
     552    1439.1473
     553    1427.7830
     554    1407.6781
     555    1382.3587
     556    1355.8849
     557    1331.6708
     558    1311.7483
     559    1296.6458
     560    1285.8018
     561    1278.2370
     562    1273.1387
     563    1270.1231
     564    1269.1552
     565    1270.2848
     566    1273.3764
     567    1277.9773
     568    1283.4086
     569    1289.0638
     570    1294.7444
     571    1300.7991
     572    1307.9198
     573    1316.6277
     574    1326.6802
     575    1336.7127
     576    1344.3612
     577    1346.9247
     578    1342.3869
     579    1330.4178
     580    1312.9292
     581    1293.8689
     582    1278.2204
     583    1270.5100
     584    1273.3429
     585    1286.5150
     586    1307.0330
     587    1330.0495
     588    1350.3965
     589    1364.2136
     590    1370.1318
     591    1369.5967
     592    1366.2061
     593    1364.2623
     594    1367.0731
     595    1375.6578
     596    1388.3873
     597    1401.6982
     598    1411.5500
     599    1415.0109
     600    1411.3672
     601    1402.3552
     602    1391.4536
     603    1382.5017
     604    1378.1606
     605    1378.8125
     606    1382.3221
     607    1384.7779
     608    1381.9677
     609    1371.0744
     610    1351.9513
     611    1327.4455
     612    1302.6089
     613    1283.0825
     614    1273.2910
     615    1275.0993
     616    1287.3381
     617    1306.2668
     618    1326.8037
     619    1344.1676
     620    1355.3979
     621    1360.1450
     622    1360.3715
     623    1359.1064
     624    1358.8256
     625    1360.1867
     626    1361.6658
     627    1360.2368
     628    1352.7947
     629    1337.7455
     630    1316.1040
     631    1291.5909
     632    1269.6224
     633    1255.5256
     634    1252.6683
     635    1261.2402
     636    1278.1729
     637    1298.2589
     638    1316.0661
     639    1327.9385
     640    1333.3183
     641    1334.8601
     642    1337.2533
     643    1345.1799
     644    1361.1862
     645    1384.3247
     646    1410.1439
     647    1432.1160
     648    1444.0250
     649    1442.4130
     650    1428.0928
     651    1406.0820
     652    1383.9320
     653    1369.0724
     654    1366.1766
     655    1375.5403
     656    1393.0491
     657    1411.6893
     658    1423.9876
     659    1424.4743
     660    1411.3328
     661    1386.7385
     662    1355.8760
     663    1325.0793
     664    1299.8001
     665    1283.1137
     666    1275.2213
     667    1273.9941
     668    1276.2083
     669    1278.9137
     670    1280.4072
     671    1280.5285
     672    1280.2999
     673    1281.2003
     674    1284.4686
     675    1290.7219
     676    1299.9641
     677    1311.8434
     678    1325.9352
     679    1341.8617
     680    1359.1879
     681    1377.1816
     682    1394.6077
     683    1409.7438
     684    1420.7290
     685    1426.1728
     686    1425.8150
     687    1420.9055
     688    1414.0516
     689    1408.4684
     690    1406.8481
     691    1410.2686
     692    1417.5875
     693    1425.5925
     694    1429.9040
     695    1426.3692
     696    1412.5068
     697    1388.5152
     698    1357.4605
     699    1324.5224
     700    1295.4852
     701    1274.9498
     702    1264.8734
     703    1263.9497
     704    1268.0877
     705    1271.8525
     706    1270.3887
     707    1261.1674
     708    1244.9433
     709    1225.5994
     710    1208.9303
     711    1200.7843
     712    1205.1712
     713    1222.9361
     714    1251.3890
     715    1284.9933
     716    1316.9137
     717    1341.0047
     718    1353.6693
     719    1354.9913
     720    1348.6935
     721    1340.8451
     722    1337.6824
     723    1343.2631
     724    1357.8175
     725    1377.4978
     726    1395.7449
     727    1405.8040
     728    1403.3967
     729    1388.5028
     730    1365.5818
     731    1342.1875
     732    1326.4653
     733    1324.3986
     734    1337.7490
     735    1363.3893
     736    1394.2102
     737    1421.2503
     738    1436.3403
     739    1434.4610
     740    1415.1551
     741    1382.6149
     742    1344.4250
     743    1309.3363
     744    1284.7354
     745    1274.5890
     746    1278.4771
     747    1291.9889
     748    1308.3315
     749    1320.6195
     750    1324.0995
     751    1317.5937
     752    1303.7204
     753    1287.8618
     754    1276.2548
     755    1273.8567
     756    1282.6747
     757    1301.0739
     758    1324.2426
     759    1345.6333
     760    1358.9163
     761    1359.8323
     762    1347.3835
     763    1324.0166
     764    1294.8073
     765    1265.9784
     766    1243.2759
     767    1230.6738
     768    1229.6903
     769    1239.3666
     770    1256.7861
     771    1277.9309
     772    1298.6243
     773    1315.3331
     774    1325.6921
     775    1328.7203
     776    1324.7582
     777    1315.2072
     778    1302.1359
     779    1287.8263
     780    1274.3351
     781    1263.1276
     782    1254.8418
     783    1249.2176
     784    1245.2201
     785    1241.3610
     786    1236.1797
     787    1228.8016
     788    1219.4394
     789    1209.6765
     790    1202.3687
     791    1201.0911
     792    1209.1947
     793    1228.6897
     794    1259.2698
     795    1297.8406
     796    1338.8226
     797    1375.2618
     798    1400.4984
     799    1409.9189
     800    1402.2844
     801    1380.2187
     802    1349.6630
     803    1318.3741
     804    1293.8429
     805    1281.2183
     806    1281.8729
     807    1293.1130
     808    1309.1835
     809    1323.2980
     810    1330.0172
     811    1327.1401
     812    1316.4253
     813    1302.8754
     814    1292.8447
     815    1291.6510
     816    1301.5496
     817    1320.7911
     818    1344.0810
     819    1364.2332
     820    1374.4484
     821    1370.5841
     822    1352.7975
     823    1325.9143
     824    1298.1195
     825    1278.2715
     826    1272.8636
     827    1283.8295
     828    1307.9921
     829    1338.2548
     830    1366.0058
     831    1383.8381
     832    1387.6802
     833    1377.7106
     834    1357.8910
     835    1334.4114
     836    1313.6231
     837    1300.1249
     838    1295.5296
     839    1298.2686
     840    1304.4854
     841    1309.7138
     842    1310.6840
     843    1306.5188
     844    1298.8610
     845    1290.9653
     846    1286.2433
     847    1286.9151
     848    1293.2661
     849    1303.7181
     850    1315.5867
     851    1326.1411
     852    1333.4826
     853    1336.8957
     854    1336.6154
     855    1333.2167
     856    1326.9829
     857    1317.6173
     858    1304.5056
     859    1287.4267
     860    1267.2967
     861    1246.4550
     862    1228.1989
     863    1215.6708
     864    1210.5496
     865    1212.1671
     866    1217.5414
     867    1222.4553
     868    1223.2398
     869    1218.5716
     870    1210.4859
     871    1204.0545
     872    1205.7145
     873    1220.8129
     874    1251.2879
     875    1294.4025
     876    1343.0796
     877    1387.8156
     878    1419.5953
     879    1432.8582
     880    1427.4595
     881    1408.8066
     882    1385.9857
     883    1368.4957
     884    1362.8390
     885    1370.2938
     886    1386.6680
     887    1404.0646
     888    1413.9567
     889    1410.4195
     890    1392.3202
     891    1363.6770
     892    1332.1115
     893    1306.0342
     894    1291.6528
     895    1290.9293
     896    1301.1997
     897    1316.5054
     898    1330.0163
     899    1336.5340
     900    1334.1156
     901    1324.3144
     902    1311.1250
     903    1299.1986
     904    1292.0565
     905    1290.9373
     906    1294.6260
     907    1300.2259
     908    1304.4544
     909    1304.8587
     910    1300.4861
     911    1291.8539
     912    1280.3796
     913    1267.6125
     914    1254.6307
     915    1241.8555
     916    1229.3223
     917    1217.2311
     918    1206.4327
     919    1198.5107
     920    1195.3020
     921    1198.0181
     922    1206.4069
     923    1218.4391
     924    1230.7628
     925    1239.8125
     926    1243.1805
     927    1240.7130
     928    1234.8768
     929    1230.1958
     930    1231.9095
     931    1244.2418
     932    1268.8572
     933    1304.0913
     934    1345.3124
     935    1386.2581
     936    1420.7832
     937    1444.3905
     938    1455.1333
     939    1453.7260
     940    1442.9391
     941    1426.5386
     942    1408.1158
     943    1390.1635
     944    1373.6694
     945    1358.3675
     946    1343.5030
     947    1328.7050
     948    1314.5094
     949    1302.2745
     950    1293.5555
     951    1289.2646
     952    1289.0369
     953    1291.1322
     954    1292.9641
     955    1292.0706
     956    1287.1423
     957    1278.6828
     958    1269.0010
     959    1261.4556
     960    1259.1765
     961    1263.7186
     962    1274.1929
     963    1287.2932
     964    1298.3076
     965    1302.7853
     966    1298.2443
     967    1285.2609
     968    1267.5276
     969    1250.8511
     970    1241.4073
     971    1243.8205
     972    1259.6893
     973    1287.0371
     974    1320.8748
     975    1354.6938
     976    1382.3817
     977    1399.9435
     978    1406.5250
     979    1404.4812
     980    1398.4587
     981    1393.7025
     982    1394.1023
     983    1400.6777
     984    1411.0775
     985    1420.2877
     986    1422.3068
     987    1412.2146
     988    1387.9504
     989    1351.2175
     990    1307.2269
     991    1263.3630
     992    1227.1902
     993    1204.4154
     994    1197.4586
     995    1205.0600
     996    1223.0101
     997    1245.7191
     998    1268.0683
     999    1286.9233
    1000    1301.9016
    1001    1314.6700
    1002    1328.2392
    1003    1344.9876
    1004    1365.3061
    1005    1386.8999
    1006    1405.1403
    1007    1414.4265
    1008    1410.1320
    1009    1390.4735
    1010    1357.5552
    1011    1317.0267
    1012    1276.3315
    1013    1242.3643
    1014    1219.6823
    1015    1209.8311
    1016    1211.6018
    1017    1221.8537
    1018    1236.5952
    1019    1252.0086
    1020    1265.2707
    1021    1275.1375
    1022    1282.1035
    1023    1287.8858
    1024    1294.3507
    1025    1302.4185
    1026    1311.4607
    1027    1319.4132
    1028    1323.5210
    1029    1321.4130
    1030    1312.1172
    1031    1296.6318
    1032    1277.8258
    1033    1259.6988
    1034    1246.2419
    1035    1240.3162
    1036    1242.9841
    1037    1253.4908
    1038    1269.7815
    1039    1289.2095
    1040    1309.1410
    1041    1327.3095
    1042    1341.9425
    1043    1351.7576
    1044    1355.9474
    1045    1354.2162
    1046    1346.8678
    1047    1334.8809
    1048    1319.8990
    1049    1304.0636
    1050    1289.6641
    1051    1278.6752
    1052    1272.3425
    1053    1270.9822
    1054    1274.0746
    1055    1280.6226
    1056    1289.6457
    1057    1300.5872
    1058    1313.4159
    1059    1328.3502
    1060    1345.3529
    1061    1363.6414
    1062    1381.4148
    1063    1395.9140
    1064    1403.8768
    1065    1402.3255
    1066    1389.4422
    1067    1365.2095
    1068    1331.5817
    1069    1292.1388
    1070    1251.3203
    1071    1213.4656
    1072    1181.9669
    1073    1158.8035
    1074    1144.5986
    1075    1139.1210
    1076    1141.9627
    1077    1153.0272
    1078    1172.5372
    1079    1200.5219
    1080    1236.0755
    1081    1276.8430
    1082    1319.0661
    1083    1358.2259
    1084    1390.0357
    1085    1411.4544
    1086    1421.4225
    1087    1421.0625
    1088    1413.1872
    1089    1401.1871
    1090    1387.6691
    1091    1373.4387
    1092    1357.3372
    1093    1337.0594
    1094    1310.6360
    1095    1277.9651
    1096    1241.7597
    1097    1207.4662
    1098    1182.0501
    1099    1171.9508
    1100    1180.8460
    1101    1208.0583
    1102    1248.2855
    1103    1292.8506
    1104    1332.0784
    1105    1358.0111
    1106    1366.5857
    1107    1358.6172
    1108    1339.2911
    1109    1316.3420
    1110    1297.4903
    1111    1287.9799
    1112    1289.0301
    1113    1297.7120
    1114    1308.2700
    1115    1314.4033
    1116    1311.6690
    1117    1299.1273
    1118    1279.6620
    1119    1258.9190
    1120    1243.3099
    1121    1237.7854
    1122    1244.0803
    1123    1259.9699
    1124    1279.8190
    1125    1296.3090
    1126    1302.7958
    1127    1295.4559
    1128    1274.4570
    1129    1243.7989
    1130    1209.9955
    1131    1180.1392
    1132    1160.0421
    1133    1152.9920
    1134    1159.3330
    1135    1176.7607
    1136    1201.1330
    1137    1227.6752
    1138    1252.3222
    1139    1272.6750
    1140    1288.2054
    1141    1299.7911
    1142    1308.9814
    1143    1317.3249
    1144    1325.9213
    1145    1335.1928
    1146    1344.8262
    1147    1353.8440
    1148    1360.7995
    1149    1364.0984
    1150    1362.4327
    1151    1355.2556
    1152    1343.1718
    1153    1328.0911
    1154    1313.0268
    1155    1301.4929
    1156    1296.5845
    1157    1299.9598
    1158    1311.0379
    1159    1326.7311
    1160    1341.8968
    1161    1350.4761
    1162    1347.0667
    1163    1328.5290
    1164    1295.1538
    1165    1250.9655
    1166    1202.9236
    1167    1159.1113
    1168    1126.4017
    1169    1108.3689
    1170    1104.2274
    1171    1109.2782
    1172    1116.8040
    1173    1120.7615
    1174    1118.2724
    1175    1110.9613
    1176    1104.5996
    1177    1107.1231
    1178    1125.6605
    1179    1163.6001
    1180    1218.7437
    1181    1283.2635
    1182    1345.5778
    1183    1393.6095
    1184    1418.4108
    1185    1416.9766
    1186    1393.3011
    1187    1357.2377
    1188    1321.4571
    1189    1297.4965
    1190    1292.2579
    1191    1306.1395
    1192    1333.3315
    1193    1364.0620
    1194    1387.9385
    1195    1397.2436
    1196    1389.0955
    1197    1365.8362
    1198    1333.7119
    1199    1300.5069
    1200    1273.0450
    1201    1255.3359
    1202    1247.7947
    1203    1247.6232
    1204    1250.1107
    1205    1250.3857
    1206    1245.0701
    1207    1233.3660
    1208    1217.3039
    1209    1201.0624
    1210    1189.5265
    1211    1186.6458
    1212    1194.3645
    1213    1212.4119
    1214    1238.6092
    1215    1269.3101
    1216    1299.9059
    1217    1325.4578
    1218    1341.4584
    1219    1344.6564
    1220    1333.8076
    1221    1310.1556
    1222    1277.4234
    1223    1241.1819
    1224    1207.6638
    1225    1182.3315
    1226    1168.6007
    1227    1167.0691
    1228    1175.4608
    1229    1189.3152
    1230    1203.2803
    1231    1212.7304
    1232    1215.2802
    1233    1211.7110
    1234    1205.9241
    1235    1203.7989
    1236    1211.2190
    1237    1231.8657
    1238    1265.5450
    1239    1307.6933
    1240    1350.3514
    1241    1384.3707
    1242    1402.1444
    1243    1399.9253
    1244    1378.9322
    1245    1344.8646
    1246    1306.0131
    1247    1270.6437
    1248    1244.5682
    1249    1229.7209
    1250    1224.1919
    1251    1223.6043
    1252    1223.2344
    1253    1220.0309
    1254    1213.8174
    1255    1207.3190
    1256    1205.0537
    1257    1211.5294
    1258    1229.4242
    1259    1258.4235
    1260    1295.1038
    1261    1333.8355
    1262    1368.3072
    1263    1393.1016
    1264    1404.8082
    1265    1402.4061
    1266    1386.9315
    1267    1360.7119
    1268    1326.5771
    1269    1287.3842
    1270    1245.9764
    1271    1205.4084
    1272    1169.1394
    1273    1140.9108
    1274    1124.2165
    1275    1121.4799
    1276    1133.2341
    1277    1157.6534
    1278    1190.7001
    1279    1226.9419
    1280    1260.8450
    1281    1288.1395
    1282    1306.8018
    1283    1317.3200
    1284    1322.1702
    1285    1324.6722
    1286    1327.5884
    1287    1331.9646
    1288    1336.6804
    1289    1338.9366
    1290    1335.5405
    1291    1324.5129
    1292    1306.3980
    1293    1284.7136
    1294    1265.2851
    1295    1254.5906
    1296    1257.6327
    1297    1276.0495
    1298    1307.1432
    1299    1344.2520
    1300    1378.4487
    1301    1401.0887
    1302    1406.3949
    1303    1393.2426
    1304    1365.5560
    1305    1331.1755
    1306    1299.5337
    1307    1278.8582
    1308    1273.7702
    1309    1284.0171
    1310    1304.7133
    1311    1327.9574
    1312    1345.2816
    1313    1350.1513
    1314    1339.7673
    1315    1315.6837
    1316    1283.1192
    1317    1249.2335
    1318    1220.9438
    1319    1202.9737
    1320    1196.7164
    1321    1200.1834
    1322    1208.9222
    1323    1217.4882
    1324    1221.0210
    1325    1216.6554
    1326    1204.5469
    1327    1188.1267
    1328    1173.2551
    1329    1166.4366
    1330    1172.7479
    1331    1194.1648
    1332    1228.7542
    1333    1270.9601
    1334    1312.9270
    1335    1346.5123
    1336    1365.4291
    1337    1366.9159
    1338    1352.4807
    1339    1327.5177
    1340    1299.8759
    1341    1277.7252
    1342    1267.2830
    1343    1271.0275
    1344    1286.9153
    1345    1308.8645
    1346    1328.4410
    1347    1337.3642
    1348    1330.1436
    1349    1306.0524
    1350    1269.7393
    1351    1230.1544
    1352    1197.9933
    1353    1182.4088
    1354    1188.0461
    1355    1213.3907
    1356    1250.9690
    1357    1289.3528
    1358    1316.3726
    1359    1322.6174
    1360    1304.2145
    1361    1264.0786
    1362    1211.2206
    1363    1158.2716
    1364    1117.9085
    1365    1099.2391
    1366    1105.2460
    1367    1132.0784
    1368    1170.4190
    1369    1208.4906
    1370    1235.7448
    1371    1246.0362
    1372    1239.2705
    1373    1221.0457
    1374    1200.4656
    1375    1186.9022
    1376    1186.8071
    1377    1201.6424
    1378    1227.5704
    1379    1256.9103
    1380    1280.7868
    1381    1292.0787
    1382    1287.7152
    1383    1269.6076
    1384    1243.9502
    1385    1219.1460
    1386    1203.0799
    1387    1200.6623
    1388    1212.4637
    1389    1234.8418
    1390    1261.4108
    1391    1285.2613
    1392    1301.1149
    1393    1306.7076
    1394    1303.0108
    1395    1293.3479
    1396    1281.8576
    1397    1271.9525
    1398    1265.3509
    1399    1261.9567
    1400    1260.4806
    1401    1259.3840
    1402    1257.6493
    1403    1255.0573
    1404    1251.9977
    1405    1249.0759
    1406    1246.7583
    1407    1245.1566
    1408    1244.0043
    1409    1242.8531
    1410    1241.3968
    1411    1239.7270
    1412    1238.3292
    1413    1237.7607
    1414    1238.1195
    1415    1238.5617
    1416    1237.1642
    1417    1231.3379
    1418    1218.7788
    1419    1198.6401
    1420    1172.4247
    1421    1144.1276
    1422    1119.4225
    1423    1104.0734
    1424    1102.0806
    1425    1114.2445
    1426    1137.7293
    1427    1166.8585
    1428    1194.8907
    1429    1216.1534
    1430    1227.7986
    1431    1230.6105
    1432    1228.6331
    1433    1227.7744
    1434    1233.7970
    1435    1250.1402
    1436    1276.1242
    1437    1306.4810
    1438    1333.0070
    1439    1347.7542
    1440    1346.0256
    1441    1327.8486
    1442    1297.6213
    1443    1262.2987
    1444    1228.8852
    1445    1202.1682
    1446    1183.4735
    1447    1170.7855
    1448    1160.0508
    1449    1147.1285
    1450    1129.6698
    1451    1108.2625
    1452    1086.4264
    1453    1069.4627
    1454    1062.5700
    1455    1068.9210
    1456    1088.3936
    1457    1117.4027
    1458    1149.8800
    1459    1179.0475
    1460    1199.3979
    1461    1208.2319
    1462    1206.2848
    1463    1197.2563
    1464    1186.4309
    1465    1178.8833
    1466    1177.8668
    1467    1183.9135
    1468    1194.8975
    1469    1206.9994
    1470    1216.1875
    1471    1219.6692
    1472    1216.7935
    1473    1209.1172
    1474    1199.6678
    1475    1191.7278
    1476    1187.6237
    1477    1187.9735
    1478    1191.6249
    1479    1196.2502
    1480    1199.3451
    1481    1199.2561
    1482    1195.8434
    1483    1190.5152
    1484    1185.6164
    1485    1183.4332
    1486    1185.2356
    1487    1190.7422
    1488    1198.1988
    1489    1205.0047
    1490    1208.6398
    1491    1207.5427
    1492    1201.6326
    1493    1192.3078
    1494    1181.9591
    1495    1173.2143
    1496    1168.1929
    1497    1168.0094
    1498    1172.6380
    1499    1181.1023
    1500    1191.8678
    1501    1203.2802
    1502    1213.9187
    1503    1222.7670
    1504    1229.1722
    1505    1232.6792
    1506    1232.9019
    1507    1229.5723
    1508    1222.7854
    1509    1213.2899
    1510    1202.6134
    1511    1192.8404
    1512    1186.0276
    1513    1183.4254
    1514    1184.8145
    1515    1188.2804
    1516    1190.6523
    1517    1188.6074
    1518    1180.0984
    1519    1165.4927
    1520    1147.8389
    1521    1132.0474
    1522    1123.2610
    1523    1125.0675
    1524    1138.2148
    1525    1160.2591
    1526    1186.2203
    1527    1210.0381
    1528    1226.3826
    1529    1232.2651
    1530    1227.9465
    1531    1216.8357
    1532    1204.3650
    1533    1196.1449
    1534    1195.9841
    1535    1204.4822
    1536    1218.7721
    1537    1233.5578
    1538    1243.0635
    1539    1243.1369
    1540    1232.7279
    1541    1214.2385
    1542    1192.6787
    1543    1174.0216
    1544    1163.3648
    1545    1163.4554
    1546    1173.9515
    1547    1191.5837
    1548    1211.1649
    1549    1227.1492
    1550    1235.2511
    1551    1233.6286
    1552    1223.3004
    1553    1207.7365
    1554    1191.8073
    1555    1180.3997
    1556    1177.0550
    1557    1182.9906
    1558    1196.7683
    1559    1214.7017
    1560    1231.8705
    1561    1243.4505
    1562    1245.9890
    1563    1238.2950
    1564    1221.7459
    1565    1199.9657
    1566    1177.9689
    1567    1160.9798
    1568    1153.1919
    1569    1156.7472
    1570    1171.1920
    1571    1193.5595
    1572    1219.0632
    1573    1242.2193
    1574    1258.1290
    1575    1263.6307
    1576    1258.0739
    1577    1243.4952
    1578    1224.1143
    1579    1205.2146
    1580    1191.6629
    1581    1186.4750
    1582    1189.8899
    1583    1199.3077
    1584    1210.1727
    1585    1217.5522
    1586    1217.9031
    1587    1210.3876
    1588    1197.2249
    1589    1182.9574
    1590    1172.9672
    1591    1171.7873
    1592    1181.6823
    1593    1201.8330
    1594    1228.3725
    1595    1255.3135
    1596    1276.1223
    1597    1285.4581
    1598    1280.5731
    1599    1262.0044
    1600    1233.4034
    1601    1200.5901
    1602    1170.0975
    1603    1147.5390
    1604    1136.1590
    1605    1136.0148
    1606    1144.1579
    1607    1155.8293
    1608    1166.2028
    1609    1172.0289
    1610    1172.6711
    1611    1170.2784
    1612    1169.0649
    1613    1173.9051
    1614    1188.6557
    1615    1214.7069
    1616    1250.2265
    1617    1290.3590
    1618    1328.3613
    1619    1357.3443
    1620    1372.0913
    1621    1370.4032
    1622    1353.5857
    1623    1325.9741
    1624    1293.6853
    1625    1262.9826
    1626    1238.7168
    1627    1223.2707
    1628    1216.2857
    1629    1215.2167
    1630    1216.5008
    1631    1216.9501
    1632    1214.9487
    1633    1211.0935
    1634    1208.0604
    1635    1209.6890
    1636    1219.5610
    1637    1239.5513
    1638    1268.8769
    1639    1303.9856
    1640    1339.3247
    1641    1368.7322
    1642    1387.0128
    1643    1391.2268
    1644    1381.3420
    1645    1360.1036
    1646    1332.2128
    1647    1303.0834
    1648    1277.5336
    1649    1258.7654
    1650    1247.8504
    1651    1243.8006
    1652    1244.1614
    1653    1245.9469
    1654    1246.6586
    1655    1245.0952
    1656    1241.6945
    1657    1238.2847
    1658    1237.2934
    1659    1240.6664
    1660    1248.8726
    1661    1260.3660
    1662    1271.7547
    1663    1278.6809
    1664    1277.1508
    1665    1264.8699
    1666    1242.1106
    1667    1211.7817
    1668    1178.6256
    1669    1147.7972
    1670    1123.3448
    1671    1107.1846
    1672    1098.9168
    1673    1096.4494
    1674    1097.0791
    1675    1098.5947
    1676    1100.0234
    1677    1101.8148
    1678    1105.4486
    1679    1112.6570
    1680    1124.5633
    1681    1141.0552
    1682    1160.6120
    1683    1180.6395
    1684    1198.1785
    1685    1210.7361
    1686    1216.9644
    1687    1216.9971
    1688    1212.3932
    1689    1205.7485
    1690    1200.0828
    1691    1198.1122
    1692    1201.5519
    1693    1210.6475
    1694    1224.1005
    1695    1239.4200
    1696    1253.5534
    1697    1263.5964
    1698    1267.4265
    1699    1264.1682
    1700    1254.3885
    1701    1239.9543
    1702    1223.5592
    1703    1208.0217
    1704    1195.5309
    1705    1187.0462
    1706    1182.0485
    1707    1178.7678
    1708    1174.8664
    1709    1168.3733
    1710    1158.5424
    1711    1146.3032
    1712    1134.1312
    1713    1125.3736
    1714    1123.2503
    1715    1129.7978
    1716    1145.0450
    1717    1166.6942
    1718    1190.4873
    1719    1211.2533
    1720    1224.3774
    1721    1227.2672
    1722    1220.3282
    1723    1207.0753
    1724    1193.2460
    1725    1185.1130
    1726    1187.5254
    1727    1202.3320
    1728    1227.7286
    1729    1258.7554
    1730    1288.8225
    1731    1311.8025
    1732    1323.9829
    1733    1325.1833
    1734    1318.6409
    1735    1309.7329
    1736    1303.9942
    1737    1305.1105
    1738    1313.5387
    1739    1326.2100
    1740    1337.4350
    1741    1340.7411
    1742    1331.0293
    1743    1306.3320
    1744    1268.6085
    1745    1223.3570
    1746    1178.1886
    1747    1140.8068
    1748    1116.9962
    1749    1109.2111
    1750    1116.1320
    1751    1133.2512
    1752    1154.2626
    1753    1172.8513
    1754    1184.3973
    1755    1187.1167
    1756    1182.3066
    1757    1173.6436
    1758    1165.8333
    1759    1163.1178
    1760    1168.0732
    1761    1180.9151
    1762    1199.3960
    1763    1219.3220
    1764    1235.6264
    1765    1243.7862
    1766    1241.2263
    1767    1228.3124
    1768    1208.5978
    1769    1188.1439
    1770    1173.9523
    1771    1171.8516
    1772    1184.4873
    1773    1210.1546
    1774    1242.9588
    1775    1274.3197
    1776    1295.3767
    1777    1299.5719
    1778    1284.6115
    1779    1253.1994
    1780    1212.3172
    1781    1171.2661
    1782    1139.0546
    1783    1121.8917
    1784    1121.5196
    1785    1134.8702
    1786    1155.1676
    1787    1174.1553
    1788    1184.7735
    1789    1183.4305
    1790    1171.1263
    1791    1153.0450
    1792    1136.7941
    1793    1129.9090
    1794    1137.4549
    1795    1160.4486
    1796    1195.5465
    1797    1236.0358
    1798    1273.7390
    1799    1301.1178
    1800    1312.9367
    1801    1307.3090
    1802    1286.1796
    1803    1255.0123
    1804    1221.3903
    1805    1192.8127
    1806    1174.4887
    1807    1167.9459
    1808    1170.8777
    1809    1178.1770
    1810    1183.7078
    1811    1182.2219
    1812    1170.8931
    1813    1150.0919
    1814    1123.2373
    1815    1095.7792
    1816    1073.6202
    1817    1061.4585
    1818    1061.5327
    1819    1073.0965
    1820    1092.7352
    1821    1115.3765
    1822    1135.6966
    1823    1149.5227
    1824    1154.8806
    1825    1152.4261
    1826    1145.1619
    1827    1137.4941
    1828    1133.8821
    1829    1137.4392
    1830    1148.8877
    1831    1166.2262
    1832    1185.2709
    1833    1200.9598
    1834    1209.0200
    1835    1207.4482
    1836    1197.2898
    1837    1182.4009
    1838    1168.2140
    1839    1159.8884
    1840    1160.4955
    1841    1169.9032
    1842    1184.7665
    1843    1199.6220
    1844    1208.7218
    1845    1208.0085
    1846    1196.5910
    1847    1177.2232
    1848    1155.5974
    1849    1138.6270
    1850    1132.2312
    1851    1139.3326
    1852    1158.7424
    1853    1185.3274
    1854    1211.4214
    1855    1229.0613
    1856    1232.3489
    1857    1219.2309
    1858    1192.1483
    1859    1157.3567
    1860    1123.1249
    1861    1097.3521
    1862    1085.3360
    1863    1088.3907
    1864    1103.7441
    1865    1125.7308
    1866    1147.8678
    1867    1165.0992
    1868    1175.4569
    1869    1180.5507
    1870    1184.7046
    1871    1193.0465
    1872    1209.2754
    1873    1233.9404
    1874    1263.8529
    1875    1292.8380
    1876    1313.5808
    1877    1319.9701
    1878    1309.1736
    1879    1282.7552
    1880    1246.4352
    1881    1208.5495
    1882    1177.6942
    1883    1160.3124
    1884    1158.9919
    1885    1171.9907
    1886    1194.0939
    1887    1218.4806
    1888    1238.9705
    1889    1251.9220
    1890    1257.1609
    1891    1257.6418
    1892    1257.9598
    1893    1262.2418
    1894    1272.1971
    1895    1286.0992
    1896    1299.1344
    1897    1305.0490
    1898    1298.5124
    1899    1277.3132
    1900    1243.5304
    1901    1203.1794
    1902    1164.4072
    1903    1134.8564
    1904    1119.1800
    1905    1117.6509
    1906    1126.3842
    1907    1139.0500
    1908    1149.3782
    1909    1153.4931
    1910    1151.2344
    1911    1146.0164
    1912    1143.3313
    1913    1148.4697
    1914    1164.3173
    1915    1190.0565
    1916    1221.2634
    1917    1251.3727
    1918    1273.9652
    1919    1285.0094
    1920    1284.2196
    1921    1275.0258
    1922    1263.2076
    1923    1254.7361
    1924    1253.6513
    1925    1260.7457
    1926    1273.5010
    1927    1287.2280
    1928    1296.9262
    1929    1299.1107
    1930    1292.9077
    1931    1280.0435
    1932    1263.8027
    1933    1247.4608
    1934    1232.8864
    1935    1219.9103
    1936    1206.6935
    1937    1190.8732
    1938    1170.9396
    1939    1147.2340
    1940    1122.1584
    1941    1099.5256
    1942    1083.3130
    1943    1076.3106
    1944    1079.2039
    1945    1090.4667
    1946    1107.1140
    1947    1125.9921
    1948    1145.0365
    1949    1163.9294
    1950    1183.8379
    1951    1206.3130
    1952    1231.8371
    1953    1258.7006
    1954    1282.7972
    1955    1298.5509
    1956    1300.6990
    1957    1286.2561
    1958    1255.8791
    1959    1214.0543
    1960    1167.9745
    1961    1125.4808
    1962    1092.7751
    1963    1072.7206
    1964    1064.3378
    1965    1063.6866
    1966    1065.8072
    1967    1066.9893
    1968    1066.4904
    1969    1067.0151
    1970    1073.7296
    1971    1092.1390
    1972    1125.5845
    1973    1173.2747
    1974    1229.5772
    1975    1284.9749
    1976    1328.7151
    1977    1352.3555
    1978    1352.6094
    1979    1332.1857
    1980    1298.4682
    1981    1260.7361
    1982    1226.9878
    1983    1201.4678
    1984    1183.7748
    1985    1169.8883
    1986    1154.6676
    1987    1134.7076
    1988    1110.2917
    1989    1085.6207
    1990    1067.2607
    1991    1061.4906
    1992    1071.6615
    1993    1096.6496
    1994    1131.0010
    1995    1166.6773
    1996    1195.7084
    1997    1212.7486
    1998    1216.5994
    1999    1210.1399
    2000    1198.7223
