#Frame              T
       1    1211.2863
       2    1262.4164
       3    1125.3239
       4    1096.5214
       5    1177.3615
       6    1126.4662
       7    1159.2936
       8    1074.3216
       9    1031.9409
      10    1100.7587
      11    1004.2101
      12    1002.2332
      13    1150.1404
      14     996.4199
      15    1026.6232
      16    1034.4499
      17    1054.7549
      18    1026.7730
      19     936.7379
      20     993.2417
      21     986.9229
      22     929.5326
      23    1022.1163
      24     945.2459
      25    1006.6095
      26     938.2195
      27     930.8103
      28     903.9386
      29     894.6022
      30     837.0833
      31     912.8755
      32     863.7948
      33     866.7332
      34     895.4363
      35     858.0811
      36     880.9513
      37     793.2074
      38     756.9510
      39     776.4154
      40     798.5132
      41     736.6862
      42     821.8365
      43     899.9796
      44     751.8310
      45     825.4898
      46     787.6612
      47     762.9360
      48     754.6984
      49     819.1893
      50     781.7843
      51     790.4772
      52     815.1069
      53     679.1016
      54     815.1506
      55     706.8445
      56     766.0778
      57     782.1778
      58     784.5795
      59     716.8899
      60     798.2223
      61     802.3009
      62     759.0666
      63     756.4540
      64     753.8513
      65     794.6905
      66     774.0956
      67     762.0668
      68     735.3167
      69     763.7092
      70     709.1408
      71     727.3689
      72     710.6989
      73     737.6289
      74     784.3826
      75     712.0456
      76     696.0652
      77     678.0589
      78     661.0951
      79     694.6654
      80     691.5481
      81     706.7879
      82     685.0941
      83     687.3877
      84     722.9789
      85     647.0113
      86     608.2051
      87     648.6111
      88     670.0823
      89     706.1511
      90     669.7140
      91     634.0023
      92     621.0557
      93     662.4396
      94     565.4500
      95     629.3507
      96     594.7140
      97     532.2910
      98     641.3034
      99     605.4017
     100     664.0813
     101     652.8411
     102     657.5067
     103     701.7490
     104     635.3835
     105     598.7029
     106     611.8855
     107     658.9653
     108     634.8558
     109     666.2295
     110     639.6326
     111     649.2942
     112     654.7758
     113     655.9717
     114     679.3865
     115     632.0814
     116     650.5616
     117     579.4694
     118     638.6129
     119     593.9172
     120     630.1242
     121     616.2602
     122     653.9614
     123     571.8161
     124     677.7955
     125     511.3612
     126     540.2670
     127     568.3624
     128     630.6312
     129     618.2851
     130     638.2908
     131     590.6132
     132     540.7532
     133     541.9078
     134     563.6217
     135     572.2407
     136     558.5892
     137     570.4301
     138     571.5842
     139     572.6174
     140     560.3445
     141     568.1462
     142     515.1883
     143     559.4516
     144     534.4950
     145     532.6694
     146     547.6934
     147     506.6124
     148     517.2799
     149     552.1650
     150     528.5789
     151     548.9838
     152     502.2627
     153     594.2699
     154     516.1840
     155     545.2995
     156     528.1852
     157     546.5081
     158     529.7633
     159     578.2148
     160     488.4666
     161     546.6028
     162     559.9837
     163     548.9442
     164     462.5183
     165     500.4432
     166     546.2659
     167     525.8548
     168     517.0159
     169     517.0945
     170     522.7246
     171     531.5267
     172     500.1975
     173     494.0226
     174     509.6592
     175     532.3096
     176     498.2171
     177     541.8789
     178     503.3301
     179     540.9054
     180     523.7020
     181     496.3320
     182     483.7166
     183     501.2376
     184     490.5321
     185     489.2167
     186     457.6637
     187     477.9069
     188     502.2692
     189     460.1320
     190     462.5866
     191     495.3347
     192     460.1240
     193     508.7059
     194     487.3354
     195     472.1026
     196     517.0536
     197     462.8538
     198     504.1713
     199     451.1920
     200     428.4652
     201     484.6995
     202     495.6116
     203     492.7456
     204     491.4783
     205     423.2010
     206     502.2600
     207     499.5620
     208     443.0335
     209     502.4733
     210     451.6572
     211     485.9086
     212     449.8344
     213     455.5741
     214     478.8889
     215     486.3540
     216     440.3013
     217     416.6752
     218     476.6469
     219     498.1705
     220     438.7914
     221     448.5727
     222     454.0544
     223     396.2009
     224     446.3537
     225     460.8479
     226     460.7331
     227     490.7025
     228     412.6515
     229     400.7273
     230     433.3700
     231     385.6590
     232     388.6041
     233     454.5731
     234     437.3082
     235     436.8185
     236     453.4970
     237     446.1164
     238     462.1913
     239     463.2064
     240     442.0246
     241     459.5660
     242     454.3276
     243     424.8857
     244     447.0587
     245     435.5013
     246     381.1288
     247     424.1978
     248     385.9324
     249     382.3031
     250     426.2026
     251     441.3047
     252     481.5491
     253     434.1404
     254     449.6658
     255     402.3078
     256     373.8911
     257     410.1444
     258     423.2123
     259     377.2421
     260     396.8238
     261     426.6360
     262     445.1450
     263     363.4090
     264     359.3948
     265     386.9540
     266     407.5085
     267     388.7022
     268     409.5693
     269     424.2495
     270     393.8575
     271     375.4024
     272     356.8306
     273     386.3045
     274     412.1497
     275     392.0965
     276     430.8248
     277     415.0164
     278     400.6143
     279     407.4167
     280     426.4378
     281     414.0958
     282     439.1684
     283     425.1387
     284     439.6365
     285     407.7714
     286     420.3361
     287     438.0142
     288     423.8908
     289     438.6978
     290     416.6021
     291     437.7903
     292     387.5496
     293     375.3352
     294     391.9838
     295     402.2031
     296     405.1663
     297     407.3327
     298     392.3652
     299     417.5907
     300     399.7422
     301     379.4322
     302     393.4211
     303     386.3370
     304     370.9630
     305     385.7265
     306     427.0905
     307     363.5770
     308     385.0886
     309     369.7529
     310     397.8768
     311     377.8876
     312     408.9269
     313     390.0320
     314     369.9052
     315     418.3138
     316     374.5776
     317     381.2772
     318     386.8534
     319     345.4850
     320     420.5958
     321     406.7611
     322     423.3079
     323     403.0556
     324     414.1960
     325     394.6136
     326     362.8751
     327     368.8906
     328     371.5424
     329     366.7680
     330     407.6728
     331     389.7511
     332     363.5282
     333     391.5179
     334     380.7812
     335     394.5500
     336     413.2377
     337     398.8217
     338     401.1900
     339     357.5861
     340     363.4838
     341     394.2666
     342     386.0657
     343     393.8976
     344     394.8826
     345     407.5855
     346     374.3740
     347     394.0606
     348     379.9380
     349     393.1246
     350     385.1737
     351     363.9873
     352     405.5377
     353     418.8486
     354     409.8729
     355     360.9157
     356     408.2090
     357     428.3536
     358     400.1542
     359     361.0165
     360     397.0537
     361     377.5267
     362     386.9676
     363     335.6899
     364     401.3387
     365     399.9797
     366     398.1284
     367     380.5978
     368     390.3097
     369     389.5516
     370     399.3577
     371     396.4305
     372     406.1324
     373     392.4380
     374     384.8514
     375     382.3153
     376     378.5439
     377     357.9237
     378     345.4841
     379     303.4986
     380     374.9107
     381     385.2691
     382     378.9019
     383     357.8338
     384     351.7289
     385     318.4058
     386     346.6700
     387     345.3548
     388     339.5480
     389     357.0828
     390     366.5515
     391     354.8790
     392     360.6063
     393     356.7814
     394     352.6077
     395     333.5256
     396     398.5464
     397     381.9934
     398     363.7326
     399     381.9931
     400     399.8070
