#Frame              T
       1    2996.0436
       2    2885.2394
       3    2692.5531
       4    2457.8652
       5    2224.5871
       6    2027.8737
       7    1886.1381
       8    1798.4577
       9    1748.3911
      10    1712.4546
      11    1670.0115
      12    1611.1384
      13    1540.0288
      14    1473.1324
      15    1432.9895
      16    1439.9886
      17    1504.8094
      18    1623.9183
      19    1779.4385
      20    1943.3269
      21    2084.5032
      22    2176.7684
      23    2205.2273
      24    2169.4777
      25    2082.8711
      26    1968.2673
      27    1851.6345
      28    1755.2893
      29    1692.5872
      30    1665.4121
      31    1665.0267
      32    1675.8997
      33    1681.2783
      34    1668.8135
      35    1634.5857
      36    1584.3906
      37    1531.9268
      38    1494.4148
      39    1486.9079
      40    1517.0351
      41    1581.8867
      42    1668.1487
      43    1755.5638
      44    1822.7283
      45    1853.4397
      46    1841.6367
      47    1793.4511
      48    1725.7792
      49    1661.5377
      50    1622.4452
      51    1621.3982
      52    1657.8992
      53    1718.9976
      54    1784.6554
      55    1834.4921
      56    1853.6100
      57    1836.2823
      58    1786.8815
      59    1718.0166
      60    1646.6032
      61    1589.0866
      62    1557.1261
      63    1554.8539
      64    1578.3797
      65    1617.5657
      66    1659.4380
      67    1692.1879
      68    1708.5996
      69    1707.9445
      70    1695.8211
      71    1681.9719
      72    1676.6784
      73    1686.8245
      74    1712.9723
      75    1748.5582
      76    1781.5436
      77    1797.9576
      78    1786.1887
      79    1740.7366
      80    1664.3161
      81    1567.6504
      82    1466.9556
      83    1379.8064
      84    1320.6414
      85    1297.3198
      86    1309.7307
      87    1350.7179
      88    1408.7959
      89    1471.6682
      90    1529.4705
      91    1576.8711
      92    1613.5600
      93    1643.1181
      94    1670.7554
      95    1700.7702
      96    1734.5953
      97    1770.0153
      98    1801.6821
      99    1822.6639
     100    1826.5057
     101    1809.1714
     102    1770.3373
     103    1713.7395
     104    1646.5739
     105    1578.1318
     106    1517.9143
     107    1473.5453
     108    1448.9706
     109    1443.5334
     110    1452.3370
     111    1467.8620
     112    1482.3420
     113    1490.1432
     114    1489.3861
     115    1482.2959
     116    1474.1447
     117    1471.1018
     118    1477.6983
     119    1494.7890
     120    1518.8110
     121    1542.7134
     122    1558.3194
     123    1559.3106
     124    1543.7375
     125    1515.0774
     126    1481.3795
     127    1452.7525
     128    1438.0685
     129    1442.0539
     130    1463.7651
     131    1496.9795
     132    1532.3611
     133    1560.6375
     134    1575.6526
     135    1576.2167
     136    1566.1502
     137    1552.5834
     138    1543.1669
     139    1543.2188
     140    1553.8062
     141    1571.4319
     142    1589.4166
     143    1600.4610
     144    1599.4320
     145    1585.3360
     146    1561.7232
     147    1535.3505
     148    1513.6183
     149    1501.8577
     150    1501.6907
     151    1511.1193
     152    1526.0534
     153    1542.3234
     154    1557.2342
     155    1570.1292
     156    1581.9093
     157    1593.8659
     158    1606.4123
     159    1618.2937
     160    1626.6683
     161    1628.1112
     162    1620.1787
     163    1602.8016
     164    1578.7070
     165    1552.5347
     166    1529.0281
     167    1511.2052
     168    1499.4012
     169    1491.6454
     170    1485.1830
     171    1478.3982
     172    1472.1957
     173    1470.1460
     174    1477.2445
     175    1497.7261
     176    1532.7579
     177    1578.9675
     178    1628.4988
     179    1670.7753
     180    1695.5000
     181    1695.9245
     182    1671.1877
     183    1626.7647
     184    1572.7155
     185    1520.3174
     186    1478.3573
     187    1450.4942
     188    1434.6250
     189    1424.3842
     190    1412.1180
     191    1392.2317
     192    1363.7521
     193    1331.2580
     194    1303.8471
     195    1292.3770
     196    1305.7837
     197    1347.6783
     198    1414.4319
     199    1495.5009
     200    1575.9569
     201    1640.4236
     202    1677.1977
     203    1681.3170
     204    1655.6872
     205    1609.9797
     206    1557.6616
     207    1512.1088
     208    1482.9730
     209    1473.8575
     210    1481.8742
     211    1499.0865
     212    1515.3319
     213    1521.5584
     214    1512.7144
     215    1489.3530
     216    1457.4720
     217    1426.6025
     218    1406.6775
     219    1404.6892
     220    1422.3005
     221    1455.2180
     222    1494.4922
     223    1529.2580
     224    1550.0460
     225    1551.6716
     226    1534.8757
     227    1506.2215
     228    1476.2572
     229    1456.4531
     230    1455.8352
     231    1478.3490
     232    1521.7084
     233    1577.9519
     234    1635.4041
     235    1681.4410
     236    1705.3914
     237    1700.9989
     238    1667.9476
     239    1612.0783
     240    1544.1060
     241    1477.0161
     242    1422.7420
     243    1389.0582
     244    1377.6486
     245    1384.0169
     246    1399.3399
     247    1413.7555
     248    1420.0537
     249    1416.5247
     250    1407.8720
     251    1403.6667
     252    1414.6757
     253    1448.3225
     254    1505.1104
     255    1577.4623
     256    1651.3807
     257    1710.3302
     258    1740.1428
     259    1733.4364
     260    1692.1187
     261    1627.0619
     262    1554.9415
     263    1493.1720
     264    1454.6394
     265    1444.0912
     266    1457.4355
     267    1484.0549
     268    1511.1571
     269    1528.5648
     270    1532.2506
     271    1525.3258
     272    1516.1233
     273    1514.3209
     274    1526.8999
     275    1555.4921
     276    1595.7430
     277    1638.6283
     278    1673.1997
     279    1689.8639
     280    1683.1560
     281    1653.2334
     282    1605.7602
     283    1550.3531
     284    1498.0795
     285    1458.7171
     286    1438.4655
     287    1438.6656
     288    1455.7871
     289    1482.6550
     290    1510.6224
     291    1532.1204
     292    1542.8089
     293    1542.6487
     294    1535.5848
     295    1527.9675
     296    1526.2099
     297    1534.4079
     298    1552.6845
     299    1576.8253
     300    1599.3472
     301    1611.7062
     302    1607.0654
     303    1582.8442
     304    1542.2031
     305    1493.8123
     306    1449.7273
     307    1421.8938
     308    1418.3935
     309    1440.7414
     310    1483.1738
     311    1534.1494
     312    1579.5969
     313    1606.9861
     314    1609.0325
     315    1585.8459
     316    1544.7759
     317    1497.9850
     318    1458.5438
     319    1436.2930
     320    1434.8412
     321    1450.7115
     322    1474.9211
     323    1496.4189
     324    1506.1738
     325    1500.4918
     326    1482.4384
     327    1460.8782
     328    1447.4265
     329    1452.3010
     330    1480.4536
     331    1529.3260
     332    1589.0737
     333    1645.2959
     334    1683.4042
     335    1693.2167
     336    1672.3192
     337    1627.1530
     338    1571.2418
     339    1520.4987
     340    1486.9069
     341    1473.9415
     342    1476.6106
     343    1485.1462
     344    1489.3952
     345    1482.2999
     346    1462.0037
     347    1432.2490
     348    1400.9153
     349    1377.1419
     350    1368.0259
     351    1376.0620
     352    1398.2142
     353    1426.9733
     354    1453.0756
     355    1468.8861
     356    1471.0819
     357    1461.5007
     358    1445.8708
     359    1431.0775
     360    1422.2337
     361    1420.8079
     362    1424.5117
     363    1428.8723
     364    1429.6888
     365    1425.2303
     366    1417.1744
     367    1409.9016
     368    1408.5045
     369    1416.4215
     370    1433.7231
     371    1456.7903
     372    1479.5891
     373    1496.0347
     374    1502.4511
     375    1499.0469
     376    1489.7512
     377    1480.4461
     378    1476.3227
     379    1479.4728
     380    1487.7783
     381    1495.7007
     382    1496.7294
     383    1486.4142
     384    1464.5997
     385    1435.8495
     386    1407.8625
     387    1388.5138
     388    1382.6786
     389    1390.1363
     390    1405.5358
     391    1420.5652
     392    1427.4371
     393    1422.1573
     394    1406.2220
     395    1386.1271
     396    1370.9379
     397    1368.8521
     398    1384.0505
     399    1415.0021
     400    1454.8919
     401    1494.0179
     402    1523.2471
     403    1537.1996
     404    1535.9350
     405    1524.4745
     406    1510.3372
     407    1500.1620
     408    1496.9421
     409    1499.0543
     410    1501.3301
     411    1497.5756
     412    1483.5074
     413    1458.9451
     414    1428.3545
     415    1399.4455
     416    1380.2861
     417    1376.0472
     418    1386.7457
     419    1407.0003
     420    1427.9714
     421    1440.7016
     422    1439.5485
     423    1424.4029
     424    1400.8587
     425    1378.2641
     426    1366.3854
     427    1371.9379
     428    1396.2360
     429    1434.7698
     430    1478.7965
     431    1518.3066
     432    1545.2457
     433    1555.8313
     434    1551.2514
     435    1536.7072
     436    1519.3038
     437    1505.5885
     438    1499.5252
     439    1501.4827
     440    1508.4849
     441    1515.5817
     442    1517.8955
     443    1512.5994
     444    1499.8493
     445    1481.9827
     446    1461.7565
     447    1441.4482
     448    1423.1692
     449    1409.1010
     450    1401.0848
     451    1400.0548
     452    1405.7445
     453    1416.6713
     454    1430.3111
     455    1443.4533
     456    1452.7862
     457    1455.7079
     458    1451.1694
     459    1440.2678
     460    1426.2666
     461    1413.8517
     462    1407.6736
     463    1410.5795
     464    1422.2411
     465    1438.8711
     466    1454.2811
     467    1461.9965
     468    1457.7146
     469    1441.2721
     470    1417.3455
     471    1394.4075
     472    1382.0120
     473    1387.1809
     474    1411.2520
     475    1448.5690
     476    1487.7428
     477    1515.1993
     478    1519.8173
     479    1497.0515
     480    1451.0483
     481    1393.8866
     482    1342.0176
     483    1310.9828
     484    1310.2149
     485    1339.8417
     486    1390.7299
     487    1447.7762
     488    1495.1803
     489    1521.7550
     490    1524.3802
     491    1508.4396
     492    1485.1956
     493    1467.1757
     494    1463.3447
     495    1475.8286
     496    1499.3126
     497    1523.1834
     498    1535.4774
     499    1527.1227
     500    1494.9963
     501    1442.8603
     502    1380.0436
     503    1318.4764
     504    1269.2084
     505    1239.5944
     506    1231.9491
     507    1243.7977
     508    1269.2708
     509    1300.9889
     510    1331.9195
     511    1356.9095
     512    1373.6393
     513    1382.7262
     514    1386.9527
     515    1389.9162
     516    1394.5907
     517    1402.2691
     518    1412.1871
     519    1421.8701
     520    1428.0082
     521    1427.5457
     522    1418.6935
     523    1401.6407
     524    1378.7851
     525    1354.3764
     526    1333.5786
     527    1321.1848
     528    1320.3608
     529    1331.7550
     530    1353.1848
     531    1379.9827
     532    1406.0226
     533    1425.2825
     534    1433.5940
     535    1430.0429
     536    1417.4423
     537    1401.5385
     538    1389.0798
     539    1385.3893
     540    1392.3387
     541    1407.4954
     542    1424.7786
     543    1436.4480
     544    1435.8163
     545    1419.7858
     546    1390.3031
     547    1354.1567
     548    1321.1225
     549    1301.0227
     550    1300.6403
     551    1321.4934
     552    1359.2094
     553    1404.7115
     554    1446.8678
     555    1475.7846
     556    1485.7282
     557    1476.7557
     558    1454.4728
     559    1427.9226
     560    1406.2930
     561    1395.5997
     562    1396.5207
     563    1404.1505
     564    1409.8007
     565    1404.3092
     566    1381.7518
     567    1342.2231
     568    1292.5828
     569    1244.7152
     570    1211.7226
     571    1203.3347
     572    1222.2670
     573    1262.9994
     574    1313.4962
     575    1359.2422
     576    1388.1175
     577    1394.3658
     578    1380.2600
     579    1354.8765
     580    1330.4839
     581    1317.9110
     582    1322.6532
     583    1343.1129
     584    1371.5442
     585    1397.2403
     586    1410.6837
     587    1407.1104
     588    1388.2211
     589    1361.4464
     590    1337.0556
     591    1324.2233
     592    1327.5792
     593    1345.5842
     594    1371.2896
     595    1395.0557
     596    1408.1138
     597    1405.6429
     598    1388.2910
     599    1361.6552
     600    1333.9886
     601    1313.0744
     602    1303.4818
     603    1305.1829
     604    1313.9491
     605    1323.2509
     606    1326.8593
     607    1321.1534
     608    1306.3305
     609    1286.1913
     610    1266.7040
     611    1253.9637
     612    1252.2961
     613    1263.1048
     614    1284.6714
     615    1312.7800
     616    1341.9719
     617    1367.2630
     618    1385.7963
     619    1397.5271
     620    1404.4289
     621    1408.8327
     622    1412.3041
     623    1415.6767
     624    1419.4509
     625    1423.7428
     626    1427.8932
     627    1430.2556
     628    1428.4314
     629    1419.9330
     630    1403.0857
     631    1377.9153
     632    1346.6664
     633    1313.6268
     634    1284.1506
     635    1263.1665
     636    1253.7341
     637    1256.1981
     638    1268.2084
     639    1285.5165
     640    1303.2498
     641    1317.2734
     642    1325.2600
     643    1327.1868
     644    1325.1714
     645    1322.7543
     646    1323.8147
     647    1331.3590
     648    1346.4551
     649    1367.6259
     650    1390.9614
     651    1411.0450
     652    1422.5422
     653    1422.0664
     654    1409.7836
     655    1390.1565
     656    1371.2405
     657    1362.2413
     658    1369.9493
     659    1395.8246
     660    1435.2971
     661    1479.2246
     662    1516.5314
     663    1537.3008
     664    1535.6483
     665    1511.5327
     666    1470.8387
     667    1423.6390
     668    1381.2097
     669    1352.7052
     670    1342.3022
     671    1347.5901
     672    1360.2602
     673    1369.5863
     674    1367.2183
     675    1350.7272
     676    1324.3962
     677    1297.3064
     678    1279.7138
     679    1279.1513
     680    1297.6966
     681    1331.3456
     682    1371.5796
     683    1408.3925
     684    1433.5497
     685    1442.8880
     686    1436.9455
     687    1419.9040
     688    1397.4639
     689    1374.5790
     690    1353.9625
     691    1335.8784
     692    1319.1466
     693    1302.7329
     694    1287.0656
     695    1274.4090
     696    1268.1088
     697    1271.0776
     698    1284.2425
     699    1305.6986
     700    1331.0024
     701    1354.5364
     702    1371.4023
     703    1379.0526
     704    1377.9689
     705    1371.1233
     706    1362.5299
     707    1355.5979
     708    1351.9502
     709    1351.0689
     710    1350.7553
     711    1348.1591
     712    1340.9857
     713    1328.4533
     714    1311.6875
     715    1293.4145
     716    1277.0667
     717    1265.6348
     718    1260.7204
     719    1262.1401
     720    1268.2219
     721    1276.6160
     722    1285.2684
     723    1293.1480
     724    1300.4751
     725    1308.4191
     726    1318.4217
     727    1331.4088
     728    1347.1744
     729    1364.2193
     730    1380.1932
     731    1392.8063
     732    1400.7570
     733    1404.1780
     734    1404.3797
     735    1403.0251
     736    1401.1391
     737    1398.4700
     738    1393.5694
     739    1384.5658
     740    1370.2571
     741    1350.9956
     742    1328.9840
     743    1307.8601
     744    1291.7106
     745    1283.8325
     746    1285.6275
     747    1295.9911
     748    1311.4456
     749    1327.1031
     750    1338.2648
     751    1342.1507
     752    1339.0889
     753    1332.5949
     754    1328.1574
     755    1331.0321
     756    1343.8531
     757    1365.1812
     758    1390.0114
     759    1412.0961
     760    1425.8633
     761    1426.4374
     762    1411.0035
     763    1382.4734
     764    1350.2120
     765    1326.2153
     766    1319.9762
     767    1334.8118
     768    1366.7118
     769    1405.7805
     770    1439.6960
     771    1458.0335
     772    1455.9741
     773    1436.0512
     774    1407.2303
     775    1381.5434
     776    1369.5182
     777    1376.2561
     778    1399.7712
     779    1432.0494
     780    1462.1178
     781    1479.8101
     782    1478.9249
     783    1458.8386
     784    1424.2267
     785    1383.1830
     786    1344.5445
     787    1315.3935
     788    1299.5142
     789    1297.1010
     790    1305.5253
     791    1320.6531
     792    1338.1710
     793    1354.5326
     794    1367.3900
     795    1375.6063
     796    1379.0867
     797    1378.6074
     798    1375.6926
     799    1372.4488
     800    1371.2222
     801    1374.0284
     802    1381.8096
     803    1393.7407
     804    1406.8822
     805    1416.4725
     806    1417.0040
     807    1403.9251
     808    1375.4862
     809    1334.0342
     810    1286.1447
     811    1241.3303
     812    1209.5869
     813    1198.4578
     814    1210.5400
     815    1242.2876
     816    1284.6829
     817    1325.7703
     818    1354.3556
     819    1363.6705
     820    1353.7173
     821    1331.3696
     822    1308.0478
     823    1295.6568
     824    1302.1444
     825    1328.2784
     826    1366.8763
     827    1404.8686
     828    1427.5695
     829    1423.7739
     830    1389.9455
     831    1332.0154
     832    1264.0937
     833    1204.4244
     834    1169.8079
     835    1170.2794
     836    1205.8209
     837    1266.2674
     838    1334.5166
     839    1391.9934
     840    1424.5525
     841    1426.8454
     842    1403.6982
     843    1368.0477
     844    1336.1486
     845    1321.7226
     846    1331.0961
     847    1361.0608
     848    1400.2088
     849    1433.2361
     850    1446.6279
     851    1433.6750
     852    1397.0110
     853    1347.7643
     854    1301.6218
     855    1273.2788
     856    1271.3595
     857    1295.6716
     858    1337.6964
     859    1383.9702
     860    1420.9768
     861    1439.6895
     862    1438.1091
     863    1420.9878
     864    1397.0570
     865    1375.0871
     866    1360.5141
     867    1353.9500
     868    1351.9216
     869    1349.2134
     870    1341.6288
     871    1327.9803
     872    1310.5465
     873    1293.9248
     874    1282.8782
     875    1280.1923
     876    1285.5113
     877    1295.6474
     878    1306.1552
     879    1313.4198
     880    1316.2858
     881    1316.4704
     882    1317.5441
     883    1322.9039
     884    1333.6684
     885    1347.5313
     886    1359.2380
     887    1362.6538
     888    1353.6205
     889    1332.3324
     890    1304.0592
     891    1277.6956
     892    1262.5272
     893    1264.4039
     894    1282.9810
     895    1311.4034
     896    1338.7447
     897    1354.1376
     898    1350.9121
     899    1329.1711
     900    1295.8754
     901    1262.3597
     902    1240.1537
     903    1236.6743
     904    1252.4635
     905    1281.0111
     906    1311.1889
     907    1331.3286
     908    1333.4374
     909    1316.0586
     910    1284.8253
     911    1250.5744
     912    1225.6647
     913    1219.7294
     914    1236.2944
     915    1271.4355
     916    1314.9503
     917    1353.5986
     918    1375.2687
     919    1372.7174
     920    1345.8015
     921    1301.5814
     922    1252.1985
     923    1211.1254
     924    1189.0173
     925    1190.6045
     926    1213.6383
     927    1250.1013
     928    1289.1338
     929    1320.6448
     930    1338.4093
     931    1341.6723
     932    1334.8103
     933    1325.2670
     934    1320.5236
     935    1325.2286
     936    1339.6084
     937    1359.7135
     938    1379.1957
     939    1391.7622
     940    1393.3656
     941    1383.3690
     942    1364.3367
     943    1340.6244
     944    1316.4719
     945    1294.4864
     946    1275.1529
     947    1257.4680
     948    1240.2545
     949    1223.4337
     950    1208.6069
     951    1198.6111
     952    1196.2138
     953    1202.5361
     954    1215.9988
     955    1232.4731
     956    1246.9034
     957    1255.9195
     958    1259.7385
     959    1261.2499
     960    1263.0584
     961    1266.5332
     962    1273.4947
     963    1286.7735
     964    1308.3510
     965    1337.1682
     966    1368.4468
     967    1394.9144
     968    1409.3292
     969    1407.2365
     970    1388.8454
     971    1359.2638
     972    1326.9473
     973    1300.8717
     974    1287.4633
     975    1288.4351
     976    1300.3050
     977    1315.7254
     978    1326.0806
     979    1324.4128
     980    1307.7176
     981    1277.9171
     982    1241.2670
     983    1206.4099
     984    1181.6572
     985    1172.3303
     986    1179.0164
     987    1197.3733
     988    1219.6135
     989    1237.1706
     990    1243.6179
     991    1236.8132
     992    1219.4784
     993    1197.9664
     994    1179.9018
     995    1171.9708
     996    1178.4819
     997    1200.4190
     998    1234.7914
     999    1274.6935
    1000    1310.6265
    1001    1333.1385
    1002    1335.8551
    1003    1317.6928
    1004    1283.2804
    1005    1241.5232
    1006    1202.8572
    1007    1176.1021
    1008    1165.9170
    1009    1171.6827
    1010    1188.1200
    1011    1207.3227
    1012    1221.4643
    1013    1225.4328
    1014    1218.7342
    1015    1205.9420
    1016    1195.2281
    1017    1195.3320
    1018    1212.1300
    1019    1246.1651
    1020    1292.0912
    1021    1340.1904
    1022    1379.3489
    1023    1400.4284
    1024    1398.9511
    1025    1376.3080
    1026    1339.1470
    1027    1297.1650
    1028    1260.0715
    1029    1234.7809
    1030    1223.7667
    1031    1224.9898
    1032    1233.2317
    1033    1242.2544
    1034    1247.0274
    1035    1245.3254
    1036    1238.2535
    1037    1229.6152
    1038    1224.4259
    1039    1227.1092
    1040    1239.9420
    1041    1262.1802
    1042    1290.0792
    1043    1317.7936
    1044    1338.9146
    1045    1348.2170
    1046    1343.1137
    1047    1324.3919
    1048    1296.0340
    1049    1264.1998
    1050    1235.6678
    1051    1216.1481
    1052    1208.8892
    1053    1213.9200
    1054    1228.1365
    1055    1246.2229
    1056    1262.1766
    1057    1271.0147
    1058    1270.1860
    1059    1260.3007
    1060    1244.9753
    1061    1229.8074
    1062    1220.7259
    1063    1222.1259
    1064    1235.3393
    1065    1257.9739
    1066    1284.4467
    1067    1307.6003
    1068    1320.8686
    1069    1320.2779
    1070    1305.6753
    1071    1280.8374
    1072    1252.4387
    1073    1228.1707
    1074    1214.5532
    1075    1215.0445
    1076    1228.9863
    1077    1251.7097
    1078    1275.8318
    1079    1293.4445
    1080    1298.5877
    1081    1289.2539
    1082    1268.2245
    1083    1242.3692
    1084    1220.5173
    1085    1210.5031
    1086    1216.3400
    1087    1236.5386
    1088    1264.2967
    1089    1289.6303
    1090    1302.7557
    1091    1297.5178
    1092    1273.6414
    1093    1237.0038
    1094    1197.8129
    1095    1167.2841
    1096    1153.9496
    1097    1160.8571
    1098    1184.6229
    1099    1216.6684
    1100    1246.2170
    1101    1264.0128
    1102    1265.4585
    1103    1252.1006
    1104    1230.9872
    1105    1212.1385
    1106    1204.9909
    1107    1215.0481
    1108    1241.9029
    1109    1279.2935
    1110    1317.1788
    1111    1345.1298
    1112    1355.8155
    1113    1347.2894
    1114    1323.2755
    1115    1291.4898
    1116    1260.7725
    1117    1238.1651
    1118    1226.9501
    1119    1226.2142
    1120    1231.8631
    1121    1238.5300
    1122    1241.6026
    1123    1238.6689
    1124    1229.9815
    1125    1217.9394
    1126    1205.9445
    1127    1197.1825
    1128    1193.8201
    1129    1196.8078
    1130    1206.1230
    1131    1221.0978
    1132    1240.5775
    1133    1262.8846
    1134    1285.7351
    1135    1306.2835
    1136    1321.4603
    1137    1328.6690
    1138    1326.6960
    1139    1316.4504
    1140    1301.1084
    1141    1285.4436
    1142    1274.4419
    1143    1271.6161
    1144    1277.5974
    1145    1289.5595
    1146    1301.8161
    1147    1307.5444
    1148    1301.1450
    1149    1280.4224
    1150    1247.7394
    1151    1209.6376
    1152    1174.9693
    1153    1152.1251
    1154    1146.2673
    1155    1157.5622
    1156    1181.1290
    1157    1208.7838
    1158    1231.8826
    1159    1244.1413
    1160    1243.4296
    1161    1232.0493
    1162    1215.5669
    1163    1200.7158
    1164    1193.1128
    1165    1195.5188
    1166    1207.1343
    1167    1224.0839
    1168    1240.8858
    1169    1252.3804
    1170    1255.3935
    1171    1249.5621
    1172    1237.1484
    1173    1222.0598
    1174    1208.4899
    1175    1199.6528
    1176    1196.9639
    1177    1199.8332
    1178    1206.0290
    1179    1212.4654
    1180    1216.1895
    1181    1215.3088
    1182    1209.5874
    1183    1200.5373
    1184    1190.9740
    1185    1184.1814
    1186    1182.9491
    1187    1188.7761
    1188    1201.4764
    1189    1219.3052
    1190    1239.5492
    1191    1259.3650
    1192    1276.5649
    1193    1290.0908
    1194    1300.0661
    1195    1307.4615
    1196    1313.5414
    1197    1319.3108
    1198    1325.1439
    1199    1330.6993
    1200    1335.0942
    1201    1337.1947
    1202    1335.8455
    1203    1329.9531
    1204    1318.5181
    1205    1300.8115
    1206    1276.7882
    1207    1247.5386
    1208    1215.4113
    1209    1183.6189
    1210    1155.5531
    1211    1134.1210
    1212    1121.1570
    1213    1116.8982
    1214    1119.7722
    1215    1126.7777
    1216    1134.4944
    1217    1140.4009
    1218    1143.9803
    1219    1147.1147
    1220    1153.5036
    1221    1167.2218
    1222    1190.9109
    1223    1224.3012
    1224    1263.6845
    1225    1302.6185
    1226    1333.7271
    1227    1351.0199
    1228    1351.8636
    1229    1337.8218
    1230    1314.0077
    1231    1287.2171
    1232    1263.5854
    1233    1246.6441
    1234    1236.4505
    1235    1230.0489
    1236    1223.0388
    1237    1211.6284
    1238    1194.3905
    1239    1173.0553
    1240    1152.0681
    1241    1137.0925
    1242    1133.0192
    1243    1142.2072
    1244    1163.5851
    1245    1192.9258
    1246    1224.1832
    1247    1251.3737
    1248    1270.3123
    1249    1279.6027
    1250    1280.6186
    1251    1276.6111
    1252    1271.3576
    1253    1267.8711
    1254    1267.5948
    1255    1270.2399
    1256    1274.1611
    1257    1276.9941
    1258    1276.2983
    1259    1270.0944
    1260    1257.3073
    1261    1238.1414
    1262    1214.2869
    1263    1188.7846
    1264    1165.4907
    1265    1148.3448
    1266    1140.6713
    1267    1144.5193
    1268    1160.0067
    1269    1184.9280
    1270    1214.9467
    1271    1244.4289
    1272    1267.7309
    1273    1280.6186
    1274    1281.4132
    1275    1271.4503
    1276    1254.6420
    1277    1236.2194
    1278    1221.0555
    1279    1212.1212
    1280    1209.5752
    1281    1210.7721
    1282    1211.1833
    1283    1205.9632
    1284    1191.7157
    1285    1167.9080
    1286    1137.4561
    1287    1106.2182
    1288    1081.5213
    1289    1070.1432
    1290    1076.3568
    1291    1100.6476
    1292    1139.5187
    1293    1186.4448
    1294    1233.6326
    1295    1273.9997
    1296    1302.8108
    1297    1318.5697
    1298    1322.9819
    1299    1320.0421
    1300    1314.5289
    1301    1310.3879
    1302    1309.5171
    1303    1311.3431
    1304    1313.3074
    1305    1312.0748
    1306    1305.0390
    1307    1291.5849
    1308    1273.6327
    1309    1255.2154
    1310    1241.1790
    1311    1235.4664
    1312    1239.6606
    1313    1252.3877
    1314    1269.8274
    1315    1287.1164
    1316    1300.0816
    1317    1306.6114
    1318    1307.1110
    1319    1303.8749
    1320    1299.6966
    1321    1296.4011
    1322    1293.9427
    1323    1290.3960
    1324    1282.8243
    1325    1268.7863
    1326    1247.9616
    1327    1223.1368
    1328    1199.8564
    1329    1184.6123
    1330    1182.1433
    1331    1192.9149
    1332    1212.0605
    1333    1230.7784
    1334    1239.9584
    1335    1234.3260
    1336    1215.0287
    1337    1189.5708
    1338    1169.1639
    1339    1164.3718
    1340    1180.6821
    1341    1215.9601
    1342    1260.9014
    1343    1302.1510
    1344    1326.8931
    1345    1327.4290
    1346    1304.1573
    1347    1265.6894
    1348    1225.8719
    1349    1198.7972
    1350    1193.7452
    1351    1211.9531
    1352    1246.3334
    1353    1284.1322
    1354    1311.4863
    1355    1318.2673
    1356    1301.5667
    1357    1266.6641
    1358    1225.1707
    1359    1190.9949
    1360    1175.4878
    1361    1183.4036
    1362    1211.0614
    1363    1247.4267
    1364    1277.8639
    1365    1289.3013
    1366    1274.9205
    1367    1236.6044
    1368    1184.2716
    1369    1132.4379
    1370    1095.3647
    1371    1082.5916
    1372    1096.2973
    1373    1130.9800
    1374    1175.1416
    1375    1214.6325
    1376    1237.2597
    1377    1237.2092
    1378    1217.1405
    1379    1186.9034
    1380    1159.5873
    1381    1146.7269
    1382    1154.5682
    1383    1182.4718
    1384    1223.5397
    1385    1266.9775
    1386    1301.3954
    1387    1318.0557
    1388    1313.1506
    1389    1288.5188
    1390    1250.7170
    1391    1208.8729
    1392    1172.0940
    1393    1147.2434
    1394    1137.6422
    1395    1142.8765
    1396    1159.5217
    1397    1182.3867
    1398    1205.8684
    1399    1225.1233
    1400    1236.9259
    1401    1240.1983
    1402    1236.1647
    1403    1228.0503
    1404    1220.2706
    1405    1217.2302
    1406    1222.0070
    1407    1235.3019
    1408    1255.0012
    1409    1276.5233
    1410    1293.8822
    1411    1301.2311
    1412    1294.5096
    1413    1272.7485
    1414    1238.6239
    1415    1198.0644
    1416    1158.9650
    1417    1129.2758
    1418    1114.9211
    1419    1118.1372
    1420    1136.7880
    1421    1164.9563
    1422    1194.7202
    1423    1218.6120
    1424    1231.9875
    1425    1234.5051
    1426    1230.1501
    1427    1225.7278
    1428    1228.2894
    1429    1242.3766
    1430    1268.0813
    1431    1300.6585
    1432    1331.8870
    1433    1352.7215
    1434    1356.3138
    1435    1340.3465
    1436    1307.8668
    1437    1266.3299
    1438    1225.1706
    1439    1192.7683
    1440    1173.8481
    1441    1168.2236
    1442    1171.2859
    1443    1176.0141
    1444    1175.7245
    1445    1166.5242
    1446    1148.5927
    1447    1125.9075
    1448    1104.6385
    1449    1090.8933
    1450    1088.6403
    1451    1098.4773
    1452    1117.5518
    1453    1140.5974
    1454    1161.7116
    1455    1176.2985
    1456    1182.5420
    1457    1181.8983
    1458    1178.4268
    1459    1177.1992
    1460    1182.3731
    1461    1195.6170
    1462    1215.4009
    1463    1237.3582
    1464    1255.5761
    1465    1264.4076
    1466    1260.2547
    1467    1242.7812
    1468    1215.1586
    1469    1183.2093
    1470    1153.6586
    1471    1132.0586
    1472    1121.1423
    1473    1120.2437
    1474    1126.0062
    1475    1134.0600
    1476    1140.9436
    1477    1145.4979
    1478    1149.2126
    1479    1155.4485
    1480    1167.8715
    1481    1188.7058
    1482    1217.4682
    1483    1250.6817
    1484    1282.7250
    1485    1307.5536
    1486    1320.6839
    1487    1320.7038
    1488    1309.7230
    1489    1292.6058
    1490    1275.2795
    1491    1262.7577
    1492    1257.5721
    1493    1259.1316
    1494    1264.1699
    1495    1268.1180
    1496    1266.9546
    1497    1258.8828
    1498    1245.1702
    1499    1229.7663
    1500    1217.8007
    1501    1213.5251
    1502    1218.5099
    1503    1230.8379
    1504    1245.6490
    1505    1256.8287
    1506    1259.1536
    1507    1250.0280
    1508    1230.1663
    1509    1203.0610
    1510    1173.5850
    1511    1146.3766
    1512    1124.6501
    1513    1109.8137
    1514    1101.8791
    1515    1100.2711
    1516    1104.5113
    1517    1114.4373
    1518    1129.9515
    1519    1150.5524
    1520    1174.9786
    1521    1201.2046
    1522    1226.8619
    1523    1249.9348
    1524    1269.4060
    1525    1285.4994
    1526    1299.3237
    1527    1312.0028
    1528    1323.6552
    1529    1332.7630
    1530    1336.3926
    1531    1331.3631
    1532    1315.9069
    1533    1290.9536
    1534    1260.2413
    1535    1229.0962
    1536    1202.5614
    1537    1183.8476
    1538    1173.6192
    1539    1170.0756
    1540    1169.6618
    1541    1168.2540
    1542    1162.5336
    1543    1151.1322
    1544    1135.1460
    1545    1117.8460
    1546    1103.6984
    1547    1096.9968
    1548    1100.5214
    1549    1114.6674
    1550    1137.3628
    1551    1164.7927
    1552    1192.6068
    1553    1217.1199
    1554    1236.0953
    1555    1248.9418
    1556    1256.3793
    1557    1259.7698
    1558    1260.3719
    1559    1258.7550
    1560    1254.5620
    1561    1246.6934
    1562    1233.8569
    1563    1215.2796
    1564    1191.3166
    1565    1163.7298
    1566    1135.5188
    1567    1110.3127
    1568    1091.4657
    1569    1081.1456
    1570    1079.7382
    1571    1085.8316
    1572    1096.8267
    1573    1109.9668
    1574    1123.3968
    1575    1136.8334
    1576    1151.5771
    1577    1169.8310
    1578    1193.5437
    1579    1223.1794
    1580    1256.8924
    1581    1290.4802
    1582    1318.2642
    1583    1334.7196
    1584    1336.3507
    1585    1323.1235
    1586    1298.8188
    1587    1270.0263
    1588    1244.0502
    1589    1226.5007
    1590    1219.5188
    1591    1221.3274
    1592    1227.2406
    1593    1231.6770
    1594    1230.3793
    1595    1222.0242
    1596    1208.7011
    1597    1195.1391
    1598    1186.9868
    1599    1188.7478
    1600    1202.0816
    1601    1225.0680
    1602    1252.6893
    1603    1278.3701
    1604    1296.0244
    1605    1301.8916
    1606    1295.5459
    1607    1279.7994
    1608    1259.6253
    1609    1240.5560
    1610    1227.1024
    1611    1221.6533
    1612    1224.0580
    1613    1231.8707
    1614    1241.0977
    1615    1247.2150
    1616    1246.2562
    1617    1235.7667
    1618    1215.4609
    1619    1187.4602
    1620    1156.0205
    1621    1126.7441
    1622    1105.3725
    1623    1096.3807
    1624    1101.7014
    1625    1119.9630
    1626    1146.5512
    1627    1174.6339
    1628    1196.9978
    1629    1208.2334
    1630    1206.5836
    1631    1194.7570
    1632    1179.2776
    1633    1168.4434
    1634    1169.5095
    1635    1186.0313
    1636    1216.3050
    1637    1253.5039
    1638    1287.5894
    1639    1308.4732
    1640    1309.4369
    1641    1289.6479
    1642    1254.8132
    1643    1215.6044
    1644    1184.2714
    1645    1170.5737
    1646    1178.4326
    1647    1204.4826
    1648    1239.0594
    1649    1269.3330
    1650    1283.5633
    1651    1275.0110
    1652    1244.1561
    1653    1198.4573
    1654    1149.7849
    1655    1110.4808
    1656    1089.4501
    1657    1089.5865
    1658    1107.2615
    1659    1133.8973
    1660    1159.0114
    1661    1173.7382
    1662    1173.7384
    1663    1160.5924
    1664    1141.2206
    1665    1125.4715
    1666    1122.6436
    1667    1138.1224
    1668    1171.3489
    1669    1215.8274
    1670    1261.1296
    1671    1296.1469
    1672    1312.4968
    1673    1306.9682
    1674    1282.2450
    1675    1245.7645
    1676    1207.2186
    1677    1175.5990
    1678    1156.6743
    1679    1151.5704
    1680    1156.8229
    1681    1165.9172
    1682    1171.8513
    1683    1169.8484
    1684    1159.2105
    1685    1143.5964
    1686    1129.6141
    1687    1124.2583
    1688    1132.1470
    1689    1153.5903
    1690    1184.2164
    1691    1216.3173
    1692    1241.4433
    1693    1253.3132
    1694    1249.9630
    1695    1234.3254
    1696    1213.0533
    1697    1194.1060
    1698    1184.0606
    1699    1186.0570
    1700    1198.9927
    1701    1218.1763
    1702    1237.1703
    1703    1250.1071
    1704    1253.6150
    1705    1247.7055
    1706    1235.4137
    1707    1221.4482
    1708    1210.3977
    1709    1205.1406
    1710    1205.9640
    1711    1210.6070
    1712    1215.1318
    1713    1215.2832
    1714    1207.9240
    1715    1192.1124
    1716    1169.4718
    1717    1143.6734
    1718    1119.3043
    1719    1100.7920
    1720    1091.7830
    1721    1094.7338
    1722    1110.3696
    1723    1137.0977
    1724    1170.8713
    1725    1205.9330
    1726    1236.2912
    1727    1257.3382
    1728    1267.0752
    1729    1266.6506
    1730    1260.0419
    1731    1252.8113
    1732    1250.1754
    1733    1255.0288
    1734    1266.6934
    1735    1280.9630
    1736    1291.5324
    1737    1292.3745
    1738    1280.2372
    1739    1256.3035
    1740    1226.3007
    1741    1198.8554
    1742    1182.5565
    1743    1182.7321
    1744    1199.1479
    1745    1225.5750
    1746    1251.5148
    1747    1265.5613
    1748    1259.2684
    1749    1230.1367
    1750    1182.6533
    1751    1127.0130
    1752    1076.0091
    1753    1041.1747
    1754    1029.4112
    1755    1041.1311
    1756    1070.4412
    1757    1107.2577
    1758    1140.6485
    1759    1162.3365
    1760    1169.2727
    1761    1164.4571
    1762    1155.7284
    1763    1152.8813
    1764    1164.0567
    1765    1192.6156
    1766    1235.5865
    1767    1284.2428
    1768    1326.6354
    1769    1351.2412
    1770    1350.5365
    1771    1323.3687
    1772    1275.4219
    1773    1217.6491
    1774    1163.1393
    1775    1123.3308
    1776    1104.7074
    1777    1107.0231
    1778    1123.6831
    1779    1144.1974
    1780    1157.8818
    1781    1157.5539
    1782    1141.9863
    1783    1116.3437
    1784    1090.4857
    1785    1075.6950
    1786    1080.8815
    1787    1109.4667
    1788    1157.9457
    1789    1216.6049
    1790    1272.2004
    1791    1311.7851
    1792    1326.4834
    1793    1314.0454
    1794    1279.3731
    1795    1232.8762
    1796    1187.2026
    1797    1153.3936
    1798    1137.6890
    1799    1139.9531
    1800    1154.1541
    1801    1170.6534
    1802    1179.5100
    1803    1173.7242
    1804    1151.4224
    1805    1116.3822
    1806    1076.8183
    1807    1042.8670
    1808    1023.5550
    1809    1024.1409
    1810    1044.6012
    1811    1079.6808
    1812    1120.4981
    1813    1157.2119
    1814    1181.9295
    1815    1190.9547
    1816    1185.7094
    1817    1172.0853
    1818    1158.4476
    1819    1152.9036
    1820    1160.6618
    1821    1182.3004
    1822    1213.4807
    1823    1246.2176
    1824    1271.3385
    1825    1281.4083
    1826    1273.2326
    1827    1249.1470
    1828    1216.6468
    1829    1186.3702
    1830    1168.9588
    1831    1171.6774
    1832    1195.8311
    1833    1235.8898
    1834    1280.7574
    1835    1316.8958
    1836    1332.3203
    1837    1320.1952
    1838    1280.9052
    1839    1221.9635
    1840    1155.7839
    1841    1096.0180
    1842    1053.6215
    1843    1033.8891
    1844    1035.3491
    1845    1050.7900
    1846    1070.0100
    1847    1083.3428
    1848    1084.8268
    1849    1074.0277
    1850    1055.9945
    1851    1039.3966
    1852    1033.4846
    1853    1044.9044
    1854    1075.4429
    1855    1121.4167
    1856    1174.7897
    1857    1225.5507
    1858    1264.5495
    1859    1285.9546
    1860    1288.6639
    1861    1276.3566
    1862    1256.2434
    1863    1236.9246
    1864    1225.9493
    1865    1227.7218
    1866    1242.2829
    1867    1265.2870
    1868    1289.2095
    1869    1305.5104
    1870    1307.1310
    1871    1290.5579
    1872    1256.8564
    1873    1211.4879
    1874    1163.0422
    1875    1121.1165
    1876    1093.7562
    1877    1085.1933
    1878    1094.6581
    1879    1116.7394
    1880    1143.2163
    1881    1165.7753
    1882    1178.7126
    1883    1180.7047
    1884    1175.0643
    1885    1168.4083
    1886    1168.1956
    1887    1179.9770
    1888    1205.2926
    1889    1240.9182
    1890    1279.6717
    1891    1312.4601
    1892    1330.8795
    1893    1329.5843
    1894    1307.7533
    1895    1269.2409
    1896    1221.3787
    1897    1172.8132
    1898    1131.0810
    1899    1100.6761
    1900    1082.1872
    1901    1072.7267
    1902    1067.4702
    1903    1061.7787
    1904    1053.1633
    1905    1042.3997
    1906    1033.3678
    1907    1031.6491
    1908    1042.3647
    1909    1068.0196
    1910    1107.1290
    1911    1154.1671
    1912    1200.9578
    1913    1239.0962
    1914    1262.5428
    1915    1269.4299
    1916    1262.4357
    1917    1247.6633
    1918    1232.4912
    1919    1223.1669
    1920    1222.9440
    1921    1231.3019
    1922    1244.3877
    1923    1256.4461
    1924    1261.7417
    1925    1256.3793
    1926    1239.4828
    1927    1213.3985
    1928    1182.8773
    1929    1153.4983
    1930    1129.8347
    1931    1113.9669
    1932    1104.8439
    1933    1098.7659
    1934    1090.8799
    1935    1077.2287
    1936    1056.6333
    1937    1031.6688
    1938    1008.2351
    1939     993.7577
    1940     994.6576
    1941    1014.0855
    1942    1050.7719
    1943    1099.2990
    1944    1151.5673
    1945    1198.9336
    1946    1234.3837
    1947    1254.1210
    1948    1258.1300
    1949    1249.6248
    1950    1233.6594
    1951    1215.4488
    1952    1198.9807
    1953    1186.3186
    1954    1177.6742
    1955    1172.0164
    1956    1167.8399
    1957    1163.7847
    1958    1158.9921
    1959    1153.2807
    1960    1147.2528
    1961    1142.3277
    1962    1140.5761
    1963    1144.2333
    1964    1154.8843
    1965    1172.5323
    1966    1194.9070
    1967    1217.3965
    1968    1233.8122
    1969    1237.9257
    1970    1225.3748
    1971    1195.3053
    1972    1151.1254
    1973    1100.0138
    1974    1051.2415
    1975    1013.7707
    1976     993.8702
    1977     993.5200
    1978    1010.1127
    1979    1037.5370
    1980    1068.3129
    1981    1096.1034
    1982    1117.7639
    1983    1134.1434
    1984    1149.2765
    1985    1168.2992
    1986    1194.9815
    1987    1229.8283
    1988    1269.3049
    1989    1306.3557
    1990    1332.0918
    1991    1338.2375
    1992    1319.6759
    1993    1276.3376
    1994    1213.7946
    1995    1142.2804
    1996    1074.2845
    1997    1021.3337
    1998     990.8973
    1999     984.4195
    2000     997.2131
