#Frame              T
       1    2983.0408
       2    2847.4205
       3    2624.2501
       4    2364.2914
       5    2122.6920
       6    1942.8870
       7    1844.9302
       8    1821.9504
       9    1845.5111
      10    1877.5407
      11    1884.3396
      12    1847.6896
      13    1769.7151
      14    1670.9798
      15    1583.3446
      16    1539.6241
      17    1562.6628
      18    1657.1842
      19    1807.2019
      20    1979.8711
      21    2134.4773
      22    2233.7256
      23    2253.9246
      24    2191.1534
      25    2061.8264
      26    1897.7594
      27    1737.3492
      28    1615.3978
      29    1554.3065
      30    1558.9095
      31    1616.2116
      32    1699.9511
      33    1778.5620
      34    1824.1856
      35    1820.2166
      36    1765.3925
      37    1673.4745
      38    1568.8011
      39    1479.0728
      40    1427.3987
      41    1425.7483
      42    1471.5861
      43    1548.5987
      44    1631.2351
      45    1691.7432
      46    1707.8955
      47    1669.6443
      48    1582.9508
      49    1469.1996
      50    1359.7329
      51    1286.8863
      52    1274.2926
      53    1329.4031
      54    1440.5305
      55    1579.4870
      56    1709.3214
      57    1795.0528
      58    1814.2171
      59    1763.9325
      60    1662.1295
      61    1542.3330
      62    1443.3125
      63    1396.5592
      64    1415.6876
      65    1491.8686
      66    1597.2336
      67    1694.6929
      68    1750.3434
      69    1744.3659
      70    1677.1816
      71    1569.1159
      72    1453.8128
      73    1367.5546
      74    1337.9058
      75    1375.2152
      76    1469.4854
      77    1593.3995
      78    1710.5791
      79    1786.7346
      80    1800.2396
      81    1748.5149
      82    1648.1122
      83    1528.7785
      84    1423.8095
      85    1359.9497
      86    1349.9158
      87    1389.5628
      88    1460.2266
      89    1535.2801
      90    1588.7696
      91    1603.4516
      92    1575.7499
      93    1516.1512
      94    1445.0522
      95    1385.6147
      96    1356.1906
      97    1364.8632
      98    1407.6103
      99    1470.2763
     100    1533.4322
     101    1578.4417
     102    1592.8024
     103    1573.2248
     104    1525.7608
     105    1463.2281
     106    1400.9338
     107    1352.1262
     108    1324.5507
     109    1318.9807
     110    1329.8743
     111    1347.6897
     112    1362.0286
     113    1364.7371
     114    1352.2283
     115    1326.4792
     116    1294.4460
     117    1266.0597
     118    1251.3840
     119    1257.7275
     120    1287.4674
     121    1337.1419
     122    1398.0684
     123    1458.3805
     124    1505.9947
     125    1531.7340
     126    1531.7210
     127    1508.3154
     128    1469.2580
     129    1425.2181
     130    1386.4972
     131    1360.0118
     132    1347.6119
     133    1346.2155
     134    1349.5491
     135    1350.8444
     136    1345.6421
     137    1333.8097
     138    1320.0545
     139    1312.6677
     140    1320.8073
     141    1351.1201
     142    1404.8282
     143    1476.4150
     144    1554.6213
     145    1625.5268
     146    1676.5919
     147    1700.1815
     148    1695.4356
     149    1667.9676
     150    1627.5791
     151    1584.8209
     152    1547.6406
     153    1519.3291
     154    1498.4197
     155    1480.3968
     156    1460.3888
     157    1435.7015
     158    1407.1843
     159    1378.9414
     160    1356.6616
     161    1345.4352
     162    1347.9741
     163    1363.7328
     164    1389.0111
     165    1417.9350
     166    1444.0668
     167    1462.2023
     168    1469.8060
     169    1467.5977
     170    1459.0794
     171    1449.1830
     172    1442.5855
     173    1442.3184
     174    1449.0348
     175    1460.9559
     176    1474.4174
     177    1484.9707
     178    1488.8629
     179    1484.4400
     180    1472.8805
     181    1457.8547
     182    1444.1877
     183    1436.0257
     184    1435.2073
     185    1440.4248
     186    1447.4764
     187    1450.5619
     188    1444.2758
     189    1425.6740
     190    1395.6796
     191    1359.2894
     192    1324.4426
     193    1299.7929
     194    1292.0153
     195    1303.5723
     196    1331.7711
     197    1369.4893
     198    1407.3155
     199    1436.3720
     200    1450.8806
     201    1449.6737
     202    1436.2337
     203    1417.3340
     204    1400.7573
     205    1392.8404
     206    1396.5977
     207    1410.9744
     208    1431.3833
     209    1451.3037
     210    1464.4259
     211    1466.7045
     212    1457.7014
     213    1440.7649
     214    1421.9495
     215    1408.0386
     216    1404.3547
     217    1413.0488
     218    1432.3757
     219    1457.1324
     220    1480.1231
     221    1494.2390
     222    1494.5602
     223    1479.8291
     224    1452.8154
     225    1419.5789
     226    1388.0135
     227    1365.9612
     228    1358.9964
     229    1368.4341
     230    1390.6889
     231    1418.4767
     232    1443.1787
     233    1457.4834
     234    1457.7178
     235    1445.2248
     236    1426.1162
     237    1409.2399
     238    1403.0055
     239    1412.2453
     240    1436.2486
     241    1468.6498
     242    1499.2692
     243    1517.3571
     244    1515.1928
     245    1490.8150
     246    1448.9402
     247    1399.7554
     248    1355.9533
     249    1328.9004
     250    1325.0652
     251    1343.8538
     252    1377.7179
     253    1414.7439
     254    1442.9369
     255    1454.5876
     256    1449.0129
     257    1432.6353
     258    1416.4115
     259    1411.5828
     260    1425.2849
     261    1457.5641
     262    1500.8495
     263    1542.1104
     264    1567.0250
     265    1564.7518
     266    1531.6756
     267    1472.8608
     268    1400.7402
     269    1331.4391
     270    1279.8578
     271    1255.0784
     272    1257.7085
     273    1280.1816
     274    1309.9345
     275    1334.2333
     276    1344.8064
     277    1340.6024
     278    1327.7339
     279    1316.7137
     280    1318.0591
     281    1337.9016
     282    1375.2458
     283    1421.9199
     284    1465.2695
     285    1492.5988
     286    1495.7034
     287    1473.8350
     288    1434.0141
     289    1388.5883
     290    1350.9236
     291    1330.8267
     292    1331.3915
     293    1348.4146
     294    1372.5006
     295    1392.9644
     296    1402.0208
     297    1397.7003
     298    1384.4474
     299    1371.2064
     300    1367.7336
     301    1380.5845
     302    1410.3486
     303    1451.1498
     304    1492.4934
     305    1522.6911
     306    1532.6224
     307    1518.6096
     308    1483.5451
     309    1435.9781
     310    1387.4568
     311    1348.9475
     312    1327.4949
     313    1324.2413
     314    1334.4486
     315    1349.4869
     316    1360.0600
     317    1359.5356
     318    1346.2452
     319    1324.0275
     320    1300.9062
     321    1286.3672
     322    1288.1146
     323    1309.3193
     324    1347.2826
     325    1394.0367
     326    1438.7864
     327    1471.4013
     328    1485.6580
     329    1480.9890
     330    1462.1684
     331    1437.2435
     332    1414.6374
     333    1400.4925
     334    1397.0728
     335    1402.5978
     336    1412.3662
     337    1420.6775
     338    1422.8596
     339    1416.7642
     340    1403.3522
     341    1386.2875
     342    1370.7097
     343    1361.5406
     344    1361.8209
     345    1371.6714
     346    1388.3044
     347    1407.0345
     348    1422.7364
     349    1431.1196
     350    1429.4625
     351    1416.8132
     352    1393.8903
     353    1362.9155
     354    1327.4603
     355    1292.2311
     356    1262.6120
     357    1243.8299
     358    1239.7820
     359    1251.8050
     360    1277.8456
     361    1312.4751
     362    1347.9970
     363    1376.5189
     364    1392.4213
     365    1394.3885
     366    1386.1827
     367    1375.6687
     368    1372.1573
     369    1382.8641
     370    1409.8256
     371    1448.5488
     372    1488.9461
     373    1518.2804
     374    1525.2170
     375    1503.7354
     376    1455.6145
     377    1390.5461
     378    1323.6597
     379    1271.1411
     380    1245.3242
     381    1250.8536
     382    1283.1831
     383    1329.9143
     384    1374.6039
     385    1401.9688
     386    1402.9173
     387    1377.6566
     388    1335.6600
     389    1292.4176
     390    1264.0907
     391    1261.9124
     392    1288.2412
     393    1335.5943
     394    1388.9739
     395    1430.7111
     396    1446.2250
     397    1428.8069
     398    1381.8968
     399    1318.1546
     400    1255.5931
     401    1211.9111
     402    1198.7706
     403    1218.1132
     404    1262.0271
     405    1316.0212
     406    1364.0852
     407    1393.6201
     408    1398.7984
     409    1381.5469
     410    1350.1089
     411    1315.8695
     412    1289.5593
     413    1278.0016
     414    1282.3374
     415    1298.1913
     416    1317.6238
     417    1332.1275
     418    1335.6061
     419    1326.3448
     420    1307.4130
     421    1285.5157
     422    1268.7742
     423    1264.1204
     424    1274.9451
     425    1299.6433
     426    1331.8104
     427    1362.4260
     428    1383.2273
     429    1389.6798
     430    1382.3478
     431    1366.4242
     432    1349.7658
     433    1339.8580
     434    1340.5570
     435    1350.4762
     436    1364.3804
     437    1376.3345
     438    1382.3244
     439    1381.3825
     440    1375.3281
     441    1367.4803
     442    1360.8655
     443    1356.6275
     444    1353.3238
     445    1347.4546
     446    1335.0538
     447    1313.6900
     448    1283.9861
     449    1249.9420
     450    1217.8523
     451    1194.2228
     452    1183.5017
     453    1186.5188
     454    1200.2484
     455    1219.0188
     456    1236.7224
     457    1249.1521
     458    1255.4868
     459    1258.3106
     460    1262.2152
     461    1271.6588
     462    1288.9324
     463    1312.9181
     464    1338.9976
     465    1360.1568
     466    1369.0025
     467    1360.1473
     468    1332.2230
     469    1288.7855
     470    1237.7150
     471    1189.2258
     472    1153.0792
     473    1135.8771
     474    1139.3038
     475    1159.8953
     476    1190.4130
     477    1222.3733
     478    1248.8694
     479    1266.7228
     480    1277.2007
     481    1285.0742
     482    1296.3822
     483    1315.7347
     484    1344.1477
     485    1378.2174
     486    1410.9602
     487    1434.0352
     488    1440.5754
     489    1427.6475
     490    1397.4993
     491    1357.1323
     492    1316.2938
     493    1284.5035
     494    1268.1115
     495    1268.4320
     496    1281.5918
     497    1300.0821
     498    1315.3983
     499    1320.8365
     500    1313.5208
     501    1295.0292
     502    1270.4795
     503    1246.4836
     504    1228.7567
     505    1220.2149
     506    1220.2011
     507    1225.0650
     508    1229.8590
     509    1230.4901
     510    1225.4398
     511    1216.2826
     512    1206.7677
     513    1201.1018
     514    1202.5102
     515    1212.5646
     516    1231.0286
     517    1256.0179
     518    1284.5353
     519    1313.3365
     520    1339.8249
     521    1362.6020
     522    1381.4467
     523    1396.7845
     524    1408.9518
     525    1417.6555
     526    1421.9167
     527    1420.5304
     528    1412.8047
     529    1399.1760
     530    1381.3363
     531    1361.7305
     532    1342.6132
     533    1325.1022
     534    1308.7160
     535    1291.6955
     536    1272.0663
     537    1249.0004
     538    1223.8628
     539    1200.4121
     540    1183.9520
     541    1179.6442
     542    1190.5409
     543    1216.0584
     544    1251.4962
     545    1288.8682
     546    1318.8697
     547    1333.4370
     548    1328.1435
     549    1303.6672
     550    1265.8208
     551    1224.0470
     552    1188.7816
     553    1168.4667
     554    1167.1370
     555    1183.3682
     556    1210.9771
     557    1241.2594
     558    1265.9845
     559    1280.1254
     560    1283.4489
     561    1280.4705
     562    1278.7407
     563    1285.9791
     564    1307.0349
     565    1341.8341
     566    1385.1256
     567    1428.0821
     568    1461.0744
     569    1476.5909
     570    1471.3623
     571    1447.1024
     572    1409.7447
     573    1367.5048
     574    1328.4003
     575    1297.9795
     576    1277.9195
     577    1265.9572
     578    1257.2162
     579    1246.4342
     580    1230.2292
     581    1208.5808
     582    1185.0261
     583    1165.5128
     584    1156.2732
     585    1161.4553
     586    1181.3901
     587    1212.1864
     588    1246.8396
     589    1277.4693
     590    1297.8832
     591    1305.5457
     592    1302.2571
     593    1293.3110
     594    1285.4219
     595    1284.1127
     596    1291.4277
     597    1304.7971
     598    1317.6038
     599    1321.4213
     600    1309.1698
     601    1278.0233
     602    1230.9869
     603    1176.5592
     604    1126.4997
     605    1092.2909
     606    1081.4273
     607    1095.0210
     608    1127.8206
     609    1170.4912
     610    1212.9588
     611    1247.5010
     612    1270.7075
     613    1283.8874
     614    1291.9250
     615    1300.9833
     616    1315.7969
     617    1337.4843
     618    1362.7435
     619    1384.8216
     620    1395.9108
     621    1390.0202
     622    1365.2566
     623    1324.7328
     624    1275.8186
     625    1228.0033
     626    1190.1072
     627    1167.7978
     628    1162.2337
     629    1170.2253
     630    1185.7396
     631    1202.1489
     632    1214.4531
     633    1220.7864
     634    1222.7517
     635    1224.5076
     636    1230.9366
     637    1245.5874
     638    1269.1890
     639    1299.2719
     640    1330.9181
     641    1358.2355
     642    1376.0177
     643    1381.1068
     644    1373.1218
     645    1354.3872
     646    1329.1126
     647    1302.1013
     648    1277.4357
     649    1257.6121
     650    1243.3960
     651    1234.3414
     652    1229.6185
     653    1228.7121
     654    1231.6828
     655    1238.9128
     656    1250.4982
     657    1265.6116
     658    1282.1704
     659    1297.0333
     660    1306.7283
     661    1308.4975
     662    1301.2821
     663    1286.2434
     664    1266.5407
     665    1246.3661
     666    1229.5445
     667    1218.2144
     668    1212.0933
     669    1208.6336
     670    1204.0944
     671    1195.2041
     672    1180.8183
     673    1162.8603
     674    1146.0633
     675    1136.5405
     676    1139.7076
     677    1158.3610
     678    1191.6445
     679    1235.2607
     680    1282.8088
     681    1327.7081
     682    1364.9830
     683    1392.2714
     684    1409.7792
     685    1419.3752
     686    1423.3625
     687    1423.4776
     688    1420.4339
     689    1413.9958
     690    1403.3632
     691    1387.6399
     692    1366.3087
     693    1339.6499
     694    1308.9572
     695    1276.3888
     696    1244.4973
     697    1215.6651
     698    1191.7196
     699    1173.8419
     700    1162.6902
     701    1158.5165
     702    1161.1332
     703    1169.8154
     704    1183.3194
     705    1200.0427
     706    1218.2176
     707    1236.1144
     708    1252.3044
     709    1265.9812
     710    1277.2026
     711    1286.8899
     712    1296.5215
     713    1307.6042
     714    1321.0762
     715    1336.7980
     716    1353.2734
     717    1367.7480
     718    1376.7679
     719    1377.1307
     720    1366.9479
     721    1346.4460
     722    1318.1804
     723    1286.5425
     724    1256.6468
     725    1232.8894
     726    1217.6122
     727    1210.3229
     728    1207.7845
     729    1204.9951
     730    1196.7795
     731    1179.5268
     732    1152.5970
     733    1119.0044
     734    1085.0945
     735    1059.0908
     736    1048.7502
     737    1058.7860
     738    1088.9811
     739    1133.7692
     740    1183.5840
     741    1227.6158
     742    1257.0864
     743    1267.9467
     744    1262.0780
     745    1246.5796
     746    1231.3546
     747    1225.7480
     748    1235.3304
     749    1259.8854
     750    1293.3033
     751    1325.4489
     752    1345.4283
     753    1345.1683
     754    1322.1429
     755    1280.3767
     756    1229.4267
     757    1181.6772
     758    1148.7839
     759    1138.3464
     760    1151.8067
     761    1184.1949
     762    1225.7754
     763    1265.0596
     764    1292.2415
     765    1301.9848
     766    1294.7101
     767    1276.0322
     768    1254.5770
     769    1238.9079
     770    1234.5725
     771    1242.2324
     772    1257.4902
     773    1272.4697
     774    1278.5887
     775    1269.5631
     776    1243.6325
     777    1204.3108
     778    1159.4698
     779    1119.0945
     780    1092.4376
     781    1085.4377
     782    1099.1777
     783    1129.8029
     784    1169.8427
     785    1210.4724
     786    1243.9839
     787    1265.7208
     788    1274.9492
     789    1274.4832
     790    1269.2870
     791    1264.5811
     792    1264.0814
     793    1268.8823
     794    1277.2560
     795    1285.3431
     796    1288.4850
     797    1282.7689
     798    1266.3131
     799    1239.9229
     800    1206.9669
     801    1172.5665
     802    1142.3956
     803    1121.4400
     804    1113.0129
     805    1118.2178
     806    1135.9201
     807    1163.1714
     808    1195.8942
     809    1229.6316
     810    1260.2299
     811    1284.4407
     812    1300.4352
     813    1308.1463
     814    1309.2530
     815    1306.6368
     816    1303.3168
     817    1301.1623
     818    1299.9016
     819    1296.9101
     820    1288.0002
     821    1269.0487
     822    1237.9502
     823    1196.1876
     824    1149.3553
     825    1106.2525
     826    1076.6613
     827    1068.4653
     828    1085.0516
     829    1123.8681
     830    1176.6580
     831    1231.4579
     832    1275.9173
     833    1300.9666
     834    1303.5895
     835    1287.7157
     836    1262.9300
     837    1241.4905
     838    1234.4789
     839    1247.6077
     840    1277.7105
     841    1312.8179
     842    1337.2906
     843    1338.6906
     844    1312.5256
     845    1263.6463
     846    1204.4549
     847    1150.7036
     848    1116.2776
     849    1108.6664
     850    1126.5976
     851    1160.6281
     852    1196.5262
     853    1220.3016
     854    1223.1333
     855    1204.4631
     856    1172.1587
     857    1139.6672
     858    1121.1272
     859    1126.1342
     860    1156.0021
     861    1202.8834
     862    1252.1206
     863    1287.0867
     864    1294.8834
     865    1270.9379
     866    1220.8704
     867    1158.9223
     868    1103.4248
     869    1070.8364
     870    1070.3869
     871    1101.1328
     872    1152.4080
     873    1207.5282
     874    1249.4931
     875    1266.6998
     876    1256.6877
     877    1226.6604
     878    1190.6619
     879    1164.4393
     880    1159.7983
     881    1180.4112
     882    1220.5058
     883    1266.8684
     884    1303.4514
     885    1316.9917
     886    1301.7027
     887    1261.4275
     888    1208.4918
     889    1159.6376
     890    1130.4324
     891    1130.1398
     892    1158.8726
     893    1207.9473
     894    1263.1102
     895    1309.3258
     896    1335.4091
     897    1337.0095
     898    1317.1335
     899    1284.2843
     900    1249.0994
     901    1220.7606
     902    1204.3817
     903    1200.0927
     904    1203.8594
     905    1209.4856
     906    1210.9421
     907    1204.2312
     908    1188.3151
     909    1165.0549
     910    1138.4097
     911    1113.2888
     912    1094.4320
     913    1085.5531
     914    1088.7917
     915    1104.4117
     916    1130.7004
     917    1164.1036
     918    1199.6773
     919    1231.8791
     920    1255.6284
     921    1267.4348
     922    1266.2919
     923    1254.0186
     924    1234.8324
     925    1214.1965
     926    1197.2160
     927    1187.0625
     928    1183.9423
     929    1185.0040
     930    1185.3105
     931    1179.6760
     932    1164.8737
     933    1141.4483
     934    1114.3016
     935    1091.5681
     936    1082.0209
     937    1091.9183
     938    1122.4787
     939    1168.9137
     940    1221.3963
     941    1267.7092
     942    1296.7586
     943    1301.8373
     944    1282.5831
     945    1244.9859
     946    1199.4409
     947    1157.4999
     948    1128.3792
     949    1116.3462
     950    1119.7919
     951    1132.2593
     952    1145.0670
     953    1150.6302
     954    1145.3286
     955    1130.8974
     956    1113.8572
     957    1103.1675
     958    1106.9190
     959    1129.2100
     960    1168.3356
     961    1217.0027
     962    1264.5287
     963    1300.2301
     964    1316.8068
     965    1312.5767
     966    1291.8465
     967    1263.3245
     968    1237.1040
     969    1221.2270
     970    1219.0314
     971    1228.2767
     972    1242.3502
     973    1252.9964
     974    1253.4653
     975    1240.9479
     976    1217.5204
     977    1189.3439
     978    1164.4409
     979    1149.8198
     980    1148.9672
     981    1160.6515
     982    1179.5121
     983    1198.1650
     984    1209.9344
     985    1211.1729
     986    1202.3736
     987    1187.7584
     988    1173.5464
     989    1165.5672
     990    1167.0985
     991    1177.7310
     992    1193.6365
     993    1209.0843
     994    1218.5799
     995    1218.7977
     996    1209.6206
     997    1193.9708
     998    1176.5579
     999    1162.0391
    1000    1153.3135
    1001    1150.4350
    1002    1150.9507
    1003    1151.0035
    1004    1147.1910
    1005    1138.3092
    1006    1126.1390
    1007    1114.6731
    1008    1108.2867
    1009    1110.2088
    1010    1121.8580
    1011    1142.5648
    1012    1169.4655
    1013    1197.8893
    1014    1222.4004
    1015    1238.2332
    1016    1242.6354
    1017    1235.6669
    1018    1220.1870
    1019    1201.0017
    1020    1183.3850
    1021    1171.4325
    1022    1166.8001
    1023    1168.2781
    1024    1172.3598
    1025    1174.6448
    1026    1171.6278
    1027    1162.2171
    1028    1148.3587
    1029    1134.4793
    1030    1125.9623
    1031    1127.2282
    1032    1140.0978
    1033    1162.9799
    1034    1191.1460
    1035    1218.0179
    1036    1237.0820
    1037    1243.8090
    1038    1236.9552
    1039    1218.8123
    1040    1194.3438
    1041    1169.5528
    1042    1149.6597
    1043    1137.6683
    1044    1133.6995
    1045    1135.2231
    1046    1138.1103
    1047    1138.2467
    1048    1133.2217
    1049    1123.4977
    1050    1112.5984
    1051    1106.1826
    1052    1110.2425
    1053    1128.9447
    1054    1162.7997
    1055    1207.8541
    1056    1256.3189
    1057    1298.5771
    1058    1325.9706
    1059    1333.4462
    1060    1321.1323
    1061    1294.2490
    1062    1261.3228
    1063    1231.2888
    1064    1210.4718
    1065    1200.4979
    1066    1197.8416
    1067    1195.2080
    1068    1184.3850
    1069    1159.6499
    1070    1120.4762
    1071    1072.4494
    1072    1025.9618
    1073     993.1001
    1074     983.7750
    1075    1002.4008
    1076    1046.2458
    1077    1106.0275
    1078    1168.5947
    1079    1220.8421
    1080    1253.5736
    1081    1264.0325
    1082    1256.2669
    1083    1239.2518
    1084    1223.4437
    1085    1216.9812
    1086    1222.8489
    1087    1237.9806
    1088    1254.5778
    1089    1263.1504
    1090    1256.1686
    1091    1231.0092
    1092    1191.1644
    1093    1145.3201
    1094    1104.6830
    1095    1079.5112
    1096    1076.0381
    1097    1094.7274
    1098    1130.3282
    1099    1173.6014
    1100    1214.1142
    1101    1243.2234
    1102    1256.3648
    1103    1254.0004
    1104    1240.9991
    1105    1224.6890
    1106    1212.2181
    1107    1208.0997
    1108    1212.7934
    1109    1222.7936
    1110    1232.1005
    1111    1234.4568
    1112    1225.5779
    1113    1204.6836
    1114    1174.8932
    1115    1142.4055
    1116    1114.7758
    1117    1098.8563
    1118    1099.0219
    1119    1116.1371
    1120    1147.4859
    1121    1187.6037
    1122    1229.7248
    1123    1267.4153
    1124    1295.9499
    1125    1313.1174
    1126    1319.3339
    1127    1317.1355
    1128    1310.2206
    1129    1302.2517
    1130    1295.7139
    1131    1291.1702
    1132    1287.1547
    1133    1280.7390
    1134    1268.6075
    1135    1248.3615
    1136    1219.6903
    1137    1185.0040
    1138    1149.1655
    1139    1118.2626
    1140    1097.8596
    1141    1091.4322
    1142    1099.4317
    1143    1119.0665
    1144    1144.8641
    1145    1170.0608
    1146    1188.5493
    1147    1196.7889
    1148    1195.0464
    1149    1187.4663
    1150    1180.6867
    1151    1181.2079
    1152    1192.5389
    1153    1213.6329
    1154    1239.3983
    1155    1262.7407
    1156    1277.0210
    1157    1278.1021
    1158    1265.5514
    1159    1242.7447
    1160    1215.8090
    1161    1191.6767
    1162    1175.8485
    1163    1170.6045
    1164    1174.2791
    1165    1181.8776
    1166    1186.8605
    1167    1183.5193
    1168    1169.1280
    1169    1145.0937
    1170    1116.6572
    1171    1091.2000
    1172    1075.7347
    1173    1074.4967
    1174    1087.5543
    1175    1110.9670
    1176    1138.3642
    1177    1163.2525
    1178    1181.1482
    1179    1190.7942
    1180    1194.1101
    1181    1195.0270
    1182    1197.7559
    1183    1205.1755
    1184    1217.8744
    1185    1234.0751
    1186    1250.3590
    1187    1262.8639
    1188    1268.5027
    1189    1265.7846
    1190    1255.0004
    1191    1237.7918
    1192    1216.4010
    1193    1193.0409
    1194    1169.6796
    1195    1148.1474
    1196    1130.2188
    1197    1117.4466
    1198    1110.7489
    1199    1109.9570
    1200    1113.5956
    1201    1119.1353
    1202    1123.7507
    1203    1125.3474
    1204    1123.4550
    1205    1119.6004
    1206    1116.9496
    1207    1119.2675
    1208    1129.5039
    1209    1148.5008
    1210    1174.3034
    1211    1202.3953
    1212    1226.8884
    1213    1242.3825
    1214    1245.8759
    1215    1237.9474
    1216    1222.6189
    1217    1205.8405
    1218    1193.1784
    1219    1187.6931
    1220    1188.9350
    1221    1193.4749
    1222    1196.6476
    1223    1194.6734
    1224    1186.2683
    1225    1173.1328
    1226    1159.2151
    1227    1149.1030
    1228    1146.1882
    1229    1151.2882
    1230    1162.2341
    1231    1174.5972
    1232    1183.3004
    1233    1184.5033
    1234    1177.0529
    1235    1162.9604
    1236    1146.7231
    1237    1133.6856
    1238    1127.9479
    1239    1130.5747
    1240    1138.9614
    1241    1147.8107
    1242    1151.3023
    1243    1145.4260
    1244    1129.5571
    1245    1106.8432
    1246    1083.3695
    1247    1066.3595
    1248    1061.9248
    1249    1073.0702
    1250    1098.6600
    1251    1133.7390
    1252    1171.1132
    1253    1203.6243
    1254    1226.3083
    1255    1237.6838
    1256    1239.7572
    1257    1236.7948
    1258    1233.3520
    1259    1232.3143
    1260    1233.6825
    1261    1234.5308
    1262    1230.1158
    1263    1215.7333
    1264    1188.6981
    1265    1149.7454
    1266    1103.3362
    1267    1056.7280
    1268    1018.1029
    1269     994.3541
    1270     989.1985
    1271    1002.2062
    1272    1029.0538
    1273    1062.9265
    1274    1096.6190
    1275    1124.6437
    1276    1144.6634
    1277    1157.7771
    1278    1167.5980
    1279    1178.4989
    1280    1193.7192
    1281    1214.0291
    1282    1237.3584
    1283    1259.4147
    1284    1275.0247
    1285    1279.7212
    1286    1271.0479
    1287    1249.1729
    1288    1216.7016
    1289    1177.8936
    1290    1137.6703
    1291    1100.7301
    1292    1070.8999
    1293    1050.7558
    1294    1041.5652
    1295    1043.4781
    1296    1055.6854
    1297    1076.3495
    1298    1102.4655
    1299    1130.0218
    1300    1154.7036
    1301    1173.0526
    1302    1183.6553
    1303    1187.7861
    1304    1189.0833
    1305    1192.2302
    1306    1201.0267
    1307    1216.5351
    1308    1236.0156
    1309    1253.2321
    1310    1260.3184
    1311    1250.7300
    1312    1222.1325
    1313    1177.9337
    1314    1126.7214
    1315    1079.7550
    1316    1047.3407
    1317    1035.3194
    1318    1043.0117
    1319    1063.5502
    1320    1086.4918
    1321    1101.5730
    1322    1102.1719
    1323    1087.3951
    1324    1062.2413
    1325    1035.8635
    1326    1018.4935
    1327    1018.0328
    1328    1037.4369
    1329    1073.7714
    1330    1119.2440
    1331    1163.7954
    1332    1198.2600
    1333    1216.9885
    1334    1219.1136
    1335    1208.2274
    1336    1190.7671
    1337    1173.7432
    1338    1162.5498
    1339    1159.4793
    1340    1163.3200
    1341    1170.0867
    1342    1174.6322
    1343    1172.6249
    1344    1162.2055
    1345    1144.6827
    1346    1124.0016
    1347    1105.2526
    1348    1092.8858
    1349    1089.3041
    1350    1094.2337
    1351    1104.9572
    1352    1117.2637
    1353    1126.8182
    1354    1130.5283
    1355    1127.4705
    1356    1119.0534
    1357    1108.3731
    1358    1099.0359
    1359    1093.8956
    1360    1094.1485
    1361    1099.0766
    1362    1106.4936
    1363    1113.7087
    1364    1118.6253
    1365    1120.5411
    1366    1120.3493
    1367    1120.1055
    1368    1122.1585
    1369    1128.1890
    1370    1138.5075
    1371    1151.8685
    1372    1165.8810
    1373    1177.8991
    1374    1186.0549
    1375    1189.9929
    1376    1190.9654
    1377    1191.2326
    1378    1193.0283
    1379    1197.5239
    1380    1204.2139
    1381    1210.9730
    1382    1214.7556
    1383    1212.6591
    1384    1202.9545
    1385    1185.7331
    1386    1162.9690
    1387    1137.9997
    1388    1114.5943
    1389    1095.9103
    1390    1083.6535
    1391    1077.6975
    1392    1076.3259
    1393    1077.1267
    1394    1078.2704
    1395    1079.5185
    1396    1082.3511
    1397    1089.2225
    1398    1102.4679
    1399    1123.2659
    1400    1150.8556
    1401    1182.2896
    1402    1212.9757
    1403    1237.9061
    1404    1253.0895
    1405    1256.6205
    1406    1249.0130
    1407    1232.7793
    1408    1211.5082
    1409    1188.8085
    1410    1167.4226
    1411    1148.7121
    1412    1132.6606
    1413    1118.3919
    1414    1104.9587
    1415    1092.0106
    1416    1080.0679
    1417    1070.3489
    1418    1064.3065
    1419    1063.1114
    1420    1067.2993
    1421    1076.7051
    1422    1090.6439
    1423    1108.1946
    1424    1128.3913
    1425    1150.2348
    1426    1172.5664
    1427    1193.9532
    1428    1212.7406
    1429    1227.3107
    1430    1236.4873
    1431    1239.9103
    1432    1238.2162
    1433    1232.9492
    1434    1226.2178
    1435    1220.1631
    1436    1216.3542
    1437    1215.2853
    1438    1216.1747
    1439    1217.1680
    1440    1215.9209
    1441    1210.4069
    1442    1199.7063
    1443    1184.4978
    1444    1167.0191
    1445    1150.4569
    1446    1137.9654
    1447    1131.6596
    1448    1131.9347
    1449    1137.3002
    1450    1144.7347
    1451    1150.4703
    1452    1151.0765
    1453    1144.6553
    1454    1131.7320
    1455    1115.3530
    1456    1100.1861
    1457    1090.8898
    1458    1090.3643
    1459    1098.5684
    1460    1112.3809
    1461    1126.6053
    1462    1135.8293
    1463    1136.5195
    1464    1128.6133
    1465    1115.9618
    1466    1105.3530
    1467    1104.3100
    1468    1118.3446
    1469    1148.6369
    1470    1191.1018
    1471    1237.2792
    1472    1276.7589
    1473    1300.2962
    1474    1302.6182
    1475    1284.0315
    1476    1250.3339
    1477    1211.0579
    1478    1176.5882
    1479    1155.0583
    1480    1149.9904
    1481    1159.4103
    1482    1176.6939
    1483    1192.8460
    1484    1199.4768
    1485    1191.5273
    1486    1168.8991
    1487    1136.5041
    1488    1102.7472
    1489    1076.9308
    1490    1066.3482
    1491    1073.9275
    1492    1097.1742
    1493    1128.7884
    1494    1158.8078
    1495    1177.6541
    1496    1179.1841
    1497    1162.7378
    1498    1133.3650
    1499    1100.0428
    1500    1072.6140
    1501    1058.7366
    1502    1061.8692
    1503    1080.6622
    1504    1109.6637
    1505    1141.0391
    1506    1166.8070
    1507    1180.9843
    1508    1181.0949
    1509    1168.7057
    1510    1148.9108
    1511    1128.9034
    1512    1115.9791
    1513    1115.4727
    1514    1129.1914
    1515    1154.8094
    1516    1186.3902
    1517    1215.8225
    1518    1234.8346
    1519    1237.3171
    1520    1221.4228
    1521    1190.5967
    1522    1152.9138
    1523    1118.8075
    1524    1097.9190
    1525    1096.0849
    1526    1113.4048
    1527    1144.0148
    1528    1177.7027
    1529    1202.9550
    1530    1210.5538
    1531    1196.6021
    1532    1163.9303
    1533    1121.2935
    1534    1080.5565
    1535    1052.8598
    1536    1045.1025
    1537    1057.8126
    1538    1085.0564
    1539    1116.5309
    1540    1141.2046
    1541    1151.2149
    1542    1144.5883
    1543    1125.8411
    1544    1104.3046
    1545    1090.7909
    1546    1093.7485
    1547    1116.2143
    1548    1154.6027
    1549    1199.7667
    1550    1239.9703
    1551    1264.7580
    1552    1268.3860
    1553    1251.6659
    1554    1221.6351
    1555    1189.1637
    1556    1165.2216
    1557    1156.9981
    1558    1165.2608
    1559    1184.0998
    1560    1203.2994
    1561    1212.3685
    1562    1204.5522
    1563    1179.3368
    1564    1142.6488
    1565    1104.7541
    1566    1076.6049
    1567    1065.9395
    1568    1074.5482
    1569    1097.7189
    1570    1126.0339
    1571    1148.8047
    1572    1157.8560
    1573    1150.2905
    1574    1129.2788
    1575    1102.6496
    1576    1079.8365
    1577    1068.3172
    1578    1070.8593
    1579    1084.5959
    1580    1102.2606
    1581    1115.0740
    1582    1116.1724
    1583    1103.2886
    1584    1079.6831
    1585    1052.9798
    1586    1032.3568
    1587    1025.1702
    1588    1034.2844
    1589    1057.1019
    1590    1086.6178
    1591    1114.0454
    1592    1132.0133
    1593    1137.1675
    1594    1131.2708
    1595    1120.4250
    1596    1112.6992
    1597    1115.0380
    1598    1130.5946
    1599    1157.4892
    1600    1189.4103
    1601    1217.7829
    1602    1234.6599
    1603    1235.3105
    1604    1219.6580
    1605    1192.1369
    1606    1160.0876
    1607    1131.2823
    1608    1111.4578
    1609    1102.6690
    1610    1102.9611
    1611    1107.4777
    1612    1110.6578
    1613    1108.6599
    1614    1100.9417
    1615    1090.3119
    1616    1081.5050
    1617    1078.9636
    1618    1084.8196
    1619    1097.9088
    1620    1114.1835
    1621    1128.3020
    1622    1135.7121
    1623    1134.3692
    1624    1125.3920
    1625    1112.4423
    1626    1100.2014
    1627    1092.6042
    1628    1091.4910
    1629    1096.1180
    1630    1103.6719
    1631    1110.5718
    1632    1114.0454
    1633    1113.3354
    1634    1110.0200
    1635    1107.2681
    1636    1108.3222
    1637    1114.8809
    1638    1126.1124
    1639    1138.7440
    1640    1148.1938
    1641    1150.2977
    1642    1142.9456
    1643    1126.9910
    1644    1106.0635
    1645    1085.3448
    1646    1069.7356
    1647    1062.0973
    1648    1062.2605
    1649    1067.2374
    1650    1072.6053
    1651    1074.5183
    1652    1071.5021
    1653    1065.2531
    1654    1060.0727
    1655    1061.1107
    1656    1072.0977
    1657    1093.4856
    1658    1121.8142
    1659    1150.6566
    1660    1172.8611
    1661    1183.2564
    1662    1180.7395
    1663    1168.8391
    1664    1154.3945
    1665    1144.7493
    1666    1144.5460
    1667    1153.4510
    1668    1165.8428
    1669    1172.7666
    1670    1165.5392
    1671    1139.6080
    1672    1097.0156
    1673    1046.3385
    1674    1000.0187
    1675     970.0775
    1676     963.8590
    1677     981.4059
    1678    1015.4244
    1679    1053.8315
    1680    1083.9666
    1681    1096.9845
    1682    1090.8842
    1683    1071.1143
    1684    1048.5474
    1685    1035.5195
    1686    1041.3165
    1687    1068.7076
    1688    1112.7777
    1689    1162.5179
    1690    1204.6159
    1691    1228.0874
    1692    1228.0840
    1693    1207.4953
    1694    1175.7400
    1695    1145.1995
    1696    1126.6690
    1697    1125.5409
    1698    1140.0599
    1699    1162.1888
    1700    1180.7399
    1701    1185.6448
    1702    1171.8050
    1703    1141.1023
    1704    1101.8195
    1705    1065.6901
    1706    1043.6605
    1707    1041.9139
    1708    1059.5985
    1709    1089.0588
    1710    1118.4738
    1711    1135.9606
    1712    1133.6988
    1713    1110.6416
    1714    1072.8794
    1715    1031.5828
    1716     999.3175
    1717     986.0275
    1718     996.0141
    1719    1026.8230
    1720    1070.2814
    1721    1115.2268
    1722    1150.9811
    1723    1170.4437
    1724    1171.8794
    1725    1158.9279
    1726    1138.9532
    1727    1120.3609
    1728    1109.7912
    1729    1110.0871
    1730    1119.6472
    1731    1133.2934
    1732    1144.2529
    1733    1146.5288
    1734    1136.8552
    1735    1115.6725
    1736    1086.9123
    1737    1056.7829
    1738    1032.0129
    1739    1018.1167
    1740    1018.1375
    1741    1032.1099
    1742    1057.2304
    1743    1088.5681
    1744    1120.0971
    1745    1145.8807
    1746    1161.2555
    1747    1163.8434
    1748    1154.1655
    1749    1135.6226
    1750    1113.7079
    1751    1094.5379
    1752    1083.0668
    1753    1081.5358
    1754    1088.7111
    1755    1100.2444
    1756    1110.1154
    1757    1112.7168
    1758    1104.9036
    1759    1087.2788
    1760    1064.2104
    1761    1042.4895
    1762    1029.0330
    1763    1028.4096
    1764    1041.0887
    1765    1063.0741
    1766    1087.0989
    1767    1104.9935
    1768    1110.3999
    1769    1100.8848
    1770    1078.7322
    1771    1050.1527
    1772    1023.2048
    1773    1005.1302
    1774    1000.0146
    1775    1007.5840
    1776    1023.5492
    1777    1041.3327
    1778    1054.5217
    1779    1059.1361
    1780    1054.9280
    1781    1045.3283
    1782    1036.1415
    1783    1033.4482
    1784    1041.3899
    1785    1060.5864
    1786    1087.7875
    1787    1116.8998
    1788    1140.9750
    1789    1154.3745
    1790    1154.3473
    1791    1141.5987
    1792    1119.8255
    1793    1094.4920
    1794    1071.2795
    1795    1054.6472
    1796    1046.8813
    1797    1047.8185
    1798    1055.2568
    1799    1065.8803
    1800    1076.3332
    1801    1084.0039
    1802    1087.3075
    1803    1085.5837
    1804    1078.8964
    1805    1067.9144
    1806    1053.8773
    1807    1038.5493
    1808    1024.0757
    1809    1012.6898
    1810    1006.2330
    1811    1005.5598
    1812    1010.0894
    1813    1017.8447
    1814    1026.1307
    1815    1032.6412
    1816    1036.5187
    1817    1038.8764
    1818    1042.5165
    1819    1050.8919
    1820    1066.6336
    1821    1090.1452
    1822    1118.8403
    1823    1147.4234
    1824    1169.2652
    1825    1178.5095
    1826    1172.2303
    1827    1151.7862
    1828    1122.6636
    1829    1092.7206
    1830    1069.5920
    1831    1058.3045
    1832    1059.7349
    1833    1070.3268
    1834    1083.4499
    1835    1092.0712
    1836    1091.5473
    1837    1081.3374
    1838    1065.1009
    1839    1049.2824
    1840    1040.7100
    1841    1044.0228
    1842    1059.8295
    1843    1084.2693
    1844    1110.1342
    1845    1129.1709
    1846    1134.7826
    1847    1124.2360
    1848    1099.6309
    1849    1067.2580
    1850    1035.5086
    1851    1012.0895
    1852    1001.6540
    1853    1004.7454
    1854    1018.2080
    1855    1036.5988
    1856    1053.9926
    1857    1065.6641
    1858    1069.2603
    1859    1065.1985
    1860    1056.2233
    1861    1046.2986
    1862    1039.2171
    1863    1037.4141
    1864    1041.3534
    1865    1049.5989
    1866    1059.4439
    1867    1067.8480
    1868    1072.3894
    1869    1071.9715
    1870    1067.0967
    1871    1059.6292
    1872    1052.1042
    1873    1046.8233
    1874    1045.1100
    1875    1046.9963
    1876    1051.3800
    1877    1056.5154
    1878    1060.6356
    1879    1062.4397
    1880    1061.2568
    1881    1056.9497
    1882    1049.7764
    1883    1040.3564
    1884    1029.7235
    1885    1019.3328
    1886    1010.9003
    1887    1006.0434
    1888    1005.7902
    1889    1010.1454
    1890    1017.9124
    1891    1026.9301
    1892    1034.7137
    1893    1039.3032
    1894    1039.9660
    1895    1037.4494
    1896    1033.7036
    1897    1031.2398
    1898    1032.3635
    1899    1038.4139
    1900    1049.1047
    1901    1062.2178
    1902    1074.0032
    1903    1080.2922
    1904    1077.9158
    1905    1065.9411
    1906    1046.2965
    1907    1023.4062
    1908    1002.8126
    1909     989.2819
    1910     985.1398
    1911     989.4723
    1912     998.5038
    1913    1007.0691
    1914    1010.7039
    1915    1007.5467
    1916     999.2143
    1917     990.2154
    1918     986.1289
    1919     991.3557
    1920    1007.3715
    1921    1032.1167
    1922    1060.6520
    1923    1086.7710
    1924    1105.0026
    1925    1112.4020
    1926    1109.5724
    1927    1100.4762
    1928    1090.9593
    1929    1086.4894
    1930    1090.0037
    1931    1100.7273
    1932    1114.4145
    1933    1124.9170
    1934    1126.4930
    1935    1116.0054
    1936    1094.1915
    1937    1065.5438
    1938    1036.8700
    1939    1015.0895
    1940    1005.0698
    1941    1008.2439
    1942    1022.4283
    1943    1042.7883
    1944    1063.5016
    1945    1079.4727
    1946    1087.5887
    1947    1087.2527
    1948    1080.1750
    1949    1069.5890
    1950    1059.1412
    1951    1051.7732
    1952    1048.8976
    1953    1050.0924
    1954    1053.3945
    1955    1056.0716
    1956    1055.5977
    1957    1050.5127
    1958    1040.8865
    1959    1028.2753
    1960    1015.2167
    1961    1004.4625
    1962     998.1954
    1963     997.4761
    1964    1002.0526
    1965    1010.5460
    1966    1020.9306
    1967    1031.1545
    1968    1039.7221
    1969    1046.0578
    1970    1050.5331
    1971    1054.1897
    1972    1058.3290
    1973    1064.1365
    1974    1072.3672
    1975    1083.0662
    1976    1095.3351
    1977    1107.2657
    1978    1116.1673
    1979    1119.1210
    1980    1113.7388
    1981    1098.9065
    1982    1075.2981
    1983    1045.4886
    1984    1013.5513
    1985     984.1375
    1986     961.2357
    1987     947.0020
    1988     941.1352
    1989     941.1154
    1990     943.2979
    1991     944.4735
    1992     943.2867
    1993     940.9090
    1994     940.6523
    1995     946.6242
    1996     961.9272
    1997     987.1017
    1998    1019.4326
    1999    1053.4259
    2000    1082.3401
