#Frame              T
       1    1157.4843
       2    1161.3651
       3    1100.1515
       4    1134.9656
       5    1185.2195
       6    1162.8650
       7    1117.0258
       8    1062.9696
       9    1075.5482
      10    1051.2148
      11    1011.5910
      12    1040.4046
      13    1016.0924
      14     892.6873
      15     994.9621
      16     938.5331
      17     962.0364
      18     988.5164
      19     970.0094
      20    1030.3456
      21     921.1391
      22     997.3590
      23     952.0135
      24     902.4936
      25     916.3380
      26     991.8297
      27     899.1233
      28    1038.7662
      29    1049.7471
      30     902.7476
      31     876.1130
      32     907.4153
      33     871.2442
      34     924.5835
      35     997.2658
      36     889.7051
      37     928.3770
      38     960.1393
      39     891.6912
      40     932.8222
      41     865.7461
      42     919.4372
      43     960.4214
      44     827.1850
      45     837.1174
      46     813.2437
      47     819.3959
      48     782.0350
      49     792.8092
      50     831.7880
      51     797.5983
      52     837.1370
      53     786.4110
      54     817.4411
      55     814.4268
      56     783.1459
      57     893.4138
      58     841.9269
      59     873.0954
      60     830.8970
      61     781.5187
      62     780.1542
      63     758.6735
      64     826.1803
      65     734.2289
      66     742.3328
      67     794.3348
      68     747.9412
      69     773.6795
      70     779.8373
      71     797.9048
      72     761.1793
      73     767.0240
      74     727.8164
      75     743.8166
      76     762.4994
      77     751.1142
      78     772.3289
      79     701.9606
      80     723.6513
      81     739.3388
      82     724.6120
      83     650.6858
      84     606.8414
      85     660.9592
      86     684.4740
      87     650.2419
      88     668.2882
      89     611.2278
      90     622.4867
      91     645.6425
      92     662.2729
      93     696.1861
      94     671.1613
      95     658.2091
      96     658.4110
      97     638.2159
      98     706.3981
      99     734.9654
     100     650.4422
     101     679.8411
     102     667.2494
     103     632.8043
     104     694.3720
     105     644.8082
     106     691.9886
     107     583.2577
     108     648.2267
     109     603.5991
     110     634.3766
     111     614.4617
     112     597.6808
     113     615.0301
     114     562.5743
     115     562.2865
     116     580.1519
     117     549.5920
     118     601.8699
     119     545.5903
     120     562.7592
     121     580.6797
     122     603.5772
     123     541.4706
     124     546.6614
     125     549.0433
     126     579.3971
     127     538.3915
     128     524.6559
     129     576.9036
     130     549.8676
     131     601.7923
     132     523.5925
     133     535.1762
     134     607.7989
     135     551.4173
     136     576.4508
     137     554.7373
     138     494.1504
     139     556.4226
     140     484.1408
     141     532.0095
     142     548.0903
     143     530.5846
     144     555.7360
     145     568.6174
     146     522.1706
     147     527.8268
     148     495.1264
     149     511.7758
     150     529.5084
     151     534.7405
     152     559.7693
     153     498.4627
     154     523.2500
     155     525.0489
     156     512.0193
     157     572.3279
     158     512.4814
     159     491.4360
     160     508.3999
     161     473.6538
     162     510.3704
     163     490.1657
     164     556.3784
     165     505.7543
     166     535.7811
     167     499.7487
     168     455.8095
     169     497.2018
     170     506.7695
     171     481.9897
     172     491.7198
     173     520.5483
     174     520.9374
     175     532.4577
     176     512.1592
     177     498.5622
     178     520.0147
     179     510.7233
     180     511.4715
     181     506.3017
     182     487.2131
     183     528.7229
     184     520.5759
     185     517.6149
     186     507.6191
     187     558.5658
     188     541.0458
     189     505.9859
     190     531.5507
     191     480.5685
     192     485.7706
     193     497.2855
     194     492.3180
     195     473.7890
     196     460.8568
     197     493.7945
     198     475.6600
     199     468.7579
     200     486.5856
     201     470.2146
     202     472.8539
     203     484.9678
     204     456.0201
     205     433.7633
     206     513.4673
     207     454.7583
     208     449.0588
     209     398.6987
     210     433.7919
     211     446.2777
     212     432.1911
     213     465.7309
     214     452.9788
     215     462.8874
     216     429.2385
     217     484.4060
     218     425.9397
     219     456.2281
     220     420.3639
     221     407.0081
     222     440.6255
     223     466.2345
     224     436.6743
     225     434.2744
     226     474.0339
     227     463.0087
     228     463.5886
     229     476.3084
     230     428.5665
     231     427.1654
     232     429.3832
     233     394.2468
     234     460.6628
     235     426.1157
     236     442.0275
     237     444.4447
     238     421.4967
     239     436.3598
     240     440.5283
     241     411.3455
     242     417.5446
     243     404.3121
     244     453.8322
     245     443.2861
     246     400.3725
     247     398.0489
     248     429.9740
     249     402.7066
     250     398.7570
     251     435.6595
     252     407.9436
     253     418.3247
     254     391.1693
     255     395.6869
     256     429.9705
     257     397.9185
     258     435.9232
     259     434.0126
     260     429.8890
     261     436.7025
     262     412.0970
     263     429.3295
     264     420.7843
     265     385.1398
     266     422.4623
     267     416.7705
     268     415.9148
     269     389.8897
     270     422.1742
     271     397.8423
     272     378.0759
     273     401.8227
     274     377.8957
     275     402.3290
     276     416.9955
     277     407.9916
     278     454.4400
     279     401.1769
     280     405.9930
     281     359.5146
     282     408.7521
     283     362.5541
     284     401.6204
     285     408.4257
     286     370.3348
     287     386.0310
     288     398.3947
     289     409.4746
     290     385.3770
     291     414.8988
     292     377.7961
     293     423.6775
     294     384.4401
     295     390.8307
     296     405.2027
     297     386.8786
     298     380.3471
     299     387.8787
     300     393.7567
     301     379.4119
     302     411.0664
     303     405.2965
     304     361.4381
     305     347.5206
     306     369.5404
     307     392.3008
     308     338.4275
     309     361.9200
     310     358.7131
     311     367.7330
     312     392.8515
     313     372.4297
     314     359.6967
     315     378.0130
     316     371.8328
     317     376.6027
     318     369.9012
     319     379.5264
     320     344.5335
     321     378.9208
     322     361.7181
     323     389.1362
     324     375.8092
     325     406.7049
     326     351.6114
     327     413.9566
     328     386.8390
     329     358.6873
     330     396.4322
     331     371.7404
     332     385.1738
     333     367.5741
     334     349.2741
     335     366.5692
     336     387.1829
     337     385.5017
     338     381.3899
     339     354.7448
     340     403.4179
     341     386.3301
     342     419.9592
     343     397.1102
     344     400.4928
     345     395.4156
     346     375.8852
     347     382.8723
     348     393.6211
     349     390.9791
     350     351.0937
     351     321.6735
     352     382.7729
     353     390.5095
     354     417.9022
     355     405.8902
     356     363.5194
     357     356.4496
     358     401.5794
     359     400.3057
     360     369.5467
     361     367.6719
     362     354.7612
     363     389.8154
     364     392.2128
     365     365.9444
     366     381.0696
     367     402.1794
     368     386.9035
     369     356.9466
     370     379.0704
     371     355.0263
     372     366.9614
     373     384.0294
     374     385.5250
     375     397.6428
     376     395.1046
     377     406.3786
     378     363.0468
     379     364.6645
     380     324.0478
     381     349.3039
     382     352.9047
     383     361.5342
     384     345.5857
     385     350.3360
     386     387.4433
     387     363.3040
     388     374.0532
     389     392.5875
     390     324.3754
     391     315.3081
     392     347.0013
     393     356.0899
     394     330.4349
     395     327.9484
     396     373.8604
     397     335.5032
     398     372.4378
     399     356.8825
     400     379.4377
