#Frame              T
       1    2976.6180
       2    2823.9841
       3    2576.6610
       4    2288.9516
       5    2018.7282
       6    1810.9946
       7    1686.4831
       8    1638.7059
       9    1639.8559
      10    1652.9108
      11    1645.4631
      12    1600.7168
      13    1522.4541
      14    1432.8561
      15    1364.2020
      16    1347.2867
      17    1400.3915
      18    1522.3869
      19    1692.0994
      20    1874.0189
      21    2028.3636
      22    2122.1778
      23    2138.0044
      24    2077.7192
      25    1960.8140
      26    1818.0930
      27    1682.8916
      28    1582.4169
      29    1531.5717
      30    1530.7209
      31    1567.6298
      32    1622.5562
      33    1674.7086
      34    1708.1408
      35    1715.6354
      36    1699.8952
      37    1672.0646
      38    1648.0880
      39    1643.7696
      40    1669.7439
      41    1727.7576
      42    1809.4228
      43    1897.8593
      44    1971.7838
      45    2010.9802
      46    2001.7697
      47    1941.0960
      48    1838.1148
      49    1712.6804
      50    1590.8747
      51    1498.5991
      52    1454.9305
      53    1467.1001
      54    1528.4812
      55    1620.1917
      56    1716.1008
      57    1790.1445
      58    1823.9435
      59    1812.2819
      60    1764.5232
      61    1701.3897
      62    1648.1117
      63    1626.1419
      64    1646.0549
      65    1703.8438
      66    1781.7939
      67    1853.7348
      68    1893.1582
      69    1881.7492
      70    1815.6434
      71    1707.3218
      72    1582.3732
      73    1471.9462
      74    1403.1459
      75    1390.4575
      76    1431.1438
      77    1506.3083
      78    1587.3262
      79    1645.4802
      80    1661.5495
      81    1632.0920
      82    1570.2551
      83    1500.8546
      84    1451.4844
      85    1442.8277
      86    1481.6072
      87    1558.5729
      88    1652.0159
      89    1735.3421
      90    1785.9950
      91    1792.7637
      92    1759.1245
      93    1701.5053
      94    1642.9432
      95    1604.3351
      96    1596.8984
      97    1619.1706
      98    1659.3184
      99    1700.8316
     100    1728.9150
     101    1735.3863
     102    1720.6886
     103    1692.6852
     104    1662.9791
     105    1642.2413
     106    1636.2897
     107    1644.3517
     108    1660.1273
     109    1675.0932
     110    1682.4942
     111    1680.1489
     112    1670.8162
     113    1660.1044
     114    1653.1286
     115    1651.7135
     116    1653.4867
     117    1653.1580
     118    1645.2036
     119    1626.6891
     120    1598.9957
     121    1567.7816
     122    1541.2397
     123    1527.2250
     124    1530.1526
     125    1548.8567
     126    1576.5033
     127    1602.8564
     128    1618.0338
     129    1616.1692
     130    1597.5323
     131    1568.3609
     132    1538.5255
     133    1517.9169
     134    1512.8837
     135    1524.0401
     136    1546.2101
     137    1570.4338
     138    1587.2152
     139    1589.8586
     140    1576.8500
     141    1552.4978
     142    1525.4508
     143    1505.4658
     144    1499.6881
     145    1510.1175
     146    1533.3421
     147    1562.3295
     148    1588.9649
     149    1606.0941
     150    1609.1527
     151    1597.7850
     152    1576.3993
     153    1552.5868
     154    1534.0306
     155    1525.4480
     156    1526.8147
     157    1533.4481
     158    1537.8622
     159    1532.7091
     160    1513.7545
     161    1481.7975
     162    1442.8222
     163    1406.3018
     164    1382.2368
     165    1377.9603
     166    1395.8045
     167    1432.4279
     168    1480.0226
     169    1528.9668
     170    1570.9585
     171    1601.4809
     172    1620.6796
     173    1632.3256
     174    1641.3220
     175    1650.8563
     176    1660.4731
     177    1665.9697
     178    1661.1549
     179    1640.7003
     180    1602.8467
     181    1550.8376
     182    1492.4663
     183    1437.8834
     184    1396.4510
     185    1373.7878
     186    1370.0966
     187    1380.4378
     188    1396.8942
     189    1411.8131
     190    1420.8431
     191    1424.5452
     192    1427.9408
     193    1438.1887
     194    1461.3162
     195    1499.2659
     196    1548.4381
     197    1600.4160
     198    1644.6833
     199    1672.2263
     200    1678.5064
     201    1664.6206
     202    1636.3387
     203    1601.5670
     204    1567.3393
     205    1537.5523
     206    1512.2832
     207    1488.8674
     208    1464.1648
     209    1436.9110
     210    1408.9882
     211    1385.0531
     212    1370.9179
     213    1371.5007
     214    1388.7690
     215    1420.2075
     216    1459.0877
     217    1496.9898
     218    1526.9104
     219    1545.1635
     220    1551.6574
     221    1548.9670
     222    1540.8411
     223    1530.7718
     224    1521.0979
     225    1512.7914
     226    1505.8123
     227    1499.7205
     228    1494.2144
     229    1489.3562
     230    1485.4720
     231    1482.8663
     232    1481.5927
     233    1481.4279
     234    1482.0421
     235    1483.2087
     236    1484.8913
     237    1487.1259
     238    1489.7630
     239    1492.2359
     240    1493.5525
     241    1492.6471
     242    1488.9955
     243    1483.1564
     244    1476.8572
     245    1472.4587
     246    1472.0136
     247    1476.3882
     248    1484.9141
     249    1495.7602
     250    1506.8616
     251    1517.0168
     252    1526.6726
     253    1537.8036
     254    1552.4060
     255    1570.3845
     256    1588.8897
     257    1603.7236
     258    1611.1664
     259    1609.0607
     260    1597.2490
     261    1577.6165
     262    1553.7127
     263    1529.9219
     264    1510.3167
     265    1497.5072
     266    1491.9007
     267    1491.6919
     268    1493.6265
     269    1494.2696
     270    1491.3160
     271    1484.4642
     272    1475.4925
     273    1467.4830
     274    1463.4955
     275    1465.2578
     276    1472.4525
     277    1482.8882
     278    1493.4601
     279    1501.4752
     280    1505.7818
     281    1507.2414
     282    1508.3546
     283    1512.1908
     284    1521.0449
     285    1535.3416
     286    1553.2290
     287    1571.0545
     288    1584.5814
     289    1590.4617
     290    1587.3278
     291    1576.0225
     292    1558.9224
     293    1538.7880
     294    1517.7681
     295    1497.0600
     296    1477.2635
     297    1459.0319
     298    1443.4882
     299    1432.1022
     300    1426.1236
     301    1425.9301
     302    1430.6545
     303    1438.3151
     304    1446.4843
     305    1453.2578
     306    1458.0673
     307    1461.8077
     308    1466.0844
     309    1471.9339
     310    1478.7153
     311    1483.7651
     312    1483.0349
     313    1472.5591
     314    1450.2903
     315    1417.6489
     316    1380.0672
     317    1346.0098
     318    1324.5418
     319    1322.2945
     320    1341.0800
     321    1377.1174
     322    1422.1626
     323    1466.1357
     324    1500.3505
     325    1520.2687
     326    1526.7983
     327    1525.5826
     328    1524.4253
     329    1529.7842
     330    1543.7665
     331    1562.8968
     332    1579.1924
     333    1583.1211
     334    1567.2993
     335    1529.5671
     336    1474.3700
     337    1412.0268
     338    1356.1597
     339    1320.0279
     340    1312.6199
     341    1335.5818
     342    1382.5165
     343    1441.4556
     344    1499.2494
     345    1545.6807
     346    1575.9169
     347    1590.9056
     348    1595.9153
     349    1597.8625
     350    1602.3442
     351    1611.3742
     352    1622.6182
     353    1630.4261
     354    1628.2033
     355    1611.1251
     356    1578.1005
     357    1532.3052
     358    1480.2615
     359    1429.9883
     360    1388.9515
     361    1362.3966
     362    1352.3840
     363    1357.6200
     364    1374.0232
     365    1395.8700
     366    1417.2439
     367    1433.4681
     368    1442.1902
     369    1443.8838
     370    1441.6975
     371    1440.6460
     372    1446.0046
     373    1460.9143
     374    1484.2996
     375    1511.0403
     376    1534.5666
     377    1549.5906
     378    1553.1630
     379    1544.4842
     380    1524.7955
     381    1497.5727
     382    1468.2133
     383    1442.7743
     384    1426.2146
     385    1420.9241
     386    1426.1071
     387    1438.1511
     388    1451.7964
     389    1461.7930
     390    1464.6517
     391    1460.0048
     392    1451.0562
     393    1443.7650
     394    1444.8967
     395    1459.5575
     396    1489.0404
     397    1529.7244
     398    1573.4959
     399    1609.7740
     400    1628.6771
     401    1624.3788
     402    1597.4896
     403    1555.4664
     404    1510.6718
     405    1476.5622
     406    1463.2810
     407    1474.2324
     408    1504.8713
     409    1544.1326
     410    1577.9915
     411    1593.9335
     412    1584.8418
     413    1551.0994
     414    1500.3587
     415    1445.1459
     416    1398.9968
     417    1372.2032
     418    1368.5176
     419    1384.0241
     420    1408.6936
     421    1430.1019
     422    1437.9703
     423    1427.9826
     424    1403.5060
     425    1374.4426
     426    1353.5385
     427    1351.5789
     428    1373.3442
     429    1415.8349
     430    1469.3622
     431    1520.9761
     432    1558.8767
     433    1576.1585
     434    1572.5754
     435    1553.8193
     436    1528.7390
     437    1505.7788
     438    1490.2355
     439    1483.3908
     440    1483.4620
     441    1487.4382
     442    1492.7145
     443    1497.8395
     444    1502.2617
     445    1505.4910
     446    1506.3703
     447    1503.0605
     448    1493.9153
     449    1478.8423
     450    1460.3407
     451    1443.4355
     452    1434.2411
     453    1437.5918
     454    1454.7162
     455    1482.0213
     456    1511.6805
     457    1534.0179
     458    1540.9200
     459    1529.0245
     460    1501.3786
     461    1466.7615
     462    1436.7726
     463    1421.7525
     464    1427.1429
     465    1451.5901
     466    1487.0582
     467    1520.6624
     468    1538.5518
     469    1531.4307
     470    1498.8370
     471    1449.5465
     472    1398.1977
     473    1359.9120
     474    1344.9665
     475    1355.3203
     476    1384.1512
     477    1418.5509
     478    1444.3851
     479    1451.5050
     480    1437.3053
     481    1407.2850
     482    1372.6296
     483    1346.1145
     484    1337.8675
     485    1352.0621
     486    1385.4078
     487    1428.0318
     488    1466.5935
     489    1488.5947
     490    1486.4030
     491    1459.6457
     492    1415.2032
     493    1364.8888
     494    1321.6722
     495    1295.7432
     496    1291.6744
     497    1307.5427
     498    1336.1633
     499    1367.9148
     500    1394.1469
     501    1410.0355
     502    1415.9437
     503    1416.8441
     504    1420.0439
     505    1432.0525
     506    1455.7374
     507    1488.7924
     508    1524.1063
     509    1551.9632
     510    1563.3403
     511    1553.1048
     512    1521.9672
     513    1476.5091
     514    1427.2862
     515    1385.6350
     516    1360.2934
     517    1355.0310
     518    1368.0936
     519    1393.4983
     520    1423.5071
     521    1451.2538
     522    1472.5918
     523    1486.6505
     524    1495.1436
     525    1500.8929
     526    1506.2611
     527    1512.1015
     528    1517.5481
     529    1520.5768
     530    1518.9501
     531    1511.0805
     532    1496.4508
     533    1475.4987
     534    1449.1889
     535    1418.6558
     536    1385.2606
     537    1351.0920
     538    1319.5792
     539    1295.6799
     540    1285.2091
     541    1293.2608
     542    1322.1588
     543    1369.7191
     544    1428.6830
     545    1487.9018
     546    1535.2671
     547    1561.5724
     548    1563.8209
     549    1546.4894
     550    1519.9827
     551    1496.6834
     552    1486.0366
     553    1490.6292
     554    1504.9182
     555    1517.2528
     556    1514.4619
     557    1487.2391
     558    1434.2507
     559    1363.3920
     560    1289.6903
     561    1230.5524
     562    1200.0005
     563    1203.9244
     564    1238.0785
     565    1289.6320
     566    1341.7482
     567    1379.4704
     568    1394.7229
     569    1388.6443
     570    1370.5439
     571    1353.9967
     572    1351.5837
     573    1370.2063
     574    1408.6266
     575    1458.0401
     576    1505.3509
     577    1537.8717
     578    1547.7102
     579    1534.2864
     580    1504.1927
     581    1468.5867
     582    1439.1544
     583    1424.1489
     584    1425.9429
     585    1440.9333
     586    1461.5769
     587    1479.4404
     588    1487.9721
     589    1484.1201
     590    1468.5115
     591    1444.4510
     592    1416.3326
     593    1388.1760
     594    1362.7792
     595    1341.5790
     596    1324.9904
     597    1312.9261
     598    1305.2668
     599    1302.1444
     600    1303.8809
     601    1310.4489
     602    1320.8353
     603    1333.2282
     604    1346.1521
     605    1359.4771
     606    1374.4332
     607    1392.7094
     608    1415.1910
     609    1440.9600
     610    1467.0398
     611    1489.0247
     612    1502.3841
     613    1503.9860
     614    1493.2693
     615    1472.5770
     616    1446.4378
     617    1420.0497
     618    1397.6089
     619    1381.1302
     620    1370.1023
     621    1361.9847
     622    1353.3147
     623    1340.9995
     624    1323.4304
     625    1301.3030
     626    1278.0452
     627    1259.4486
     628    1252.1591
     629    1261.3317
     630    1288.3452
     631    1329.5773
     632    1376.8687
     633    1419.7363
     634    1448.7742
     635    1459.1976
     636    1453.1529
     637    1439.4428
     638    1430.2135
     639    1435.9299
     640    1461.2139
     641    1503.2815
     642    1552.8671
     643    1596.8268
     644    1621.8233
     645    1618.3772
     646    1584.1674
     647    1525.3750
     648    1455.3687
     649    1390.9268
     650    1347.1168
     651    1332.4880
     652    1346.2137
     653    1378.2960
     654    1413.0970
     655    1435.1946
     656    1435.2982
     657    1413.7512
     658    1380.2472
     659    1349.9813
     660    1337.7644
     661    1352.3112
     662    1392.8200
     663    1449.0872
     664    1505.0702
     665    1544.5360
     666    1556.7051
     667    1539.8231
     668    1501.3065
     669    1454.4076
     670    1412.8195
     671    1385.6256
     672    1374.7242
     673    1375.4622
     674    1379.6843
     675    1379.6090
     676    1370.9282
     677    1354.0854
     678    1333.4452
     679    1314.9081
     680    1303.1245
     681    1299.6391
     682    1302.7603
     683    1309.0405
     684    1315.4812
     685    1321.2931
     686    1328.3218
     687    1339.9252
     688    1358.8863
     689    1385.4297
     690    1416.3305
     691    1445.6144
     692    1466.6517
     693    1474.8446
     694    1469.7948
     695    1455.9363
     696    1441.2302
     697    1434.3375
     698    1441.3500
     699    1463.3398
     700    1495.6609
     701    1529.2962
     702    1553.8374
     703    1561.0778
     704    1547.9417
     705    1517.6367
     706    1478.5414
     707    1441.2024
     708    1414.5823
     709    1402.9779
     710    1404.7507
     711    1413.2460
     712    1419.4325
     713    1415.2220
     714    1396.3147
     715    1363.7033
     716    1323.4310
     717    1284.7126
     718    1257.0086
     719    1247.0272
     720    1256.6676
     721    1282.6130
     722    1317.6863
     723    1353.4690
     724    1383.2351
     725    1404.1504
     726    1417.9169
     727    1429.5995
     728    1445.0376
     729    1467.8436
     730    1497.2211
     731    1527.5817
     732    1550.2224
     733    1556.4826
     734    1541.2030
     735    1505.1540
     736    1455.4726
     737    1403.8499
     738    1362.9960
     739    1342.5030
     740    1345.5198
     741    1367.4689
     742    1397.4239
     743    1421.8246
     744    1429.2767
     745    1414.6696
     746    1381.0318
     747    1338.4406
     748    1300.4293
     749    1279.2108
     750    1281.3227
     751    1305.1040
     752    1340.9859
     753    1374.7238
     754    1392.5248
     755    1386.1456
     756    1356.0189
     757    1311.2644
     758    1266.6472
     759    1237.5985
     760    1234.9863
     761    1261.3990
     762    1310.1976
     763    1367.6589
     764    1417.4287
     765    1445.7083
     766    1445.4005
     767    1417.8921
     768    1372.0774
     769    1321.1403
     770    1278.2807
     771    1252.7957
     772    1247.7088
     773    1259.5456
     774    1280.1190
     775    1299.5695
     776    1309.6099
     777    1305.9749
     778    1289.4297
     779    1265.2155
     780    1241.3056
     781    1226.1019
     782    1226.2151
     783    1244.8205
     784    1280.8697
     785    1329.2416
     786    1381.7607
     787    1428.9190
     788    1461.9972
     789    1475.1305
     790    1466.7909
     791    1440.2413
     792    1402.7472
     793    1363.6787
     794    1331.9231
     795    1313.3089
     796    1308.9025
     797    1314.9334
     798    1324.4997
     799    1330.3835
     800    1327.8237
     801    1316.2457
     802    1299.4039
     803    1283.9460
     804    1276.9085
     805    1283.0569
     806    1303.0491
     807    1333.0721
     808    1366.0274
     809    1393.8178
     810    1409.9642
     811    1411.6850
     812    1400.7249
     813    1382.6341
     814    1364.7412
     815    1353.5502
     816    1352.5281
     817    1361.0704
     818    1374.9265
     819    1387.7681
     820    1393.2565
     821    1386.9590
     822    1367.6751
     823    1337.8823
     824    1303.1266
     825    1270.4625
     826    1246.4159
     827    1235.1520
     828    1237.4507
     829    1250.7777
     830    1270.3469
     831    1290.7427
     832    1307.5543
     833    1318.5512
     834    1324.1402
     835    1327.0348
     836    1331.1866
     837    1340.2005
     838    1355.7586
     839    1376.7471
     840    1399.4528
     841    1418.6695
     842    1429.2755
     843    1427.8149
     844    1413.6449
     845    1389.3097
     846    1360.0200
     847    1332.3784
     848    1312.6825
     849    1305.2676
     850    1311.3844
     851    1328.9716
     852    1353.3844
     853    1378.8102
     854    1399.8836
     855    1412.9882
     856    1416.8779
     857    1412.5249
     858    1402.3675
     859    1389.3327
     860    1376.0197
     861    1364.2764
     862    1355.1672
     863    1349.1587
     864    1346.2827
     865    1346.1363
     866    1347.7328
     867    1349.4015
     868    1348.9555
     869    1344.2621
     870    1334.1150
     871    1319.0762
     872    1301.8387
     873    1286.8109
     874    1278.9270
     875    1282.0087
     876    1297.1714
     877    1321.8053
     878    1349.6350
     879    1372.2541
     880    1381.9197
     881    1374.5494
     882    1351.5281
     883    1319.4918
     884    1288.1623
     885    1267.0371
     886    1262.1085
     887    1273.7816
     888    1296.7544
     889    1321.9114
     890    1339.5417
     891    1342.7063
     892    1329.5732
     893    1303.9441
     894    1273.8459
     895    1248.7144
     896    1236.1347
     897    1239.2485
     898    1255.6940
     899    1278.4630
     900    1298.4229
     901    1307.6803
     902    1302.5253
     903    1284.6708
     904    1260.3852
     905    1238.4931
     906    1228.1267
     907    1236.1900
     908    1264.8847
     909    1310.3825
     910    1363.4796
     911    1412.1864
     912    1445.4183
     913    1456.4704
     914    1445.0093
     915    1416.9041
     916    1382.0679
     917    1351.1493
     918    1332.1957
     919    1328.2582
     920    1336.5511
     921    1349.3769
     922    1356.6100
     923    1349.0885
     924    1321.8820
     925    1276.3303
     926    1220.1014
     927    1165.1744
     928    1124.3694
     929    1107.5453
     930    1118.6996
     931    1154.8983
     932    1207.3526
     933    1264.2332
     934    1314.2773
     935    1350.0183
     936    1369.6335
     937    1376.8804
     938    1379.2291
     939    1384.8515
     940    1399.4843
     941    1424.1973
     942    1454.8233
     943    1483.2395
     944    1500.0491
     945    1497.6870
     946    1472.8544
     947    1427.5376
     948    1368.4516
     949    1305.2462
     950    1248.0789
     951    1205.2267
     952    1181.3611
     953    1176.8878
     954    1188.4319
     955    1210.2172
     956    1235.8749
     957    1260.1545
     958    1280.1114
     959    1295.5262
     960    1308.5409
     961    1322.6707
     962    1341.4878
     963    1367.3049
     964    1400.1518
     965    1437.2868
     966    1473.4245
     967    1501.7451
     968    1515.5486
     969    1510.1711
     970    1484.6329
     971    1442.5034
     972    1391.5814
     973    1342.1408
     974    1303.8678
     975    1282.5618
     976    1278.3211
     977    1286.0460
     978    1297.6003
     979    1304.6268
     980    1301.2413
     981    1285.8759
     982    1261.6781
     983    1235.3404
     984    1214.8072
     985    1206.6660
     986    1214.0850
     987    1235.9218
     988    1267.1935
     989    1300.7009
     990    1329.2934
     991    1348.0612
     992    1355.6869
     993    1354.4605
     994    1349.0040
     995    1344.2718
     996    1343.6403
     997    1347.8087
     998    1354.8686
     999    1361.3895
    1000    1364.0070
    1001    1360.7604
    1002    1351.8674
    1003    1339.4580
    1004    1326.6479
    1005    1316.2909
    1006    1309.9177
    1007    1307.2586
    1008    1306.5040
    1009    1305.1632
    1010    1301.1508
    1011    1293.6852
    1012    1283.7150
    1013    1273.7590
    1014    1267.1961
    1015    1267.1867
    1016    1275.5532
    1017    1292.0224
    1018    1314.1369
    1019    1337.8965
    1020    1358.9210
    1021    1373.7226
    1022    1380.6515
    1023    1380.2953
    1024    1375.3703
    1025    1370.1188
    1026    1369.0996
    1027    1375.4647
    1028    1389.3938
    1029    1407.5325
    1030    1423.7793
    1031    1431.1773
    1032    1424.3211
    1033    1401.5185
    1034    1365.9092
    1035    1324.9920
    1036    1288.5564
    1037    1265.6290
    1038    1261.4742
    1039    1275.7235
    1040    1302.3827
    1041    1331.8194
    1042    1354.0951
    1043    1362.4276
    1044    1355.4789
    1045    1337.6330
    1046    1317.2172
    1047    1303.3794
    1048    1302.7482
    1049    1317.0395
    1050    1342.4130
    1051    1370.7669
    1052    1392.4934
    1053    1399.7378
    1054    1389.0514
    1055    1362.5450
    1056    1327.1682
    1057    1292.4069
    1058    1267.2375
    1059    1257.4177
    1060    1263.9863
    1061    1283.3774
    1062    1308.9907
    1063    1333.6170
    1064    1351.8534
    1065    1361.6513
    1066    1364.4566
    1067    1363.9848
    1068    1364.2039
    1069    1367.3749
    1070    1372.9390
    1071    1377.6700
    1072    1377.0176
    1073    1367.0960
    1074    1346.5145
    1075    1317.2979
    1076    1284.5065
    1077    1254.6978
    1078    1233.8317
    1079    1225.4098
    1080    1229.4889
    1081    1242.8473
    1082    1260.1892
    1083    1275.9603
    1084    1286.1411
    1085    1289.4038
    1086    1287.2160
    1087    1282.8612
    1088    1279.7492
    1089    1279.7201
    1090    1282.0435
    1091    1283.5661
    1092    1279.9886
    1093    1267.8111
    1094    1246.1960
    1095    1217.9656
    1096    1189.2036
    1097    1167.4665
    1098    1159.2796
    1099    1167.9290
    1100    1192.3651
    1101    1227.4929
    1102    1265.6887
    1103    1299.0932
    1104    1322.0048
    1105    1332.5782
    1106    1333.2019
    1107    1329.3818
    1108    1327.5145
    1109    1332.3795
    1110    1345.2800
    1111    1363.5282
    1112    1381.4609
    1113    1392.6031
    1114    1392.1667
    1115    1378.9344
    1116    1355.8037
    1117    1328.7904
    1118    1304.9094
    1119    1289.7657
    1120    1285.7638
    1121    1291.5633
    1122    1302.9302
    1123    1314.6073
    1124    1322.4108
    1125    1324.6898
    1126    1322.5844
    1127    1319.0821
    1128    1317.4001
    1129    1319.4484
    1130    1325.0305
    1131    1332.0576
    1132    1337.6007
    1133    1339.2394
    1134    1336.0780
    1135    1328.9896
    1136    1320.0331
    1137    1311.3900
    1138    1304.3759
    1139    1299.0082
    1140    1294.3192
    1141    1289.2046
    1142    1283.3588
    1143    1277.8112
    1144    1274.7666
    1145    1276.7442
    1146    1285.3022
    1147    1299.8749
    1148    1317.3571
    1149    1332.8714
    1150    1341.5685
    1151    1340.6824
    1152    1330.8633
    1153    1316.1759
    1154    1302.7392
    1155    1296.4825
    1156    1300.8208
    1157    1315.1249
    1158    1334.6123
    1159    1351.8345
    1160    1359.2992
    1161    1352.2781
    1162    1330.7218
    1163    1299.5307
    1164    1267.0518
    1165    1242.2978
    1166    1231.8662
    1167    1237.6761
    1168    1256.3817
    1169    1280.7066
    1170    1302.1903
    1171    1314.2923
    1172    1314.7045
    1173    1306.0712
    1174    1294.9260
    1175    1289.2257
    1176    1295.3102
    1177    1315.3353
    1178    1346.1550
    1179    1380.1647
    1180    1407.8762
    1181    1421.3003
    1182    1416.8679
    1183    1396.8027
    1184    1368.4080
    1185    1341.5036
    1186    1324.9528
    1187    1323.5708
    1188    1336.5201
    1189    1357.7141
    1190    1378.0401
    1191    1388.6258
    1192    1384.0247
    1193    1364.2010
    1194    1334.5879
    1195    1304.1415
    1196    1282.0436
    1197    1274.2246
    1198    1281.0154
    1199    1296.8972
    1200    1312.5337
    1201    1318.3746
    1202    1308.4890
    1203    1283.1795
    1204    1249.3232
    1205    1218.1791
    1206    1201.3429
    1207    1206.3056
    1208    1233.3781
    1209    1275.2952
    1210    1319.7098
    1211    1353.5733
    1212    1367.7510
    1213    1360.1739
    1214    1336.3840
    1215    1307.2680
    1216    1284.8342
    1217    1277.5923
    1218    1287.2539
    1219    1308.0697
    1220    1329.1639
    1221    1338.9709
    1222    1329.9392
    1223    1301.6466
    1224    1261.2006
    1225    1220.8454
    1226    1193.7039
    1227    1189.2324
    1228    1210.0220
    1229    1251.0553
    1230    1301.5938
    1231    1348.9318
    1232    1382.6548
    1233    1397.8618
    1234    1396.1937
    1235    1384.3789
    1236    1371.0451
    1237    1363.2059
    1238    1363.7810
    1239    1370.9298
    1240    1379.2321
    1241    1382.1084
    1242    1374.4417
    1243    1354.3686
    1244    1323.6504
    1245    1286.6793
    1246    1248.7442
    1247    1214.4049
    1248    1186.6164
    1249    1166.7674
    1250    1155.3129
    1251    1152.4321
    1252    1158.2652
    1253    1172.6437
    1254    1194.5799
    1255    1221.8823
    1256    1251.1760
    1257    1278.4152
    1258    1299.7974
    1259    1312.8375
    1260    1317.2452
    1261    1315.1922
    1262    1310.6993
    1263    1308.2298
    1264    1310.9519
    1265    1319.1905
    1266    1329.5410
    1267    1335.2063
    1268    1328.1080
    1269    1302.3904
    1270    1257.6346
    1271    1200.1065
    1272    1141.5166
    1273    1095.8117
    1274    1075.0037
    1275    1085.2186
    1276    1124.2578
    1277    1181.8189
    1278    1242.6782
    1279    1291.7919
    1280    1319.4458
    1281    1324.6047
    1282    1315.1456
    1283    1304.7077
    1284    1307.2048
    1285    1331.0252
    1286    1375.0994
    1287    1428.4126
    1288    1473.3208
    1289    1491.6034
    1290    1471.0864
    1291    1410.4178
    1292    1320.2116
    1293    1220.1014
    1294    1132.7613
    1295    1076.9709
    1296    1061.9894
    1297    1085.0282
    1298    1132.6230
    1299    1185.4680
    1300    1225.0862
    1301    1240.0587
    1302    1229.6433
    1303    1203.4723
    1304    1177.5107
    1305    1167.9828
    1306    1185.6208
    1307    1232.0629
    1308    1299.2904
    1309    1372.1649
    1310    1433.2470
    1311    1468.3241
    1312    1470.7904
    1313    1443.4023
    1314    1396.8748
    1315    1345.9302
    1316    1304.3193
    1317    1280.6212
    1318    1276.2394
    1319    1286.1103
    1320    1301.5870
    1321    1314.1794
    1322    1318.6728
    1323    1314.5898
    1324    1305.7212
    1325    1298.1388
    1326    1297.5673
    1327    1307.1173
    1328    1326.1772
    1329    1350.7426
    1330    1374.9026
    1331    1392.8069
    1332    1400.3603
    1333    1396.1031
    1334    1381.1289
    1335    1358.2831
    1336    1331.1312
    1337    1303.1646
    1338    1277.4730
    1339    1256.7324
    1340    1243.1021
    1341    1237.7530
    1342    1240.2489
    1343    1248.3487
    1344    1258.4887
    1345    1266.7011
    1346    1269.5756
    1347    1265.0868
    1348    1253.2075
    1349    1236.1783
    1350    1218.2377
    1351    1204.7318
    1352    1200.7370
    1353    1209.5708
    1354    1231.6395
    1355    1264.0295
    1356    1301.0264
    1357    1335.4957
    1358    1360.7830
    1359    1372.6102
    1360    1370.3903
    1361    1357.5054
    1362    1340.3624
    1363    1326.3928
    1364    1321.5211
    1365    1327.9035
    1366    1342.8139
    1367    1359.2387
    1368    1368.0719
    1369    1361.1630
    1370    1334.1812
    1371    1288.3534
    1372    1230.4877
    1373    1171.2342
    1374    1122.0846
    1375    1092.0358
    1376    1085.0037
    1377    1098.8881
    1378    1126.6243
    1379    1158.8175
    1380    1186.9742
    1381    1206.1804
    1382    1216.3764
    1383    1221.8880
    1384    1229.4677
    1385    1245.5567
    1386    1273.7064
    1387    1313.0008
    1388    1357.9878
    1389    1400.1341
    1390    1430.3201
    1391    1441.5420
    1392    1430.9325
    1393    1400.4883
    1394    1356.4057
    1395    1307.3144
    1396    1261.8288
    1397    1225.9756
    1398    1201.5176
    1399    1186.1748
    1400    1175.5882
    1401    1165.8552
    1402    1155.4543
    1403    1145.8741
    1404    1140.8421
    1405    1144.5874
    1406    1159.8818
    1407    1186.6251
    1408    1221.4930
    1409    1258.7406
    1410    1291.8383
    1411    1315.3160
    1412    1326.1546
    1413    1324.2973
    1414    1312.2326
    1415    1293.9585
    1416    1273.7591
    1417    1255.1698
    1418    1240.3445
    1419    1229.8977
    1420    1223.1591
    1421    1218.6807
    1422    1214.8137
    1423    1210.2231
    1424    1204.2903
    1425    1197.3919
    1426    1191.0233
    1427    1187.6953
    1428    1190.5060
    1429    1202.3628
    1430    1224.9847
    1431    1257.9949
    1432    1298.4942
    1433    1341.4209
    1434    1380.7009
    1435    1410.8296
    1436    1428.2415
    1437    1431.8872
    1438    1422.9110
    1439    1403.9012
    1440    1378.2223
    1441    1349.4666
    1442    1320.8362
    1443    1294.4868
    1444    1271.1046
    1445    1249.9254
    1446    1229.2067
    1447    1207.0279
    1448    1182.2434
    1449    1155.3508
    1450    1128.9557
    1451    1107.4827
    1452    1095.9710
    1453    1098.3488
    1454    1116.0935
    1455    1147.8939
    1456    1190.1199
    1457    1237.5820
    1458    1284.3832
    1459    1324.8721
    1460    1354.6377
    1461    1371.3351
    1462    1375.1179
    1463    1368.5094
    1464    1355.6751
    1465    1341.1948
    1466    1328.6451
    1467    1319.4593
    1468    1312.5048
    1469    1304.6027
    1470    1291.8773
    1471    1271.5170
    1472    1243.2865
    1473    1210.1666
    1474    1177.8064
    1475    1152.9441
    1476    1141.3465
    1477    1146.0034
    1478    1166.2058
    1479    1197.7729
    1480    1234.1796
    1481    1268.0989
    1482    1293.0785
    1483    1305.2502
    1484    1304.5775
    1485    1294.8898
    1486    1282.4838
    1487    1273.8485
    1488    1273.4344
    1489    1282.2570
    1490    1297.7061
    1491    1314.4729
    1492    1326.2558
    1493    1327.7718
    1494    1316.5615
    1495    1294.0814
    1496    1265.6909
    1497    1239.4303
    1498    1223.8250
    1499    1225.2743
    1500    1245.7904
    1501    1281.8508
    1502    1324.8803
    1503    1363.3999
    1504    1386.3115
    1505    1386.3601
    1506    1362.6358
    1507    1321.2052
    1508    1273.5165
    1509    1232.9652
    1510    1210.7016
    1511    1212.0773
    1512    1234.9561
    1513    1270.4894
    1514    1306.0938
    1515    1329.6095
    1516    1333.2135
    1517    1315.7765
    1518    1282.9224
    1519    1244.8741
    1520    1212.9203
    1521    1195.7079
    1522    1196.5137
    1523    1212.3131
    1524    1234.9441
    1525    1253.9767
    1526    1260.2788
    1527    1249.0398
    1528    1221.2604
    1529    1183.3283
    1530    1144.9345
    1531    1116.0837
    1532    1104.1691
    1533    1112.0145
    1534    1137.4262
    1535    1174.2232
    1536    1214.2342
    1537    1249.5451
    1538    1274.3850
    1539    1286.2510
    1540    1286.1226
    1541    1277.8478
    1542    1266.9365
    1543    1259.0726
    1544    1258.6332
    1545    1267.5100
    1546    1284.5609
    1547    1305.9480
    1548    1326.3072
    1549    1340.3042
    1550    1344.0334
    1551    1335.9216
    1552    1317.0488
    1553    1290.9226
    1554    1262.7725
    1555    1238.4172
    1556    1222.8560
    1557    1218.9279
    1558    1226.4769
    1559    1242.3476
    1560    1261.2686
    1561    1277.3810
    1562    1285.9492
    1563    1284.7366
    1564    1274.6374
    1565    1259.3751
    1566    1244.3711
    1567    1235.1221
    1568    1235.5462
    1569    1246.7814
    1570    1266.7991
    1571    1290.9381
    1572    1313.1772
    1573    1327.7674
    1574    1330.7905
    1575    1321.2898
    1576    1301.6538
    1577    1277.0050
    1578    1253.5614
    1579    1236.6904
    1580    1229.6907
    1581    1233.3645
    1582    1245.8075
    1583    1262.5371
    1584    1277.4850
    1585    1284.8358
    1586    1281.0154
    1587    1265.9978
    1588    1243.4040
    1589    1219.3426
    1590    1200.3964
    1591    1191.4551
    1592    1194.1685
    1593    1206.5731
    1594    1224.0155
    1595    1240.9968
    1596    1253.1523
    1597    1258.5316
    1598    1257.8155
    1599    1253.7313
    1600    1250.0441
    1601    1250.2637
    1602    1256.3394
    1603    1267.8911
    1604    1282.3798
    1605    1296.1514
    1606    1305.8540
    1607    1309.6168
    1608    1307.5218
    1609    1301.2457
    1610    1293.1038
    1611    1284.9593
    1612    1277.4833
    1613    1270.0850
    1614    1261.5021
    1615    1250.7543
    1616    1237.9798
    1617    1224.7382
    1618    1213.6298
    1619    1207.3929
    1620    1207.8774
    1621    1215.3165
    1622    1228.1631
    1623    1243.5008
    1624    1257.8595
    1625    1268.1523
    1626    1272.4635
    1627    1270.4598
    1628    1263.3292
    1629    1253.2884
    1630    1242.8084
    1631    1233.7779
    1632    1226.9383
    1633    1221.8859
    1634    1217.6806
    1635    1213.6746
    1636    1210.0300
    1637    1207.6637
    1638    1207.7485
    1639    1211.1306
    1640    1217.9986
    1641    1227.9217
    1642    1240.1463
    1643    1253.9128
    1644    1268.5926
    1645    1283.5797
    1646    1298.0259
    1647    1310.6017
    1648    1319.4831
    1649    1322.6707
    1650    1318.6153
    1651    1306.9246
    1652    1288.8489
    1653    1267.2787
    1654    1246.1635
    1655    1229.5205
    1656    1220.3492
    1657    1219.8193
    1658    1226.9467
    1659    1238.8001
    1660    1251.1996
    1661    1260.0015
    1662    1262.8528
    1663    1260.5458
    1664    1256.9450
    1665    1257.3699
    1666    1266.2978
    1667    1285.4602
    1668    1313.0502
    1669    1344.2116
    1670    1372.4843
    1671    1391.6566
    1672    1397.4284
    1673    1388.4525
    1674    1366.5252
    1675    1335.9805
    1676    1302.5414
    1677    1271.9940
    1678    1249.0115
    1679    1236.3036
    1680    1234.1521
    1681    1240.3848
    1682    1250.9214
    1683    1260.9249
    1684    1266.2643
    1685    1264.7735
    1686    1256.8556
    1687    1245.2478
    1688    1234.0554
    1689    1227.4294
    1690    1228.3451
    1691    1237.8518
    1692    1254.9043
    1693    1276.7039
    1694    1299.3905
    1695    1318.9249
    1696    1331.9809
    1697    1336.5891
    1698    1332.3498
    1699    1320.2523
    1700    1302.3710
    1701    1281.5891
    1702    1261.2147
    1703    1244.3442
    1704    1233.0652
    1705    1227.7990
    1706    1227.0825
    1707    1227.9397
    1708    1226.8016
    1709    1220.7107
    1710    1208.4193
    1711    1191.0098
    1712    1171.8475
    1713    1155.8861
    1714    1148.4675
    1715    1153.8083
    1716    1173.5090
    1717    1205.5835
    1718    1244.4862
    1719    1282.3141
    1720    1310.9425
    1721    1324.4489
    1722    1321.0037
    1723    1303.5089
    1724    1278.6608
    1725    1254.6679
    1726    1238.3505
    1727    1232.6572
    1728    1235.5955
    1729    1241.1413
    1730    1241.8645
    1731    1232.1960
    1732    1210.9514
    1733    1182.0843
    1734    1153.4020
    1735    1133.7426
    1736    1129.6883
    1737    1143.0408
    1738    1170.0292
    1739    1202.5822
    1740    1231.2246
    1741    1248.5215
    1742    1251.7701
    1743    1243.8971
    1744    1232.2156
    1745    1225.5019
    1746    1230.5013
    1747    1249.1902
    1748    1277.8400
    1749    1308.2395
    1750    1330.5713
    1751    1336.8299
    1752    1323.5303
    1753    1292.8459
    1754    1251.9043
    1755    1210.5454
    1756    1178.2811
    1757    1161.4383
    1758    1161.3797
    1759    1174.3155
    1760    1192.7131
    1761    1207.8383
    1762    1212.6340
    1763    1204.0024
    1764    1183.7514
    1765    1157.9359
    1766    1134.8749
    1767    1122.5202
    1768    1126.0035
    1769    1146.0835
    1770    1178.9463
    1771    1217.3770
    1772    1252.9073
    1773    1278.2553
    1774    1289.3012
    1775    1286.0252
    1776    1272.1548
    1777    1253.6912
    1778    1236.8360
    1779    1225.9990
    1780    1222.5272
    1781    1224.5350
    1782    1227.8482
    1783    1227.6953
    1784    1220.5174
    1785    1205.2769
    1786    1183.8772
    1787    1160.6404
    1788    1141.0975
    1789    1130.4875
    1790    1132.3613
    1791    1147.5947
    1792    1174.0669
    1793    1207.2161
    1794    1241.3846
    1795    1271.3918
    1796    1293.7069
    1797    1306.8906
    1798    1311.3464
    1799    1308.6190
    1800    1300.5743
    1801    1288.7707
    1802    1274.2198
    1803    1257.5118
    1804    1239.0936
    1805    1219.4659
    1806    1199.2088
    1807    1178.9222
    1808    1159.2299
    1809    1140.8949
    1810    1124.9904
    1811    1112.9816
    1812    1106.6203
    1813    1107.6151
    1814    1117.1558
    1815    1135.4363
    1816    1161.3500
    1817    1192.4892
    1818    1225.4802
    1819    1256.5912
    1820    1282.4386
    1821    1300.6302
    1822    1310.2204
    1823    1311.8927
    1824    1307.7689
    1825    1300.7823
    1826    1293.7436
    1827    1288.4378
    1828    1285.1538
    1829    1282.8932
    1830    1280.1324
    1831    1275.5027
    1832    1267.7635
    1833    1255.5498
    1834    1237.9744
    1835    1215.7086
    1836    1191.3272
    1837    1168.6424
    1838    1151.5109
    1839    1142.6270
    1840    1142.6773
    1841    1150.0972
    1842    1161.5165
    1843    1172.7573
    1844    1180.0495
    1845    1181.0586
    1846    1175.4174
    1847    1164.6606
    1848    1151.6363
    1849    1139.6062
    1850    1131.3308
    1851    1128.4137
    1852    1131.0545
    1853    1138.1826
    1854    1147.8706
    1855    1157.9384
    1856    1166.6463
    1857    1173.2773
    1858    1178.3540
    1859    1183.3838
    1860    1190.1993
    1861    1200.1016
    1862    1213.1245
    1863    1227.8087
    1864    1241.6914
    1865    1252.2597
    1866    1257.8445
    1867    1258.0606
    1868    1253.6985
    1869    1246.1937
    1870    1236.9304
    1871    1226.6591
    1872    1215.2695
    1873    1202.0077
    1874    1186.0627
    1875    1167.2847
    1876    1146.7366
    1877    1126.8297
    1878    1110.9418
    1879    1102.6091
    1880    1104.5213
    1881    1117.6275
    1882    1140.6645
    1883    1170.3391
    1884    1202.1578
    1885    1231.5640
    1886    1254.9522
    1887    1270.3317
    1888    1277.6030
    1889    1278.4373
    1890    1275.7441
    1891    1272.8342
    1892    1272.5170
    1893    1276.3157
    1894    1283.8770
    1895    1292.7392
    1896    1298.8469
    1897    1297.9721
    1898    1287.4668
    1899    1267.4039
    1900    1240.5745
    1901    1211.4774
    1902    1184.8042
    1903    1163.9775
    1904    1150.1928
    1905    1142.2294
    1906    1137.0547
    1907    1131.0376
    1908    1121.4132
    1909    1107.5230
    1910    1091.3596
    1911    1077.1207
    1912    1069.8516
    1913    1073.6272
    1914    1089.9350
    1915    1116.8738
    1916    1149.5080
    1917    1181.3047
    1918    1206.1884
    1919    1220.5027
    1920    1224.1766
    1921    1220.6381
    1922    1215.4687
    1923    1214.2556
    1924    1220.4682
    1925    1234.2356
    1926    1252.5113
    1927    1270.4520
    1928    1283.3054
    1929    1287.9840
    1930    1283.7854
    1931    1272.1400
    1932    1255.6481
    1933    1236.8764
    1934    1217.4250
    1935    1197.6395
    1936    1177.0656
    1937    1155.3982
    1938    1133.3960
    1939    1113.2039
    1940    1097.8347
    1941    1090.0200
    1942    1090.9917
    1943    1099.8325
    1944    1113.7356
    1945    1129.0889
    1946    1142.9141
    1947    1154.0336
    1948    1163.3930
    1949    1173.3677
    1950    1186.4712
    1951    1204.1241
    1952    1225.9237
    1953    1249.5744
    1954    1271.4897
    1955    1287.9259
    1956    1296.2732
    1957    1296.0125
    1958    1288.9057
    1959    1278.2878
    1960    1267.7024
    1961    1259.4483
    1962    1253.6565
    1963    1248.3011
    1964    1240.1342
    1965    1226.1391
    1966    1204.9009
    1967    1177.3603
    1968    1146.7001
    1969    1117.4501
    1970    1094.1343
    1971    1079.9350
    1972    1075.8703
    1973    1080.8066
    1974    1092.2271
    1975    1107.2952
    1976    1123.6840
    1977    1139.9009
    1978    1155.1506
    1979    1168.9616
    1980    1180.8224
    1981    1189.9990
    1982    1195.6079
    1983    1196.9046
    1984    1193.6490
    1985    1186.3704
    1986    1176.4115
    1987    1165.7313
    1988    1156.5276
    1989    1150.7476
    1990    1149.5605
    1991    1152.9397
    1992    1159.5975
    1993    1167.4089
    1994    1174.1878
    1995    1178.4717
    1996    1180.0262
    1997    1179.9399
    1998    1180.2918
    1999    1183.4600
    2000    1191.2240
