#Frame              T
       1    2999.1054
       2    2893.2084
       3    2707.9843
       4    2483.0755
       5    2260.8180
       6    2074.8726
       7    1942.2451
       8    1860.9721
       9    1813.7933
      10    1776.2264
      11    1726.2515
      12    1652.5405
      13    1558.7134
      14    1462.3454
      15    1389.0356
      16    1363.4562
      17    1400.3395
      18    1498.4303
      19    1639.4747
      20    1792.6921
      21    1923.3404
      22    2002.6021
      23    2015.6046
      24    1965.0848
      25    1869.7207
      26    1757.9196
      27    1659.2285
      28    1596.1117
      29    1578.5166
      30    1602.5876
      31    1653.4892
      32    1711.0567
      33    1756.2944
      34    1776.7289
      35    1769.2150
      36    1739.7188
      37    1700.5187
      38    1665.9216
      39    1647.8304
      40    1652.3936
      41    1678.5848
      42    1718.9377
      43    1761.9644
      44    1795.3072
      45    1808.7302
      46    1796.4986
      47    1758.9431
      48    1702.8423
      49    1640.2057
      50    1585.4695
      51    1551.7417
      52    1547.1067
      53    1572.0422
      54    1618.7823
      55    1673.0134
      56    1717.6294
      57    1737.6398
      58    1724.8129
      59    1680.5750
      60    1616.1000
      61    1549.3459
      62    1499.8063
      63    1482.5667
      64    1503.6098
      65    1557.9367
      66    1631.1165
      67    1703.7435
      68    1757.3419
      69    1779.8182
      70    1768.7530
      71    1731.5794
      72    1682.7352
      73    1638.8285
      74    1613.4347
      75    1613.1327
      76    1635.8942
      77    1672.1408
      78    1707.9988
      79    1729.7006
      80    1727.8194
      81    1700.1061
      82    1652.1638
      83    1595.8245
      84    1545.7081
      85    1514.9015
      86    1511.0006
      87    1533.7191
      88    1574.8639
      89    1620.7686
      90    1656.5091
      91    1670.6399
      92    1658.9661
      93    1626.0741
      94    1584.0085
      95    1548.4382
      96    1533.5524
      97    1547.4130
      98    1589.3573
      99    1650.2906
     100    1715.6846
     101    1770.1426
     102    1801.9138
     103    1805.8834
     104    1784.2748
     105    1745.1325
     106    1699.3007
     107    1656.9476
     108    1624.7286
     109    1604.4195
     110    1593.3044
     111    1585.9670
     112    1576.6773
     113    1561.4871
     114    1539.4397
     115    1512.7097
     116    1485.8717
     117    1464.6803
     118    1454.7367
     119    1460.3453
     120    1483.7015
     121    1524.3888
     122    1579.1179
     123    1641.7889
     124    1704.1219
     125    1757.0394
     126    1792.6199
     127    1806.0745
     128    1797.0517
     129    1769.7389
     130    1731.6324
     131    1691.3390
     132    1656.1229
     133    1630.0027
     134    1613.0044
     135    1601.7549
     136    1591.1405
     137    1576.4034
     138    1555.0006
     139    1527.6175
     140    1498.0636
     141    1472.1102
     142    1455.7002
     143    1453.0958
     144    1465.4915
     145    1490.4340
     146    1522.2709
     147    1553.5781
     148    1577.0990
     149    1587.5114
     150    1582.5651
     151    1563.4620
     152    1534.5266
     153    1502.2769
     154    1474.0550
     155    1456.4134
     156    1453.5192
     157    1465.9013
     158    1489.9323
     159    1518.3854
     160    1542.1752
     161    1552.9799
     162    1545.9796
     163    1521.7500
     164    1486.5588
     165    1450.8527
     166    1426.3226
     167    1422.3323
     168    1442.7561
     169    1484.2901
     170    1536.9740
     171    1586.9495
     172    1620.6792
     173    1629.2149
     174    1610.9825
     175    1572.0745
     176    1524.0190
     177    1479.9254
     178    1450.3783
     179    1440.3566
     180    1448.0315
     181    1465.7057
     182    1482.5049
     183    1487.9637
     184    1475.4205
     185    1444.2077
     186    1399.9589
     187    1353.0469
     188    1315.8180
     189    1299.4599
     190    1311.0815
     191    1351.5591
     192    1414.8294
     193    1489.0975
     194    1559.7724
     195    1613.2500
     196    1640.4138
     197    1639.0018
     198    1614.2792
     199    1577.5573
     200    1542.5821
     201    1520.7939
     202    1517.2277
     203    1528.7345
     204    1545.3266
     205    1554.1932
     206    1544.8611
     207    1513.5379
     208    1465.0049
     209    1411.3334
     210    1367.9021
     211    1348.1600
     212    1359.0151
     213    1398.4696
     214    1456.3002
     215    1517.4666
     216    1566.9621
     217    1594.3155
     218    1596.1742
     219    1576.2850
     220    1543.2484
     221    1507.1153
     222    1476.1198
     223    1454.6420
     224    1442.9247
     225    1438.2507
     226    1436.6886
     227    1434.6581
     228    1430.1102
     229    1423.1529
     230    1415.8283
     231    1411.1479
     232    1411.8698
     233    1419.4334
     234    1433.3606
     235    1451.3434
     236    1469.9177
     237    1485.3118
     238    1494.1029
     239    1493.7793
     240    1483.3997
     241    1464.0819
     242    1438.9552
     243    1412.5475
     244    1389.7966
     245    1374.9056
     246    1370.3167
     247    1376.1293
     248    1390.2130
     249    1409.0132
     250    1428.7287
     251    1446.4467
     252    1460.8789
     253    1472.5511
     254    1483.4230
     255    1496.0054
     256    1512.2217
     257    1532.4936
     258    1555.4749
     259    1578.3801
     260    1597.5872
     261    1609.2771
     262    1610.0721
     263    1597.6699
     264    1571.4556
     265    1533.0178
     266    1486.4053
     267    1437.9082
     268    1395.1898
     269    1365.7491
     270    1354.9795
     271    1364.3527
     272    1390.4407
     273    1425.4220
     274    1459.2740
     275    1483.0534
     276    1492.0629
     277    1487.6604
     278    1476.9183
     279    1470.0687
     280    1476.4876
     281    1500.6774
     282    1539.8711
     283    1584.3198
     284    1620.3215
     285    1634.9742
     286    1620.9593
     287    1579.5728
     288    1520.7867
     289    1460.1752
     290    1413.7170
     291    1392.3345
     292    1398.1839
     293    1424.0818
     294    1456.2735
     295    1479.5287
     296    1482.7008
     297    1462.7231
     298    1425.5810
     299    1383.9266
     300    1352.2907
     301    1341.7671
     302    1356.1651
     303    1390.9512
     304    1435.1791
     305    1475.5252
     306    1500.8495
     307    1505.5948
     308    1490.9366
     309    1463.5869
     310    1433.0095
     311    1408.1894
     312    1394.9991
     313    1394.8575
     314    1404.9452
     315    1419.7552
     316    1433.3483
     317    1441.4725
     318    1442.8005
     319    1438.9577
     320    1433.5642
     321    1430.8620
     322    1434.3721
     323    1445.8551
     324    1464.7642
     325    1488.3337
     326    1512.3229
     327    1532.2538
     328    1544.8131
     329    1548.9844
     330    1546.4891
     331    1541.2691
     332    1538.1000
     333    1540.7829
     334    1550.5962
     335    1565.6615
     336    1581.5226
     337    1592.7628
     338    1595.0668
     339    1586.9146
     340    1570.2110
     341    1549.5325
     342    1530.2179
     343    1516.0537
     344    1507.5690
     345    1501.7590
     346    1493.4486
     347    1477.7700
     348    1452.6820
     349    1420.4250
     350    1387.2203
     351    1361.2303
     352    1349.5098
     353    1355.1440
     354    1375.7959
     355    1404.3873
     356    1431.7368
     357    1450.0789
     358    1455.9983
     359    1451.5956
     360    1443.4410
     361    1439.7422
     362    1446.8302
     363    1466.3420
     364    1494.2336
     365    1522.0471
     366    1539.9652
     367    1540.4578
     368    1521.1063
     369    1485.5392
     370    1442.1920
     371    1401.4353
     372    1372.1778
     373    1359.1403
     374    1361.6938
     375    1374.5477
     376    1389.9295
     377    1400.4288
     378    1401.5009
     379    1392.8056
     380    1378.0003
     381    1363.1576
     382    1354.4513
     383    1355.9515
     384    1368.2763
     385    1388.4644
     386    1411.0066
     387    1429.6017
     388    1439.0600
     389    1436.8315
     390    1423.7782
     391    1403.9994
     392    1383.7238
     393    1369.5343
     394    1366.4329
     395    1376.3368
     396    1397.4575
     397    1424.7265
     398    1451.1646
     399    1469.8614
     400    1476.0661
     401    1468.7769
     402    1451.2601
     403    1430.1720
     404    1413.4262
     405    1407.5218
     406    1415.3831
     407    1435.5108
     408    1462.6347
     409    1489.5077
     410    1509.2102
     411    1517.2225
     412    1512.6356
     413    1498.1266
     414    1478.7471
     415    1459.9745
     416    1445.7389
     417    1437.1483
     418    1432.4040
     419    1427.9421
     420    1420.2950
     421    1407.8391
     422    1391.6664
     423    1375.2481
     424    1363.1006
     425    1359.0474
     426    1364.8060
     427    1379.4467
     428    1399.8926
     429    1422.1824
     430    1442.9363
     431    1460.4336
     432    1474.9011
     433    1487.9426
     434    1501.3796
     435    1516.0298
     436    1530.9610
     437    1543.5525
     438    1550.3270
     439    1548.1893
     440    1535.5588
     441    1512.9840
     442    1483.0839
     443    1449.9618
     444    1418.3839
     445    1392.9189
     446    1377.0448
     447    1372.2101
     448    1377.1964
     449    1388.3860
     450    1401.1066
     451    1411.4239
     452    1417.4601
     453    1419.7482
     454    1420.6623
     455    1423.2527
     456    1429.9028
     457    1441.2338
     458    1455.5942
     459    1469.2825
     460    1477.4881
     461    1475.7570
     462    1461.5728
     463    1435.4997
     464    1401.4153
     465    1365.7195
     466    1335.6948
     467    1317.3918
     468    1313.6528
     469    1323.1014
     470    1340.6267
     471    1359.2208
     472    1372.4421
     473    1376.6132
     474    1372.0068
     475    1362.6030
     476    1354.4666
     477    1353.2990
     478    1362.0791
     479    1379.7006
     480    1401.1671
     481    1419.3152
     482    1427.4419
     483    1421.8584
     484    1403.4306
     485    1377.5202
     486    1352.3113
     487    1336.0793
     488    1334.3599
     489    1348.0761
     490    1373.3311
     491    1402.9005
     492    1428.7830
     493    1444.7966
     494    1448.3327
     495    1440.8091
     496    1426.8872
     497    1412.8515
     498    1404.6871
     499    1406.3902
     500    1418.9409
     501    1440.1340
     502    1465.2101
     503    1488.0844
     504    1502.8886
     505    1505.4959
     506    1494.6836
     507    1472.6278
     508    1444.5250
     509    1417.3312
     510    1397.8691
     511    1390.7596
     512    1396.7609
     513    1412.0915
     514    1429.2212
     515    1439.2538
     516    1435.2866
     517    1415.4300
     518    1384.1442
     519    1351.2480
     520    1328.8787
     521    1327.4054
     522    1351.6781
     523    1398.9148
     524    1459.0520
     525    1517.5637
     526    1559.8722
     527    1575.8703
     528    1563.0601
     529    1527.2423
     530    1480.5053
     531    1437.2009
     532    1409.2999
     533    1402.6939
     534    1415.6526
     535    1439.8746
     536    1463.6905
     537    1476.2496
     538    1471.1900
     539    1448.5627
     540    1414.4754
     541    1378.7619
     542    1351.6034
     543    1340.2870
     544    1347.1301
     545    1369.0994
     546    1399.0446
     547    1427.9868
     548    1447.6678
     549    1452.6281
     550    1441.3241
     551    1416.1492
     552    1382.5616
     553    1347.7211
     554    1319.0646
     555    1302.8644
     556    1302.3097
     557    1315.5295
     558    1335.7427
     559    1354.1826
     560    1363.5495
     561    1360.3108
     562    1345.6709
     563    1325.2244
     564    1307.3167
     565    1300.4687
     566    1310.6130
     567    1339.0132
     568    1381.5152
     569    1429.3608
     570    1471.3815
     571    1497.0881
     572    1499.8399
     573    1479.0136
     574    1440.3069
     575    1393.9933
     576    1351.6542
     577    1322.5414
     578    1310.9698
     579    1315.6519
     580    1330.9362
     581    1349.2296
     582    1363.6414
     583    1369.9878
     584    1367.6354
     585    1359.0922
     586    1348.7133
     587    1341.0927
     588    1339.7071
     589    1346.1579
     590    1360.0609
     591    1379.4325
     592    1401.3438
     593    1422.6238
     594    1440.4718
     595    1452.9337
     596    1459.2541
     597    1460.0926
     598    1457.5154
     599    1454.6258
     600    1454.7872
     601    1460.5405
     602    1472.4816
     603    1488.4798
     604    1503.6750
     605    1511.5330
     606    1505.8545
     607    1483.1665
     608    1444.6449
     609    1396.7601
     610    1350.1967
     611    1317.1476
     612    1307.6699
     613    1326.2464
     614    1369.8375
     615    1428.3070
     616    1487.2987
     617    1532.6784
     618    1555.0029
     619    1552.3959
     620    1530.7870
     621    1501.4148
     622    1476.5003
     623    1464.6412
     624    1467.6289
     625    1479.8899
     626    1490.7689
     627    1488.8018
     628    1466.3772
     629    1423.0311
     630    1366.1461
     631    1308.7898
     632    1265.5132
     633    1247.6403
     634    1259.7080
     635    1298.1997
     636    1352.8476
     637    1409.9313
     638    1456.4071
     639    1483.5396
     640    1488.9314
     641    1476.4166
     642    1454.0087
     643    1430.7350
     644    1413.5318
     645    1405.2691
     646    1404.4609
     647    1406.5661
     648    1406.2078
     649    1399.4120
     650    1385.1118
     651    1365.5347
     652    1345.4146
     653    1330.3046
     654    1324.5753
     655    1329.8599
     656    1344.5373
     657    1364.4254
     658    1384.3752
     659    1400.1306
     660    1409.7353
     661    1413.9270
     662    1415.3987
     663    1417.2919
     664    1421.6112
     665    1428.2259
     666    1434.8628
     667    1438.1088
     668    1435.0036
     669    1424.5040
     670    1408.1394
     671    1389.5851
     672    1373.3711
     673    1363.2942
     674    1361.1506
     675    1366.2062
     676    1375.5001
     677    1384.8230
     678    1390.0729
     679    1388.6313
     680    1380.2914
     681    1367.3372
     682    1353.6557
     683    1343.2167
     684    1338.5351
     685    1339.7644
     686    1344.8349
     687    1350.5914
     688    1354.3144
     689    1354.8529
     690    1353.0332
     691    1351.3733
     692    1353.0833
     693    1360.5487
     694    1374.0251
     695    1391.3230
     696    1408.6941
     697    1422.4491
     698    1430.4650
     699    1432.8761
     700    1431.6677
     701    1429.3996
     702    1427.6841
     703    1426.1743
     704    1422.6011
     705    1413.9263
     706    1398.1281
     707    1375.7516
     708    1350.3317
     709    1327.3480
     710    1312.2255
     711    1308.3164
     712    1315.5510
     713    1330.1773
     714    1345.8334
     715    1355.7388
     716    1355.2184
     717    1343.5296
     718    1324.2321
     719    1303.9152
     720    1289.7528
     721    1286.8127
     722    1296.1730
     723    1314.5695
     724    1335.6735
     725    1352.4431
     726    1359.5791
     727    1355.1327
     728    1340.7887
     729    1320.9920
     730    1301.4299
     731    1287.3417
     732    1282.0638
     733    1286.2320
     734    1297.9275
     735    1313.6915
     736    1329.9589
     737    1344.3113
     738    1356.0778
     739    1366.0917
     740    1375.8521
     741    1386.6613
     742    1399.1709
     743    1413.3143
     744    1428.3844
     745    1443.1091
     746    1455.7109
     747    1464.0030
     748    1465.6272
     749    1458.4880
     750    1441.3374
     751    1414.3557
     752    1379.4999
     753    1340.4299
     754    1301.9197
     755    1268.8457
     756    1245.0314
     757    1232.3865
     758    1230.6860
     759    1238.0193
     760    1251.6136
     761    1268.6909
     762    1287.1408
     763    1305.8820
     764    1324.7496
     765    1343.8921
     766    1362.9964
     767    1380.8331
     768    1395.4105
     769    1404.6299
     770    1407.0958
     771    1402.7166
     772    1392.8753
     773    1380.1286
     774    1367.5711
     775    1358.0723
     776    1353.6157
     777    1354.9004
     778    1361.2970
     779    1371.1395
     780    1382.2045
     781    1392.1740
     782    1398.9405
     783    1400.7399
     784    1396.1988
     785    1384.3980
     786    1365.0406
     787    1338.7257
     788    1307.2289
     789    1273.5635
     790    1241.6231
     791    1215.4499
     792    1198.4200
     793    1192.6479
     794    1198.6987
     795    1215.5691
     796    1240.9037
     797    1271.4219
     798    1303.5152
     799    1333.8854
     800    1360.0325
     801    1380.4690
     802    1394.6679
     803    1402.8502
     804    1405.7165
     805    1404.1639
     806    1399.0025
     807    1390.7157
     808    1379.3309
     809    1364.5002
     810    1345.8474
     811    1323.5094
     812    1298.6546
     813    1273.7498
     814    1252.4204
     815    1238.7915
     816    1236.2538
     817    1245.9228
     818    1265.5839
     819    1289.9533
     820    1312.3466
     821    1327.0267
     822    1331.2411
     823    1326.2045
     824    1316.6865
     825    1309.2402
     826    1309.5837
     827    1320.1181
     828    1338.6482
     829    1358.9525
     830    1373.1020
     831    1374.6854
     832    1361.6599
     833    1337.6335
     834    1310.9624
     835    1291.8935
     836    1288.7888
     837    1304.8669
     838    1336.7223
     839    1375.2273
     840    1408.5380
     841    1426.1264
     842    1422.3627
     843    1398.3271
     844    1361.2240
     845    1321.6930
     846    1290.0665
     847    1272.9543
     848    1271.3197
     849    1280.6424
     850    1292.9822
     851    1300.0918
     852    1296.4150
     853    1280.9698
     854    1257.5878
     855    1233.5654
     856    1217.2507
     857    1215.3735
     858    1230.9563
     859    1262.4136
     860    1304.0048
     861    1347.3527
     862    1383.5154
     863    1405.1684
     864    1408.4904
     865    1394.1879
     866    1367.2051
     867    1335.1932
     868    1306.2933
     869    1286.9505
     870    1280.3615
     871    1285.9038
     872    1299.6057
     873    1315.4750
     874    1327.3247
     875    1330.6091
     876    1323.7422
     877    1308.5063
     878    1289.4113
     879    1272.2181
     880    1262.0736
     881    1261.8567
     882    1271.2934
     883    1287.1389
     884    1304.3473
     885    1317.7782
     886    1323.8339
     887    1321.4926
     888    1312.4586
     889    1300.4694
     890    1290.0675
     891    1285.2931
     892    1288.7159
     893    1301.0450
     894    1321.3023
     895    1347.3183
     896    1376.2300
     897    1404.7847
     898    1429.5571
     899    1447.3342
     900    1455.7681
     901    1454.0999
     902    1443.6415
     903    1427.7580
     904    1411.1632
     905    1398.5701
     906    1393.0458
     907    1394.6919
     908    1400.2584
     909    1404.0168
     910    1399.7499
     911    1383.2644
     912    1354.5031
     913    1318.3399
     914    1283.5522
     915    1260.1424
     916    1255.8596
     917    1273.1784
     918    1307.9088
     919    1350.0902
     920    1387.0125
     921    1407.3794
     922    1405.1524
     923    1381.6612
     924    1345.1514
     925    1307.8745
     926    1281.7490
     927    1274.1637
     928    1285.4597
     929    1308.9994
     930    1333.7752
     931    1348.5680
     932    1346.1237
     933    1325.8344
     934    1293.9807
     935    1261.5051
     936    1240.1835
     937    1238.5967
     938    1259.3172
     939    1298.2338
     940    1346.1485
     941    1391.9759
     942    1426.3301
     943    1444.2291
     944    1446.0775
     945    1436.7827
     946    1423.5253
     947    1413.0904
     948    1409.6503
     949    1413.6099
     950    1421.7554
     951    1428.6310
     952    1428.6696
     953    1418.2261
     954    1396.7010
     955    1366.4564
     956    1331.8104
     957    1297.7026
     958    1268.5544
     959    1247.5573
     960    1236.3485
     961    1234.9309
     962    1241.7320
     963    1253.7963
     964    1267.1560
     965    1277.4512
     966    1280.8291
     967    1274.9971
     968    1260.1133
     969    1239.0959
     970    1217.0823
     971    1200.1278
     972    1193.5715
     973    1200.5798
     974    1221.2736
     975    1252.6570
     976    1289.3836
     977    1325.1833
     978    1354.5586
     979    1374.1924
     980    1383.5903
     981    1384.7820
     982    1381.2710
     983    1376.6603
     984    1373.4173
     985    1372.1301
     986    1371.4015
     987    1368.3573
     988    1359.6050
     989    1342.3879
     990    1315.6505
     991    1280.7419
     992    1241.5653
     993    1204.0859
     994    1175.2211
     995    1161.2650
     996    1166.1581
     997    1190.0528
     998    1228.6788
     999    1273.8804
    1000    1315.4310
    1001    1343.5314
    1002    1351.9220
    1003    1339.8589
    1004    1312.7615
    1005    1280.8365
    1006    1255.9353
    1007    1247.6117
    1008    1259.7913
    1009    1289.2743
    1010    1326.6262
    1011    1359.1939
    1012    1375.3257
    1013    1368.4474
    1014    1339.6058
    1015    1297.5086
    1016    1255.9187
    1017    1229.1831
    1018    1227.3635
    1019    1252.6237
    1020    1298.1586
    1021    1350.1306
    1022    1392.0371
    1023    1410.0533
    1024    1397.5252
    1025    1357.0738
    1026    1299.6525
    1027    1240.9500
    1028    1196.4313
    1029    1176.6679
    1030    1184.4305
    1031    1214.3457
    1032    1255.0620
    1033    1293.0895
    1034    1317.0314
    1035    1320.9293
    1036    1305.8085
    1037    1279.0661
    1038    1251.9598
    1039    1235.9880
    1040    1239.2531
    1041    1263.8810
    1042    1305.2320
    1043    1353.1380
    1044    1394.8260
    1045    1418.7142
    1046    1417.9881
    1047    1392.8708
    1048    1350.8347
    1049    1304.5643
    1050    1268.1715
    1051    1252.7692
    1052    1262.8233
    1053    1294.5579
    1054    1337.0567
    1055    1375.7921
    1056    1397.4529
    1057    1394.4604
    1058    1367.6276
    1059    1325.9940
    1060    1283.8342
    1061    1255.8184
    1062    1251.9767
    1063    1274.1986
    1064    1315.4756
    1065    1362.1801
    1066    1398.6551
    1067    1412.5433
    1068    1398.9857
    1069    1362.2061
    1070    1313.9745
    1071    1269.5315
    1072    1242.3897
    1073    1239.7738
    1074    1260.2560
    1075    1294.3866
    1076    1328.0656
    1077    1347.4288
    1078    1343.6019
    1079    1316.0054
    1080    1273.3176
    1081    1230.7987
    1082    1203.2194
    1083    1197.9230
    1084    1213.9935
    1085    1245.0049
    1086    1281.2512
    1087    1311.9689
    1088    1328.2033
    1089    1325.4632
    1090    1305.0829
    1091    1273.8168
    1092    1241.8460
    1093    1219.8255
    1094    1215.8192
    1095    1232.9657
    1096    1268.5353
    1097    1314.6818
    1098    1360.6975
    1099    1396.1045
    1100    1413.6316
    1101    1411.1926
    1102    1392.2727
    1103    1364.6237
    1104    1337.6595
    1105    1319.3863
    1106    1313.8562
    1107    1319.9735
    1108    1331.9995
    1109    1341.5598
    1110    1340.4912
    1111    1323.6523
    1112    1290.8396
    1113    1247.2373
    1114    1202.2261
    1115    1166.8334
    1116    1150.5096
    1117    1158.1903
    1118    1188.6106
    1119    1234.4701
    1120    1284.4474
    1121    1326.4674
    1122    1351.1988
    1123    1354.6973
    1124    1339.3714
    1125    1312.9853
    1126    1286.0252
    1127    1268.3021
    1128    1265.9090
    1129    1279.4779
    1130    1304.1768
    1131    1331.3168
    1132    1351.0298
    1133    1355.2606
    1134    1340.2733
    1135    1307.9821
    1136    1265.6916
    1137    1224.2567
    1138    1195.1251
    1139    1187.0714
    1140    1203.5444
    1141    1241.4139
    1142    1291.5235
    1143    1340.9759
    1144    1376.6112
    1145    1388.7519
    1146    1374.1477
    1147    1337.1764
    1148    1288.7903
    1149    1243.3357
    1150    1214.1288
    1151    1209.1846
    1152    1228.5898
    1153    1264.4731
    1154    1303.6475
    1155    1332.0782
    1156    1339.6886
    1157    1323.8761
    1158    1290.5124
    1159    1252.0365
    1160    1223.2358
    1161    1216.1142
    1162    1235.6064
    1163    1277.6448
    1164    1330.3039
    1165    1377.6584
    1166    1405.0476
    1167    1403.9503
    1168    1374.8011
    1169    1326.8002
    1170    1274.7939
    1171    1234.3006
    1172    1216.3954
    1173    1224.1809
    1174    1252.0235
    1175    1287.7450
    1176    1316.9561
    1177    1327.9669
    1178    1315.5888
    1179    1282.5786
    1180    1238.3988
    1181    1195.8678
    1182    1166.9176
    1183    1158.8925
    1184    1172.5576
    1185    1202.3563
    1186    1238.6620
    1187    1271.1193
    1188    1291.8959
    1189    1297.8208
    1190    1290.8686
    1191    1277.0355
    1192    1264.1166
    1193    1259.1461
    1194    1266.2608
    1195    1285.5626
    1196    1313.2480
    1197    1342.8833
    1198    1367.3923
    1199    1381.1286
    1200    1381.4216
    1201    1369.1727
    1202    1348.3849
    1203    1324.8114
    1204    1304.1514
    1205    1290.3315
    1206    1284.3973
    1207    1284.3660
    1208    1286.1033
    1209    1284.9373
    1210    1277.4502
    1211    1262.8380
    1212    1243.3669
    1213    1223.7562
    1214    1209.6749
    1215    1205.8475
    1216    1214.4018
    1217    1234.0523
    1218    1260.4715
    1219    1287.7429
    1220    1310.2809
    1221    1324.3947
    1222    1328.9885
    1223    1325.3220
    1224    1316.1134
    1225    1304.3970
    1226    1292.5589
    1227    1281.8355
    1228    1272.3284
    1229    1263.3824
    1230    1254.0833
    1231    1243.7028
    1232    1232.0425
    1233    1219.6597
    1234    1207.9114
    1235    1198.7720
    1236    1194.4888
    1237    1197.1801
    1238    1208.4180
    1239    1228.7895
    1240    1257.4658
    1241    1291.9317
    1242    1328.0672
    1243    1360.6936
    1244    1384.5351
    1245    1395.3842
    1246    1391.1838
    1247    1372.7474
    1248    1343.8989
    1249    1310.8397
    1250    1280.5572
    1251    1258.4494
    1252    1246.3078
    1253    1242.2084
    1254    1242.3613
    1255    1243.4118
    1256    1243.9798
    1257    1245.1038
    1258    1249.6143
    1259    1260.6674
    1260    1280.0178
    1261    1306.8243
    1262    1337.5272
    1263    1366.8262
    1264    1389.3356
    1265    1401.2895
    1266    1401.6776
    1267    1392.4194
    1268    1377.5022
    1269    1361.3841
    1270    1347.2782
    1271    1336.0552
    1272    1326.2922
    1273    1315.4635
    1274    1301.6617
    1275    1284.9821
    1276    1267.8978
    1277    1254.4340
    1278    1248.4502
    1279    1251.7576
    1280    1262.9759
    1281    1277.7300
    1282    1290.1437
    1283    1294.9805
    1284    1289.5645
    1285    1274.7589
    1286    1254.6521
    1287    1235.0475
    1288    1221.3138
    1289    1216.4345
    1290    1220.0611
    1291    1228.9533
    1292    1238.5690
    1293    1245.0617
    1294    1246.8335
    1295    1245.0430
    1296    1242.9432
    1297    1244.3819
    1298    1252.1168
    1299    1266.6235
    1300    1285.8585
    1301    1306.0196
    1302    1322.9610
    1303    1333.6551
    1304    1337.1225
    1305    1334.4898
    1306    1328.2496
    1307    1321.1275
    1308    1315.0903
    1309    1310.9083
    1310    1308.4201
    1311    1307.2820
    1312    1307.7543
    1313    1311.0490
    1314    1318.9863
    1315    1333.0670
    1316    1353.3854
    1317    1377.9206
    1318    1402.6368
    1319    1422.4947
    1320    1433.0457
    1321    1431.9775
    1322    1419.9400
    1323    1400.2566
    1324    1377.6293
    1325    1356.3628
    1326    1338.8380
    1327    1324.8156
    1328    1311.8292
    1329    1296.4844
    1330    1276.1661
    1331    1250.5193
    1332    1222.1398
    1333    1196.1865
    1334    1179.0057
    1335    1176.2233
    1336    1190.9362
    1337    1222.6034
    1338    1266.9646
    1339    1316.9613
    1340    1364.3536
    1341    1401.5758
    1342    1423.3931
    1343    1427.9936
    1344    1417.2600
    1345    1396.1507
    1346    1371.3370
    1347    1349.4236
    1348    1335.1835
    1349    1330.2545
    1350    1332.7048
    1351    1337.7049
    1352    1339.2301
    1353    1332.2929
    1354    1314.9536
    1355    1289.3482
    1356    1261.2872
    1357    1238.4716
    1358    1227.8827
    1359    1233.2410
    1360    1253.4839
    1361    1282.8777
    1362    1312.8056
    1363    1334.6610
    1364    1342.8223
    1365    1336.6111
    1366    1320.4543
    1367    1302.1454
    1368    1289.8403
    1369    1288.9361
    1370    1300.0096
    1371    1318.5733
    1372    1336.7417
    1373    1346.1893
    1374    1341.2994
    1375    1321.3211
    1376    1290.7119
    1377    1257.5357
    1378    1230.5317
    1379    1215.9774
    1380    1215.5354
    1381    1225.8986
    1382    1240.3127
    1383    1251.3340
    1384    1253.7194
    1385    1246.3718
    1386    1232.6588
    1387    1219.0641
    1388    1212.7256
    1389    1218.7980
    1390    1238.6128
    1391    1269.2626
    1392    1304.6387
    1393    1337.4264
    1394    1361.2791
    1395    1372.4404
    1396    1370.3553
    1397    1357.2405
    1398    1336.9595
    1399    1313.7337
    1400    1291.1531
    1401    1271.7200
    1402    1256.8745
    1403    1247.2395
    1404    1242.8140
    1405    1242.9752
    1406    1246.4012
    1407    1251.1605
    1408    1255.1441
    1409    1256.7951
    1410    1255.8400
    1411    1253.6426
    1412    1252.8916
    1413    1256.5883
    1414    1266.6361
    1415    1282.5848
    1416    1301.1355
    1417    1316.7541
    1418    1323.3165
    1419    1316.2509
    1420    1294.3983
    1421    1260.8879
    1422    1222.6523
    1423    1188.6872
    1424    1167.5678
    1425    1164.9659
    1426    1181.9435
    1427    1214.5787
    1428    1255.0905
    1429    1294.1375
    1430    1323.5565
    1431    1338.6651
    1432    1339.4132
    1433    1330.0540
    1434    1317.4727
    1435    1308.7099
    1436    1308.4594
    1437    1317.3463
    1438    1331.5507
    1439    1343.9452
    1440    1346.4504
    1441    1332.9148
    1442    1301.5981
    1443    1256.4057
    1444    1206.3520
    1445    1163.2631
    1446    1138.3002
    1447    1138.3437
    1448    1163.4680
    1449    1206.5108
    1450    1255.0736
    1451    1295.4187
    1452    1316.9680
    1453    1315.8035
    1454    1295.8698
    1455    1267.3959
    1456    1243.0756
    1457    1233.3634
    1458    1242.6119
    1459    1267.5224
    1460    1298.5087
    1461    1323.4372
    1462    1332.2926
    1463    1321.0184
    1464    1293.1099
    1465    1258.3866
    1466    1229.4009
    1467    1216.8127
    1468    1225.4427
    1469    1252.4766
    1470    1288.5059
    1471    1321.0331
    1472    1339.0976
    1473    1337.1811
    1474    1316.9140
    1475    1286.0369
    1476    1255.1950
    1477    1233.9129
    1478    1227.3116
    1479    1234.7338
    1480    1250.6376
    1481    1267.2220
    1482    1277.6076
    1483    1278.2699
    1484    1269.8159
    1485    1255.9572
    1486    1241.3397
    1487    1229.3748
    1488    1221.1024
    1489    1215.4990
    1490    1210.8921
    1491    1206.6118
    1492    1203.9344
    1493    1205.7657
    1494    1215.1632
    1495    1233.4010
    1496    1258.5725
    1497    1285.5747
    1498    1307.7255
    1499    1319.4627
    1500    1318.9280
    1501    1309.2097
    1502    1297.5388
    1503    1292.6227
    1504    1301.0701
    1505    1324.3032
    1506    1357.2582
    1507    1389.5788
    1508    1409.0450
    1509    1406.0588
    1510    1377.5417
    1511    1328.7412
    1512    1272.1485
    1513    1223.7471
    1514    1197.8267
    1515    1202.1667
    1516    1235.3088
    1517    1286.8775
    1518    1340.8374
    1519    1380.5725
    1520    1394.0919
    1521    1377.6552
    1522    1336.6829
    1523    1283.7340
    1524    1234.2876
    1525    1201.7145
    1526    1193.0335
    1527    1206.8224
    1528    1233.9830
    1529    1261.0423
    1530    1274.7927
    1531    1266.7253
    1532    1235.8795
    1533    1189.2821
    1534    1139.8899
    1535    1102.6907
    1536    1090.1523
    1537    1108.3911
    1538    1155.2678
    1539    1221.0481
    1540    1291.4201
    1541    1351.8401
    1542    1391.7262
    1543    1407.1449
    1544    1401.2817
    1545    1382.7546
    1546    1362.3955
    1547    1349.5715
    1548    1349.2715
    1549    1360.8894
    1550    1378.9531
    1551    1395.3722
    1552    1402.3501
    1553    1394.9723
    1554    1372.6590
    1555    1339.1113
    1556    1300.9036
    1557    1265.3222
    1558    1238.2606
    1559    1222.8698
    1560    1219.2949
    1561    1225.3543
    1562    1237.6581
    1563    1252.5878
    1564    1266.8290
    1565    1277.5086
    1566    1282.2415
    1567    1279.3725
    1568    1268.4810
    1569    1250.9289
    1570    1230.0562
    1571    1210.6920
    1572    1197.9373
    1573    1195.5270
    1574    1204.3541
    1575    1221.7829
    1576    1242.1667
    1577    1258.5651
    1578    1265.1610
    1579    1259.5195
    1580    1243.7827
    1581    1224.2120
    1582    1209.1072
    1583    1205.7552
    1584    1217.5250
    1585    1242.2230
    1586    1272.3685
    1587    1297.3675
    1588    1306.8929
    1589    1294.4228
    1590    1259.7908
    1591    1209.8250
    1592    1156.6992
    1593    1114.3682
    1594    1094.1716
    1595    1101.1138
    1596    1132.2295
    1597    1177.6731
    1598    1224.1041
    1599    1259.0682
    1600    1274.7353
    1601    1269.7890
    1602    1249.1351
    1603    1221.8292
    1604    1198.0425
    1605    1185.9945
    1606    1189.6491
    1607    1207.7302
    1608    1234.3281
    1609    1260.9152
    1610    1279.0541
    1611    1282.9084
    1612    1270.9307
    1613    1246.3639
    1614    1216.3891
    1615    1190.1179
    1616    1175.9805
    1617    1179.2729
    1618    1200.5583
    1619    1235.4127
    1620    1275.6270
    1621    1311.5199
    1622    1334.6757
    1623    1340.3027
    1624    1328.5534
    1625    1304.4425
    1626    1276.3759
    1627    1253.6878
    1628    1243.9064
    1629    1250.5758
    1630    1272.3176
    1631    1303.3977
    1632    1335.5800
    1633    1360.6305
    1634    1372.6872
    1635    1369.8176
    1636    1354.3788
    1637    1332.1548
    1638    1310.5353
    1639    1296.2133
    1640    1293.0904
    1641    1301.1941
    1642    1317.0066
    1643    1334.8774
    1644    1348.7947
    1645    1353.9670
    1646    1347.9062
    1647    1330.8583
    1648    1305.5559
    1649    1276.4127
    1650    1248.3885
    1651    1225.7858
    1652    1211.2388
    1653    1205.1564
    1654    1205.7923
    1655    1209.9645
    1656    1214.2340
    1657    1216.1837
    1658    1215.3598
    1659    1213.4927
    1660    1213.8469
    1661    1219.8704
    1662    1233.6302
    1663    1254.6633
    1664    1279.7428
    1665    1303.7149
    1666    1321.1534
    1667    1328.2633
    1668    1324.3296
    1669    1312.0814
    1670    1296.7542
    1671    1284.3266
    1672    1279.7349
    1673    1285.5318
    1674    1301.1342
    1675    1322.8844
    1676    1345.0844
    1677    1361.7407
    1678    1368.3879
    1679    1363.3387
    1680    1347.9650
    1681    1325.9867
    1682    1302.1128
    1683    1280.5587
    1684    1263.9709
    1685    1253.0281
    1686    1246.7067
    1687    1242.9859
    1688    1239.7030
    1689    1235.2834
    1690    1229.1869
    1691    1222.0531
    1692    1215.5938
    1693    1212.2483
    1694    1214.5913
    1695    1224.5407
    1696    1242.5028
    1697    1266.7196
    1698    1293.1014
    1699    1315.7273
    1700    1328.0486
    1701    1324.5831
    1702    1302.6985
    1703    1263.9126
    1704    1214.1648
    1705    1162.7284
    1706    1119.8846
    1707    1093.9776
    1708    1088.8557
    1709    1102.6882
    1710    1128.6564
    1711    1157.3259
    1712    1179.8955
    1713    1191.1871
    1714    1191.3332
    1715    1185.5832
    1716    1182.2500
    1717    1189.3980
    1718    1211.4304
    1719    1246.9386
    1720    1288.7779
    1721    1326.4178
    1722    1349.6825
    1723    1352.4376
    1724    1334.8113
    1725    1303.1191
    1726    1267.5403
    1727    1238.4580
    1728    1222.8646
    1729    1222.1791
    1730    1232.2292
    1731    1245.3031
    1732    1253.4055
    1733    1251.4334
    1734    1239.0266
    1735    1220.3962
    1736    1202.3040
    1737    1191.2000
    1738    1190.7934
    1739    1200.9390
    1740    1218.0016
    1741    1236.3575
    1742    1250.4838
    1743    1257.0270
    1744    1256.1143
    1745    1251.2339
    1746    1247.6225
    1747    1249.8703
    1748    1259.8687
    1749    1275.9820
    1750    1293.6868
    1751    1307.2809
    1752    1311.9369
    1753    1305.3791
    1754    1288.6836
    1755    1266.0201
    1756    1243.4162
    1757    1226.8165
    1758    1220.0350
    1759    1223.5637
    1760    1234.9404
    1761    1250.2638
    1762    1265.8099
    1763    1279.0749
    1764    1289.1057
    1765    1296.1938
    1766    1301.0998
    1767    1304.1214
    1768    1304.4033
    1769    1299.8574
    1770    1287.8145
    1771    1266.1997
    1772    1234.7858
    1773    1196.0228
    1774    1155.0296
    1775    1118.5512
    1776    1093.0571
    1777    1082.6104
    1778    1087.3609
    1779    1103.3417
    1780    1123.7694
    1781    1141.4329
    1782    1151.3226
    1783    1152.5430
    1784    1148.7465
    1785    1146.8081
    1786    1154.0722
    1787    1175.1393
    1788    1209.4396
    1789    1250.6402
    1790    1288.2784
    1791    1311.1799
    1792    1311.4801
    1793    1287.7551
    1794    1245.9880
    1795    1197.8605
    1796    1156.8902
    1797    1133.8017
    1798    1132.8826
    1799    1150.7212
    1800    1177.8045
    1801    1202.3544
    1802    1214.9019
    1803    1211.8478
    1804    1196.6685
    1805    1178.3556
    1806    1167.7184
    1807    1172.9714
    1808    1196.3105
    1809    1232.8540
    1810    1272.4207
    1811    1303.4410
    1812    1317.3770
    1813    1311.8934
    1814    1291.6080
    1815    1266.2141
    1816    1246.7324
    1817    1241.3406
    1818    1252.3678
    1819    1275.5913
    1820    1302.0397
    1821    1321.5232
    1822    1326.4334
    1823    1314.3372
    1824    1288.5077
    1825    1256.4521
    1826    1227.1327
    1827    1207.6723
    1828    1200.5956
    1829    1203.0126
    1830    1208.3497
    1831    1209.5847
    1832    1202.3154
    1833    1186.5684
    1834    1166.8944
    1835    1150.7966
    1836    1146.0430
    1837    1157.7855
    1838    1186.5100
    1839    1227.5597
    1840    1272.4151
    1841    1311.3099
    1842    1336.2910
    1843    1343.6712
    1844    1335.0282
    1845    1316.3650
    1846    1295.6990
    1847    1279.9686
    1848    1272.5020
    1849    1272.0312
    1850    1273.5068
    1851    1270.2869
    1852    1256.8902
    1853    1231.4012
    1854    1196.6655
    1855    1159.7743
    1856    1129.8898
    1857    1115.1004
    1858    1119.4267
    1859    1141.1294
    1860    1173.0308
    1861    1204.8138
    1862    1226.5222
    1863    1232.0087
    1864    1221.0729
    1865    1199.4542
    1866    1176.5956
    1867    1161.9821
    1868    1161.4747
    1869    1175.1098
    1870    1197.2304
    1871    1218.8883
    1872    1231.5682
    1873    1230.7473
    1874    1217.8416
    1875    1199.7644
    1876    1186.3153
    1877    1186.3721
    1878    1204.2534
    1879    1237.6498
    1880    1278.0224
    1881    1313.4307
    1882    1332.7678
    1883    1329.8193
    1884    1305.5848
    1885    1267.9728
    1886    1228.9533
    1887    1200.2333
    1888    1189.1129
    1889    1196.1128
    1890    1215.2108
    1891    1236.4248
    1892    1249.6464
    1893    1248.2556
    1894    1231.2401
    1895    1203.1452
    1896    1172.0157
    1897    1146.2118
    1898    1131.3594
    1899    1128.6150
    1900    1134.8249
    1901    1144.3491
    1902    1151.6869
    1903    1153.8341
    1904    1151.5019
    1905    1148.7965
    1906    1151.4979
    1907    1164.5767
    1908    1189.8870
    1909    1224.9649
    1910    1263.4785
    1911    1297.1924
    1912    1318.6709
    1913    1323.6760
    1914    1312.4057
    1915    1289.2177
    1916    1261.0281
    1917    1235.0296
    1918    1216.5017
    1919    1207.4169
    1920    1206.2420
    1921    1208.9318
    1922    1210.7173
    1923    1208.0542
    1924    1200.1166
    1925    1189.3631
    1926    1180.9778
    1927    1181.2373
    1928    1195.2197
    1929    1224.5379
    1930    1265.9274
    1931    1311.3516
    1932    1349.8011
    1933    1370.3828
    1934    1365.7659
    1935    1334.8319
    1936    1283.5169
    1937    1223.3841
    1938    1168.2354
    1939    1129.8444
    1940    1114.3010
    1941    1120.3050
    1942    1140.0580
    1943    1162.4290
    1944    1177.2127
    1945    1178.9034
    1946    1168.6014
    1947    1153.3768
    1948    1143.3545
    1949    1147.6134
    1950    1170.4437
    1951    1209.3689
    1952    1255.6646
    1953    1297.1697
    1954    1322.3217
    1955    1323.9551
    1956    1301.5501
    1957    1261.2412
    1958    1213.7105
    1959    1170.8131
    1960    1142.1513
    1961    1132.7378
    1962    1142.3708
    1963    1166.6530
    1964    1199.0195
    1965    1232.9313
    1966    1263.5363
    1967    1288.3845
    1968    1307.1242
    1969    1320.4646
    1970    1328.9641
    1971    1332.2499
    1972    1329.0368
    1973    1317.9031
    1974    1298.4069
    1975    1271.9500
    1976    1241.9084
    1977    1212.8702
    1978    1189.3004
    1979    1174.2503
    1980    1168.5633
    1981    1170.6844
    1982    1177.0875
    1983    1183.2911
    1984    1185.2385
    1985    1180.6333
    1986    1169.7676
    1987    1155.5245
    1988    1142.4724
    1989    1135.2999
    1990    1137.1219
    1991    1148.3188
    1992    1166.3732
    1993    1186.7200
    1994    1204.2597
    1995    1215.0226
    1996    1217.4637
    1997    1212.9982
    1998    1205.5911
    1999    1200.4857
    2000    1202.4146
