#Frame              T
       1    1207.0104
       2    1180.0771
       3    1215.6501
       4    1237.1441
       5    1272.1052
       6    1262.5174
       7    1132.8289
       8    1196.5171
       9    1077.2589
      10    1215.7729
      11    1007.6182
      12    1105.2192
      13    1097.1030
      14     951.4306
      15    1087.6779
      16    1062.4398
      17    1086.2960
      18    1095.6006
      19     916.5783
      20    1029.6672
      21    1105.5143
      22     994.2668
      23    1065.7668
      24     993.7547
      25    1002.2650
      26     944.9965
      27     929.3530
      28     866.5973
      29     959.9519
      30    1013.5629
      31     948.5195
      32     769.3123
      33     883.5988
      34     981.7175
      35     892.2717
      36     950.1443
      37     915.2144
      38    1027.7937
      39     942.1809
      40     865.4649
      41     837.6872
      42     833.9104
      43     848.2605
      44     805.3199
      45     786.4127
      46     854.1125
      47     909.8223
      48     828.4110
      49     850.2669
      50     844.1936
      51     841.5035
      52     765.3896
      53     811.0567
      54     778.0992
      55     833.4606
      56     713.5663
      57     786.1961
      58     675.5140
      59     726.9839
      60     803.9540
      61     744.9609
      62     760.3965
      63     754.0354
      64     762.6825
      65     769.1128
      66     812.9436
      67     777.6347
      68     785.2430
      69     841.4986
      70     778.4103
      71     771.7725
      72     780.6045
      73     732.3830
      74     696.8921
      75     742.9418
      76     714.5282
      77     709.2900
      78     752.9027
      79     679.9230
      80     686.0488
      81     759.7538
      82     700.1716
      83     732.4658
      84     704.9047
      85     679.6790
      86     724.6215
      87     698.8782
      88     697.4556
      89     656.8076
      90     761.4231
      91     668.3052
      92     654.6621
      93     684.5938
      94     663.2090
      95     605.3429
      96     642.7640
      97     643.3515
      98     652.4928
      99     655.1641
     100     642.2282
     101     699.5277
     102     687.5597
     103     647.9552
     104     582.5106
     105     607.4575
     106     579.5298
     107     589.3886
     108     641.4348
     109     573.9422
     110     597.0424
     111     627.7828
     112     632.1522
     113     550.5884
     114     620.6147
     115     554.8353
     116     614.6836
     117     658.1969
     118     603.3829
     119     555.0324
     120     568.4225
     121     563.8367
     122     512.4067
     123     545.3962
     124     499.8078
     125     532.1235
     126     592.3584
     127     588.8531
     128     559.9250
     129     576.7551
     130     534.4180
     131     559.7791
     132     544.8883
     133     555.0292
     134     559.1195
     135     530.6760
     136     501.3533
     137     525.4484
     138     545.7987
     139     477.0692
     140     521.1159
     141     509.5738
     142     526.8387
     143     499.6022
     144     496.0754
     145     528.8048
     146     543.3982
     147     529.2770
     148     540.8208
     149     561.7195
     150     505.3412
     151     544.5971
     152     513.1982
     153     539.3275
     154     548.4821
     155     502.4918
     156     509.7227
     157     501.6303
     158     501.4114
     159     484.4703
     160     516.4004
     161     497.5735
     162     480.5947
     163     473.8995
     164     519.2374
     165     495.8138
     166     458.5800
     167     456.4105
     168     510.8666
     169     461.7413
     170     479.5439
     171     481.0279
     172     523.9975
     173     464.3783
     174     489.0210
     175     433.0711
     176     479.3916
     177     474.1398
     178     502.6835
     179     414.9085
     180     472.7732
     181     469.9089
     182     460.9302
     183     435.0908
     184     434.6061
     185     464.2131
     186     454.0203
     187     479.6349
     188     453.6640
     189     447.6680
     190     505.7029
     191     445.3739
     192     503.5836
     193     456.7158
     194     494.9829
     195     415.4075
     196     392.6924
     197     491.3907
     198     506.6181
     199     482.3099
     200     496.8635
     201     463.7385
     202     454.5874
     203     478.5546
     204     452.8895
     205     449.5302
     206     469.1328
     207     447.8396
     208     460.4207
     209     456.0605
     210     419.2285
     211     443.2014
     212     463.9557
     213     461.9261
     214     468.8901
     215     428.3647
     216     414.9915
     217     409.3160
     218     438.6879
     219     417.8247
     220     432.9792
     221     436.6956
     222     434.9061
     223     443.5084
     224     398.4974
     225     445.7533
     226     425.5407
     227     420.8966
     228     415.0022
     229     407.2468
     230     433.9454
     231     429.9705
     232     433.2097
     233     428.1425
     234     401.6924
     235     440.7854
     236     442.7821
     237     405.8822
     238     455.1227
     239     437.8563
     240     401.7864
     241     418.0684
     242     412.9939
     243     383.7157
     244     397.6234
     245     435.4281
     246     400.2566
     247     447.1572
     248     445.7549
     249     395.9314
     250     425.6061
     251     422.6572
     252     417.2895
     253     398.9494
     254     422.0981
     255     441.1498
     256     453.3511
     257     419.3963
     258     386.6488
     259     431.8147
     260     436.5532
     261     421.7729
     262     446.6398
     263     440.6576
     264     420.0183
     265     445.5350
     266     414.1049
     267     395.3591
     268     391.3630
     269     400.1415
     270     437.5780
     271     431.3533
     272     404.3024
     273     390.6641
     274     464.2692
     275     413.8412
     276     432.3261
     277     408.8306
     278     408.5683
     279     422.7578
     280     440.6306
     281     407.8736
     282     410.1511
     283     419.4969
     284     436.0645
     285     411.1236
     286     400.2508
     287     388.7454
     288     402.4060
     289     380.4291
     290     417.9982
     291     413.0988
     292     386.1665
     293     401.2300
     294     415.9725
     295     393.1011
     296     419.6758
     297     417.5059
     298     393.3208
     299     382.1822
     300     371.8541
     301     407.9324
     302     377.9353
     303     383.3232
     304     415.3794
     305     386.2508
     306     414.8979
     307     398.6881
     308     389.2026
     309     391.9691
     310     433.4273
     311     421.9116
     312     430.1968
     313     441.8495
     314     409.5244
     315     370.5772
     316     397.0080
     317     405.0652
     318     399.4008
     319     414.3018
     320     372.6000
     321     393.4133
     322     389.9578
     323     396.8002
     324     371.2150
     325     405.5913
     326     390.4367
     327     418.2102
     328     401.4909
     329     399.5948
     330     394.7120
     331     365.0942
     332     374.2370
     333     368.6685
     334     392.1865
     335     387.3921
     336     389.1702
     337     404.4164
     338     406.0355
     339     391.3861
     340     383.7045
     341     357.4315
     342     427.2808
     343     405.9555
     344     397.9279
     345     407.1078
     346     386.6923
     347     373.4034
     348     379.5784
     349     388.2221
     350     391.1594
     351     402.4516
     352     391.8381
     353     374.5872
     354     402.0925
     355     416.1268
     356     386.9521
     357     385.0890
     358     415.1457
     359     419.2858
     360     408.5910
     361     405.0871
     362     407.3571
     363     374.0098
     364     385.2592
     365     401.4907
     366     415.2474
     367     376.3644
     368     396.9910
     369     387.9421
     370     400.2014
     371     356.2357
     372     379.4036
     373     403.5682
     374     377.7191
     375     349.5436
     376     353.3076
     377     356.5175
     378     326.3350
     379     351.9477
     380     357.3903
     381     333.6884
     382     352.2410
     383     355.6436
     384     363.0711
     385     357.3234
     386     374.4324
     387     367.4211
     388     366.9818
     389     331.9438
     390     354.6495
     391     330.4255
     392     351.7425
     393     359.2838
     394     361.9729
     395     361.5862
     396     327.4545
     397     353.4362
     398     372.5935
     399     364.6047
     400     355.1580
