#Frame              T
       1    2989.7176
       2    2863.4554
       3    2653.3264
       4    2407.6112
       5    2176.2001
       6    1996.5327
       7    1884.5232
       8    1833.0639
       9    1817.8868
      10    1808.0878
      11    1777.4738
      12    1713.3825
      13    1620.8900
      14    1521.2513
      15    1444.6145
      16    1419.2406
      17    1461.0752
      18    1567.3788
      19    1716.4995
      20    1873.7118
      21    2001.0941
      22    2068.2779
      23    2060.7975
      24    1983.6614
      25    1859.2492
      26    1720.3341
      27    1600.4677
      28    1524.6811
      29    1503.2206
      30    1529.9280
      31    1585.4949
      32    1644.4298
      33    1683.4480
      34    1688.6070
      35    1659.0750
      36    1606.5860
      37    1550.9570
      38    1513.1895
      39    1508.3662
      40    1540.6212
      41    1601.7899
      42    1674.1063
      43    1735.9646
      44    1768.7776
      45    1762.7260
      46    1719.6845
      47    1652.5503
      48    1581.2216
      49    1526.4230
      50    1503.4426
      51    1518.0820
      52    1566.0003
      53    1634.9558
      54    1708.6162
      55    1770.7015
      56    1808.5663
      57    1815.6794
      58    1792.7384
      59    1747.3268
      60    1692.1430
      61    1642.0268
      62    1610.2809
      63    1605.1309
      64    1627.3212
      65    1669.7104
      66    1719.2101
      67    1760.6672
      68    1781.4632
      69    1775.1679
      70    1743.1509
      71    1694.2362
      72    1642.7378
      73    1604.6297
      74    1592.2263
      75    1609.2944
      76    1648.9243
      77    1695.3556
      78    1729.2556
      79    1734.5758
      80    1704.5087
      81    1644.3568
      82    1570.1727
      83    1503.4788
      84    1463.8421
      85    1462.0093
      86    1496.1849
      87    1552.7977
      88    1611.4150
      89    1651.9456
      90    1661.5268
      91    1638.7163
      92    1593.5900
      93    1543.7928
      94    1508.0080
      95    1499.2526
      96    1520.4298
      97    1563.6523
      98    1613.3908
      99    1652.1342
     100    1666.4488
     101    1651.3386
     102    1611.5653
     103    1559.7283
     104    1511.9756
     105    1482.8623
     106    1481.0215
     107    1506.9335
     108    1553.3167
     109    1607.7750
     110    1656.6554
     111    1688.8454
     112    1698.4774
     113    1685.9915
     114    1657.5127
     115    1622.8864
     116    1592.9643
     117    1576.8040
     118    1579.3665
     119    1600.1745
     120    1633.2661
     121    1668.5634
     122    1694.4309
     123    1700.8617
     124    1682.4916
     125    1640.5438
     126    1582.9825
     127    1522.6047
     128    1473.4480
     129    1446.5466
     130    1446.4152
     131    1469.4597
     132    1504.8121
     133    1537.3487
     134    1552.2500
     135    1540.0059
     136    1500.1091
     137    1441.7854
     138    1381.2788
     139    1336.6483
     140    1321.9579
     141    1342.9273
     142    1395.4053
     143    1466.8772
     144    1540.2341
     145    1598.5538
     146    1629.6215
     147    1629.1387
     148    1601.8472
     149    1560.1463
     150    1520.4032
     151    1497.8996
     152    1501.8970
     153    1532.4831
     154    1580.4060
     155    1629.9865
     156    1664.0121
     157    1668.9850
     158    1639.2076
     159    1578.5950
     160    1499.7017
     161    1420.1948
     162    1357.7702
     163    1325.0161
     164    1325.8279
     165    1354.5223
     166    1397.9541
     167    1439.9800
     168    1466.8655
     169    1471.8929
     170    1457.6119
     171    1434.8772
     172    1418.9369
     173    1423.8972
     174    1457.5039
     175    1518.0552
     176    1594.5367
     177    1669.9178
     178    1726.4278
     179    1750.9668
     180    1738.9045
     181    1695.1846
     182    1632.4832
     183    1566.9621
     184    1512.9597
     185    1478.5309
     186    1463.5406
     187    1460.8852
     188    1460.0409
     189    1451.4149
     190    1429.9827
     191    1397.1568
     192    1360.4197
     193    1330.9068
     194    1319.7932
     195    1334.7758
     196    1377.7516
     197    1444.1842
     198    1524.0827
     199    1604.2199
     200    1671.0065
     201    1713.3983
     202    1725.2537
     203    1706.6673
     204    1663.9071
     205    1607.8864
     206    1551.4297
     207    1505.9296
     208    1478.2286
     209    1468.7127
     210    1471.4435
     211    1476.5188
     212    1473.9143
     213    1457.4260
     214    1427.2839
     215    1390.4858
     216    1358.6441
     217    1343.9876
     218    1354.8784
     219    1392.4787
     220    1449.8235
     221    1513.6667
     222    1568.4905
     223    1601.3241
     224    1605.7521
     225    1583.7713
     226    1544.8886
     227    1502.7986
     228    1470.8194
     229    1457.6485
     230    1464.8359
     231    1486.7258
     232    1512.7505
     233    1531.1841
     234    1533.1142
     235    1515.3970
     236    1481.7167
     237    1441.4288
     238    1406.6258
     239    1388.3651
     240    1393.1496
     241    1420.6785
     242    1463.6872
     243    1510.0948
     244    1546.7493
     245    1563.4316
     246    1555.8365
     247    1526.7313
     248    1485.0430
     249    1443.1512
     250    1413.1652
     251    1403.2729
     252    1415.2772
     253    1444.1464
     254    1479.7995
     255    1510.5088
     256    1526.6317
     257    1523.4385
     258    1502.5395
     259    1471.7250
     260    1442.8124
     261    1427.6784
     262    1433.8344
     263    1461.3560
     264    1502.4711
     265    1544.0715
     266    1572.2851
     267    1577.4456
     268    1557.6367
     269    1519.5225
     270    1476.1283
     271    1442.3592
     272    1429.8807
     273    1443.2244
     274    1478.4749
     275    1524.9051
     276    1568.8228
     277    1598.1551
     278    1606.1422
     279    1592.9686
     280    1564.9867
     281    1532.0053
     282    1503.7162
     283    1486.5390
     284    1481.9355
     285    1486.6494
     286    1494.6031
     287    1499.6023
     288    1497.7581
     289    1488.7247
     290    1475.4115
     291    1462.4748
     292    1454.3597
     293    1453.7237
     294    1460.7616
     295    1473.4783
     296    1488.5572
     297    1502.3871
     298    1511.8515
     299    1514.6463
     300    1509.1491
     301    1494.2531
     302    1469.7041
     303    1436.9351
     304    1399.6865
     305    1363.6592
     306    1335.0741
     307    1318.6833
     308    1316.0780
     309    1325.0562
     310    1340.4398
     311    1356.0929
     312    1367.3365
     313    1372.8336
     314    1375.3107
     315    1380.7752
     316    1396.1868
     317    1426.3343
     318    1471.2912
     319    1525.5720
     320    1579.3210
     321    1621.1201
     322    1641.4868
     323    1635.9024
     324    1606.4245
     325    1561.5020
     326    1513.9146
     327    1477.0380
     328    1460.4146
     329    1466.2993
     330    1488.6520
     331    1515.0505
     332    1530.9134
     333    1524.5978
     334    1491.6542
     335    1436.8066
     336    1372.9530
     337    1317.4102
     338    1286.4850
     339    1290.0904
     340    1328.2452
     341    1390.7435
     342    1460.1598
     343    1517.1796
     344    1546.5983
     345    1542.1921
     346    1508.8340
     347    1460.9103
     348    1417.4201
     349    1395.3731
     350    1403.7368
     351    1440.0201
     352    1490.7447
     353    1535.8129
     354    1555.4348
     355    1537.3068
     356    1481.5290
     357    1401.4108
     358    1319.7186
     359    1261.4649
     360    1245.5436
     361    1278.0549
     362    1349.8378
     363    1439.3700
     364    1520.0705
     365    1569.2751
     366    1575.6594
     367    1542.6112
     368    1486.5427
     369    1430.8775
     370    1397.8739
     371    1401.1407
     372    1441.3759
     373    1506.6696
     374    1577.0631
     375    1631.5851
     376    1655.2061
     377    1643.3255
     378    1602.4383
     379    1547.0579
     380    1494.2749
     381    1458.0053
     382    1444.8988
     383    1453.1051
     384    1474.0128
     385    1496.0364
     386    1508.9188
     387    1507.0112
     388    1490.5679
     389    1464.8990
     390    1437.9597
     391    1417.4087
     392    1408.2102
     393    1411.5361
     394    1425.1131
     395    1444.5557
     396    1464.9667
     397    1482.1702
     398    1493.3134
     399    1496.9460
     400    1492.9181
     401    1482.3905
     402    1467.9841
     403    1453.7512
     404    1444.4431
     405    1443.8600
     406    1453.0789
     407    1469.8328
     408    1489.2664
     409    1505.3364
     410    1512.3786
     411    1506.7039
     412    1487.8815
     413    1459.2237
     414    1427.1697
     415    1399.6393
     416    1383.8493
     417    1384.2591
     418    1401.2334
     419    1430.7707
     420    1465.3849
     421    1496.0005
     422    1514.4494
     423    1515.8550
     424    1500.1183
     425    1471.9890
     426    1439.6811
     427    1412.4590
     428    1397.9108
     429    1399.7137
     430    1416.5304
     431    1442.3569
     432    1468.2439
     433    1484.9781
     434    1486.0399
     435    1469.9996
     436    1441.4990
     437    1410.2144
     438    1387.7609
     439    1383.4021
     440    1400.3118
     441    1434.1581
     442    1474.6361
     443    1509.1903
     444    1527.4553
     445    1524.8841
     446    1504.3209
     447    1474.9023
     448    1448.6216
     449    1435.8637
     450    1441.6359
     451    1463.8791
     452    1494.3651
     453    1521.7700
     454    1535.8213
     455    1531.0094
     456    1508.4999
     457    1475.5112
     458    1442.4193
     459    1418.7604
     460    1409.7522
     461    1414.7024
     462    1427.8400
     463    1441.0879
     464    1447.5087
     465    1443.9541
     466    1431.8810
     467    1416.1430
     468    1402.4749
     469    1394.8843
     470    1394.1106
     471    1397.7532
     472    1401.8940
     473    1403.3531
     474    1401.4578
     475    1398.4789
     476    1398.5522
     477    1405.6310
     478    1421.4405
     479    1444.4041
     480    1470.0639
     481    1492.8577
     482    1508.4553
     483    1515.5937
     484    1516.5687
     485    1516.1622
     486    1519.4136
     487    1529.0563
     488    1543.6484
     489    1557.4253
     490    1562.3339
     491    1551.4627
     492    1522.2455
     493    1478.0770
     494    1427.7440
     495    1382.8490
     496    1354.1557
     497    1348.2382
     498    1365.5742
     499    1400.4111
     500    1442.2946
     501    1479.3435
     502    1502.6357
     503    1509.5886
     504    1504.5228
     505    1496.3920
     506    1494.7731
     507    1505.6491
     508    1528.7579
     509    1557.7302
     510    1582.7082
     511    1594.0006
     512    1585.3664
     513    1556.0589
     514    1511.2020
     515    1460.4332
     516    1415.1691
     517    1385.2794
     518    1376.1137
     519    1386.6677
     520    1409.4952
     521    1432.7790
     522    1444.3012
     523    1435.9508
     524    1406.8986
     525    1364.1605
     526    1320.3415
     527    1289.3445
     528    1281.5030
     529    1299.8339
     530    1338.7950
     531    1386.1067
     532    1427.0876
     533    1449.9743
     534    1450.2657
     535    1432.4316
     536    1408.2592
     537    1392.3532
     538    1396.3847
     539    1424.2294
     540    1469.8897
     541    1519.1090
     542    1554.1953
     543    1560.3433
     544    1531.1558
     545    1471.3578
     546    1395.7522
     547    1324.7638
     548    1277.9533
     549    1267.3854
     550    1293.1502
     551    1343.3355
     552    1398.8222
     553    1440.4191
     554    1455.2339
     555    1440.5063
     556    1404.1668
     557    1361.9638
     558    1331.8980
     559    1327.8408
     560    1354.6979
     561    1406.8558
     562    1470.2531
     563    1527.0374
     564    1561.1339
     565    1563.2005
     566    1533.5948
     567    1482.2411
     568    1425.2415
     569    1379.4676
     570    1357.1261
     571    1362.0890
     572    1389.0515
     573    1425.7095
     574    1457.2386
     575    1471.4912
     576    1463.0498
     577    1434.8009
     578    1396.6999
     579    1362.3117
     580    1344.3353
     581    1350.5310
     582    1381.2699
     583    1429.3779
     584    1482.3315
     585    1526.2121
     586    1550.2005
     587    1549.9848
     588    1528.7499
     589    1495.5665
     590    1462.1817
     591    1439.3928
     592    1433.8837
     593    1446.3436
     594    1471.5064
     595    1500.1300
     596    1522.1804
     597    1530.0516
     598    1520.7357
     599    1496.3451
     600    1463.0385
     601    1428.9404
     602    1401.8660
     603    1387.5343
     604    1388.6118
     605    1404.6250
     606    1432.5502
     607    1467.7340
     608    1504.7436
     609    1537.9910
     610    1562.3325
     611    1573.8323
     612    1570.6254
     613    1553.6471
     614    1526.8768
     615    1496.7331
     616    1470.4272
     617    1453.5818
     618    1447.9157
     619    1450.0165
     620    1452.0112
     621    1444.2572
     622    1419.2565
     623    1375.2978
     624    1318.2583
     625    1260.6283
     626    1217.8517
     627    1203.1628
     628    1222.7938
     629    1273.4105
     630    1342.8606
     631    1414.0587
     632    1470.5954
     633    1501.9792
     634    1506.6180
     635    1491.5805
     636    1469.4025
     637    1453.1515
     638    1451.4619
     639    1465.2552
     640    1487.3676
     641    1505.2865
     642    1506.0497
     643    1481.5035
     644    1431.9151
     645    1366.5375
     646    1300.9538
     647    1252.2587
     648    1233.7461
     649    1250.7716
     650    1299.0899
     651    1366.2517
     652    1435.5691
     653    1491.2591
     654    1522.9797
     655    1528.3203
     656    1512.6127
     657    1486.3771
     658    1461.4596
     659    1447.1784
     660    1447.6444
     661    1460.9378
     662    1480.2287
     663    1496.3662
     664    1501.0573
     665    1489.6309
     666    1462.5721
     667    1425.4207
     668    1387.1423
     669    1357.5207
     670    1344.3585
     671    1351.2661
     672    1376.6037
     673    1413.8656
     674    1453.4859
     675    1485.6532
     676    1503.2800
     677    1504.0694
     678    1490.8979
     679    1470.3949
     680    1450.2903
     681    1436.5426
     682    1431.2957
     683    1432.3858
     684    1434.5276
     685    1431.6891
     686    1419.6827
     687    1397.9290
     688    1369.7215
     689    1340.9735
     690    1318.0408
     691    1305.4518
     692    1304.3150
     693    1311.9342
     694    1322.7925
     695    1330.5646
     696    1330.3955
     697    1320.5653
     698    1302.9896
     699    1282.4749
     700    1265.0866
     701    1256.2301
     702    1259.0825
     703    1273.8082
     704    1297.6903
     705    1326.0089
     706    1353.3382
     707    1374.9015
     708    1387.6669
     709    1390.9890
     710    1386.6687
     711    1378.3943
     712    1370.6648
     713    1367.4992
     714    1371.3294
     715    1382.3077
     716    1398.0842
     717    1414.0488
     718    1424.0422
     719    1421.6145
     720    1402.0037
     721    1364.5168
     722    1314.1142
     723    1260.9808
     724    1217.8790
     725    1196.1860
     726    1202.0390
     727    1233.9957
     728    1283.1481
     729    1335.8054
     730    1377.9327
     731    1399.8785
     732    1399.7547
     733    1384.1660
     734    1365.8055
     735    1358.6344
     736    1372.4169
     737    1408.7283
     738    1459.9689
     739    1511.7577
     740    1547.8078
     741    1555.5194
     742    1530.3013
     743    1477.1379
     744    1408.9649
     745    1342.5200
     746    1293.1984
     747    1270.6467
     748    1276.4364
     749    1304.3592
     750    1342.9961
     751    1379.5431
     752    1403.6281
     753    1410.0023
     754    1399.4518
     755    1377.8503
     756    1353.8325
     757    1335.9461
     758    1330.1748
     759    1338.4351
     760    1358.2463
     761    1383.4909
     762    1406.1042
     763    1418.3625
     764    1415.1635
     765    1395.5615
     766    1363.0587
     767    1324.6460
     768    1289.0304
     769    1264.6080
     770    1257.5707
     771    1270.4170
     772    1301.1915
     773    1343.7500
     774    1389.1031
     775    1427.5768
     776    1451.2828
     777    1456.2423
     778    1443.5313
     779    1419.0571
     780    1391.9503
     781    1371.9770
     782    1366.6740
     783    1379.0448
     784    1406.5242
     785    1441.5632
     786    1473.6889
     787    1492.4801
     788    1490.6050
     789    1466.0584
     790    1422.9407
     791    1370.5071
     792    1320.6874
     793    1284.7235
     794    1269.8879
     795    1277.2994
     796    1301.5629
     797    1332.4046
     798    1357.8097
     799    1367.7240
     800    1357.2154
     801    1328.1332
     802    1288.7357
     803    1251.3069
     804    1228.4023
     805    1228.8268
     806    1254.6361
     807    1300.2276
     808    1353.9545
     809    1401.8371
     810    1432.1592
     811    1439.3279
     812    1425.5898
     813    1399.9654
     814    1374.7925
     815    1361.1700
     816    1364.9846
     817    1384.9857
     818    1413.5751
     819    1439.9386
     820    1454.2662
     821    1451.4409
     822    1432.8285
     823    1405.5462
     824    1379.5544
     825    1363.7480
     826    1362.5631
     827    1374.3900
     828    1392.3459
     829    1407.0336
     830    1410.1603
     831    1397.5828
     832    1370.6387
     833    1335.3574
     834    1300.0124
     835    1272.1103
     836    1256.0086
     837    1251.9701
     838    1256.8105
     839    1265.7006
     840    1274.3110
     841    1280.4426
     842    1284.5518
     843    1289.0816
     844    1296.9982
     845    1310.1962
     846    1328.4480
     847    1349.3152
     848    1369.0845
     849    1384.3123
     850    1393.2227
     851    1396.2399
     852    1395.4279
     853    1393.2391
     854    1391.3228
     855    1389.9778
     856    1388.3694
     857    1385.2540
     858    1379.7985
     859    1372.1299
     860    1363.4291
     861    1355.6004
     862    1350.6899
     863    1350.2433
     864    1354.7802
     865    1363.5033
     866    1374.3536
     867    1384.4373
     868    1390.7322
     869    1390.8400
     870    1383.5502
     871    1369.1100
     872    1349.1761
     873    1326.4622
     874    1304.1599
     875    1285.2772
     876    1272.0713
     877    1265.6627
     878    1265.9146
     879    1271.5963
     880    1280.8465
     881    1291.8292
     882    1303.3846
     883    1315.3923
     884    1328.6421
     885    1344.2001
     886    1362.5303
     887    1382.8057
     888    1402.8217
     889    1419.7020
     890    1431.1261
     891    1436.2415
     892    1435.4523
     893    1429.6001
     894    1419.8041
     895    1407.7289
     896    1395.2119
     897    1383.3801
     898    1372.1086
     899    1360.2790
     900    1346.6836
     901    1331.0381
     902    1314.5572
     903    1299.8029
     904    1289.8889
     905    1287.3714
     906    1293.2418
     907    1306.4207
     908    1323.9956
     909    1342.1407
     910    1357.3327
     911    1367.3542
     912    1371.7191
     913    1371.4373
     914    1368.3180
     915    1364.1771
     916    1360.3079
     917    1357.3794
     918    1355.6947
     919    1355.5457
     920    1357.3766
     921    1361.6381
     922    1368.4305
     923    1377.1963
     924    1386.6807
     925    1395.2418
     926    1401.3858
     927    1404.2777
     928    1403.9104
     929    1400.7962
     930    1395.3194
     931    1387.0916
     932    1374.7149
     933    1356.1846
     934    1329.8766
     935    1295.7313
     936    1256.1329
     937    1216.0637
     938    1182.2981
     939    1161.7134
     940    1159.1672
     941    1175.6666
     942    1207.5910
     943    1247.4295
     944    1285.9432
     945    1315.0888
     946    1330.6720
     947    1333.7263
     948    1330.0072
     949    1327.6654
     950    1333.8707
     951    1351.6561
     952    1378.2783
     953    1405.8203
     954    1423.8979
     955    1423.4828
     956    1400.4285
     957    1357.4207
     958    1303.6292
     959    1252.1218
     960    1215.8963
     961    1203.8774
     962    1218.2257
     963    1253.7895
     964    1299.8085
     965    1343.2782
     966    1372.8855
     967    1382.2720
     968    1371.6251
     969    1347.1552
     970    1318.7049
     971    1296.3261
     972    1286.9245
     973    1292.0378
     974    1307.4403
     975    1324.6734
     976    1333.9306
     977    1327.3294
     978    1301.5861
     979    1259.3477
     980    1208.8091
     981    1161.6896
     982    1130.0913
     983    1123.1023
     984    1144.1210
     985    1189.7125
     986    1250.3825
     987    1313.1211
     988    1365.0353
     989    1397.0114
     990    1406.2677
     991    1396.9151
     992    1378.2716
     993    1361.4558
     994    1355.4449
     995    1363.9766
     996    1384.3461
     997    1408.5209
     998    1426.2041
     999    1428.7590
    1000    1412.6074
    1001    1380.6034
    1002    1341.4312
    1003    1306.4587
    1004    1285.7855
    1005    1284.7024
    1006    1301.9039
    1007    1330.0710
    1008    1358.5628
    1009    1377.1952
    1010    1379.7118
    1011    1365.7269
    1012    1340.4964
    1013    1312.6734
    1014    1290.9179
    1015    1280.6494
    1016    1282.2027
    1017    1291.1053
    1018    1300.2890
    1019    1303.1624
    1020    1296.1862
    1021    1279.9960
    1022    1258.8593
    1023    1238.8818
    1024    1225.7460
    1025    1222.8121
    1026    1230.1686
    1027    1244.8237
    1028    1261.8495
    1029    1276.0052
    1030    1283.3095
    1031    1282.1337
    1032    1273.5867
    1033    1261.1722
    1034    1249.8237
    1035    1244.5558
    1036    1249.0593
    1037    1264.6560
    1038    1289.9000
    1039    1320.9054
    1040    1352.2763
    1041    1378.4095
    1042    1394.8469
    1043    1399.3281
    1044    1392.2455
    1045    1376.3546
    1046    1355.8114
    1047    1334.8143
    1048    1316.2878
    1049    1301.0602
    1050    1287.8529
    1051    1274.1277
    1052    1257.5147
    1053    1237.2792
    1054    1215.1968
    1055    1195.3943
    1056    1183.1163
    1057    1182.8492
    1058    1196.5291
    1059    1222.5408
    1060    1255.9287
    1061    1289.7891
    1062    1317.3491
    1063    1333.9706
    1064    1338.4018
    1065    1332.9026
    1066    1322.2845
    1067    1312.2651
    1068    1307.7208
    1069    1311.3906
    1070    1323.3508
    1071    1341.3027
    1072    1361.4933
    1073    1379.9233
    1074    1393.4814
    1075    1400.6722
    1076    1401.7833
    1077    1398.5102
    1078    1393.2170
    1079    1388.0939
    1080    1384.4525
    1081    1382.2988
    1082    1380.2457
    1083    1375.7991
    1084    1365.9930
    1085    1348.2741
    1086    1321.4581
    1087    1286.5145
    1088    1246.9002
    1089    1208.2173
    1090    1177.1230
    1091    1159.7018
    1092    1159.7389
    1093    1177.4562
    1094    1209.1729
    1095    1248.1124
    1096    1286.2371
    1097    1316.5801
    1098    1335.2545
    1099    1342.3673
    1100    1341.4720
    1101    1337.8088
    1102    1336.0653
    1103    1338.5714
    1104    1344.6161
    1105    1351.0853
    1106    1354.0614
    1107    1350.6751
    1108    1340.4355
    1109    1325.5063
    1110    1309.8620
    1111    1297.7220
    1112    1291.9515
    1113    1293.1002
    1114    1299.4439
    1115    1307.9346
    1116    1315.5729
    1117    1320.5442
    1118    1322.6178
    1119    1322.6884
    1120    1321.7973
    1121    1320.2279
    1122    1317.1744
    1123    1311.1311
    1124    1300.7674
    1125    1285.8520
    1126    1267.7599
    1127    1249.2802
    1128    1233.7475
    1129    1223.8569
    1130    1220.6812
    1131    1223.3070
    1132    1229.2063
    1133    1235.2168
    1134    1238.8129
    1135    1239.1896
    1136    1237.6440
    1137    1236.9906
    1138    1240.2633
    1139    1249.3085
    1140    1263.9211
    1141    1281.8543
    1142    1299.6310
    1143    1313.7679
    1144    1321.9420
    1145    1323.7206
    1146    1320.6645
    1147    1315.7802
    1148    1312.5017
    1149    1313.5379
    1150    1320.0105
    1151    1331.1931
    1152    1344.8869
    1153    1358.2519
    1154    1368.7608
    1155    1374.9685
    1156    1376.8425
    1157    1375.5673
    1158    1372.9313
    1159    1370.5673
    1160    1369.3545
    1161    1369.1678
    1162    1369.0105
    1163    1367.3941
    1164    1362.8024
    1165    1354.1197
    1166    1340.9857
    1167    1324.0497
    1168    1305.0617
    1169    1286.7009
    1170    1272.0833
    1171    1263.9979
    1172    1264.0413
    1173    1271.8983
    1174    1285.0928
    1175    1299.5425
    1176    1310.9335
    1177    1316.3915
    1178    1315.5780
    1179    1310.6043
    1180    1304.7907
    1181    1300.9091
    1182    1299.7671
    1183    1299.7878
    1184    1297.7841
    1185    1290.5951
    1186    1276.8731
    1187    1258.2025
    1188    1238.9984
    1189    1225.1212
    1190    1221.6996
    1191    1231.0316
    1192    1251.4766
    1193    1277.8904
    1194    1303.5002
    1195    1322.4615
    1196    1332.0145
    1197    1333.3170
    1198    1330.5891
    1199    1328.9265
    1200    1331.7074
    1201    1338.7281
    1202    1345.9364
    1203    1346.9655
    1204    1335.8880
    1205    1310.0624
    1206    1271.8636
    1207    1228.5472
    1208    1190.2203
    1209    1166.6621
    1210    1164.1798
    1211    1183.6584
    1212    1220.4602
    1213    1266.0987
    1214    1310.9781
    1215    1347.1910
    1216    1370.5025
    1217    1380.9870
    1218    1382.2278
    1219    1379.4173
    1220    1377.1154
    1221    1377.5204
    1222    1379.8837
    1223    1381.1563
    1224    1377.4845
    1225    1365.9075
    1226    1345.6515
    1227    1318.6115
    1228    1288.9354
    1229    1261.9169
    1230    1242.6136
    1231    1234.5966
    1232    1239.1099
    1233    1254.7563
    1234    1277.7478
    1235    1302.7486
    1236    1324.1840
    1237    1337.6543
    1238    1341.0014
    1239    1334.7485
    1240    1321.8434
    1241    1306.8142
    1242    1294.5376
    1243    1288.9116
    1244    1291.7995
    1245    1302.5921
    1246    1318.5470
    1247    1335.7910
    1248    1350.6128
    1249    1360.5715
    1250    1365.0439
    1251    1365.0424
    1252    1362.4498
    1253    1359.0262
    1254    1355.6257
    1255    1351.9057
    1256    1346.5825
    1257    1338.0379
    1258    1324.9493
    1259    1306.6990
    1260    1283.5185
    1261    1256.4755
    1262    1227.3878
    1263    1198.6572
    1264    1173.0335
    1265    1153.3446
    1266    1142.2146
    1267    1141.7402
    1268    1153.0811
    1269    1175.9764
    1270    1208.3175
    1271    1246.0670
    1272    1283.8266
    1273    1316.1093
    1274    1338.9303
    1275    1351.0706
    1276    1354.4079
    1277    1353.0966
    1278    1351.8334
    1279    1353.9030
    1280    1359.8180
    1281    1367.1287
    1282    1371.4888
    1283    1368.5854
    1284    1356.2078
    1285    1335.6092
    1286    1311.5248
    1287    1290.7517
    1288    1279.7742
    1289    1282.3389
    1290    1297.9329
    1291    1321.7628
    1292    1346.2413
    1293    1363.4161
    1294    1367.4524
    1295    1356.3216
    1296    1332.1851
    1297    1300.4535
    1298    1267.9372
    1299    1240.7654
    1300    1222.7538
    1301    1214.6599
    1302    1214.4242
    1303    1218.1853
    1304    1221.6785
    1305    1221.6048
    1306    1216.6257
    1307    1207.7732
    1308    1198.2171
    1309    1192.4613
    1310    1195.1326
    1311    1209.6119
    1312    1236.8112
    1313    1274.4579
    1314    1317.1801
    1315    1357.5124
    1316    1387.6538
    1317    1401.5539
    1318    1396.7201
    1319    1375.1670
    1320    1343.1178
    1321    1309.4153
    1322    1283.0153
    1323    1270.2918
    1324    1273.0368
    1325    1287.9113
    1326    1307.6614
    1327    1323.7932
    1328    1329.7720
    1329    1323.5450
    1330    1308.3831
    1331    1291.6731
    1332    1282.0783
    1333    1286.1146
    1334    1305.4321
    1335    1335.8599
    1336    1368.6019
    1337    1393.1684
    1338    1401.0131
    1339    1388.6316
    1340    1359.0606
    1341    1321.0925
    1342    1285.9425
    1343    1262.2037
    1344    1251.9087
    1345    1250.6767
    1346    1251.3945
    1347    1248.2036
    1348    1238.7131
    1349    1224.2773
    1350    1208.8406
    1351    1197.0132
    1352    1192.1680
    1353    1195.2986
    1354    1205.0270
    1355    1218.6367
    1356    1233.5477
    1357    1248.4758
    1358    1263.7142
    1359    1280.4395
    1360    1299.4454
    1361    1320.0015
    1362    1339.4713
    1363    1353.9673
    1364    1359.8243
    1365    1355.2495
    1366    1341.3710
    1367    1322.1466
    1368    1303.0990
    1369    1289.3711
    1370    1283.8890
    1371    1286.3678
    1372    1293.5555
    1373    1300.6079
    1374    1303.0557
    1375    1298.5840
    1376    1287.9383
    1377    1274.6163
    1378    1263.4864
    1379    1258.8657
    1380    1262.7795
    1381    1274.0781
    1382    1288.7870
    1383    1301.5612
    1384    1307.6139
    1385    1304.3246
    1386    1291.9525
    1387    1273.3348
    1388    1252.8457
    1389    1235.0946
    1390    1223.7846
    1391    1220.9814
    1392    1226.8558
    1393    1239.8491
    1394    1257.1594
    1395    1275.4200
    1396    1291.4670
    1397    1303.0656
    1398    1309.4476
    1399    1311.4878
    1400    1311.3827
    1401    1311.8244
    1402    1314.8639
    1403    1320.8267
    1404    1327.7361
    1405    1331.5755
    1406    1327.4525
    1407    1311.3762
    1408    1282.0619
    1409    1242.0675
    1410    1197.7194
    1411    1157.6834
    1412    1130.5490
    1413    1122.2333
    1414    1134.1322
    1415    1162.7204
    1416    1200.7528
    1417    1239.6131
    1418    1271.9583
    1419    1293.7627
    1420    1305.1214
    1421    1309.5698
    1422    1312.1873
    1423    1317.2321
    1424    1326.2779
    1425    1337.5829
    1426    1346.8919
    1427    1349.2701
    1428    1341.1851
    1429    1321.9657
    1430    1294.0949
    1431    1262.3835
    1432    1232.5956
    1433    1210.1052
    1434    1198.8843
    1435    1200.9088
    1436    1215.9564
    1437    1241.6861
    1438    1273.9141
    1439    1307.1130
    1440    1335.1986
    1441    1352.5701
    1442    1355.2344
    1443    1341.7853
    1444    1313.9701
    1445    1276.5904
    1446    1236.5823
    1447    1201.3856
    1448    1177.0178
    1449    1166.4771
    1450    1169.0585
    1451    1180.8785
    1452    1196.4610
    1453    1210.8122
    1454    1221.2305
    1455    1228.2155
    1456    1235.1791
    1457    1247.0561
    1458    1268.2761
    1459    1300.7843
    1460    1342.8184
    1461    1388.8950
    1462    1431.0398
    1463    1460.8756
    1464    1471.8877
    1465    1461.1416
    1466    1429.9499
    1467    1383.3795
    1468    1328.8850
    1469    1274.5459
    1470    1227.4096
    1471    1192.2975
    1472    1171.2579
    1473    1163.6586
    1474    1166.7897
    1475    1176.7976
    1476    1189.7597
    1477    1202.6979
    1478    1214.3180
    1479    1225.2658
    1480    1237.8019
    1481    1254.9201
    1482    1279.0352
    1483    1310.4654
    1484    1346.2536
    1485    1380.1317
    1486    1404.0955
    1487    1411.1580
    1488    1398.1163
    1489    1367.1770
    1490    1325.7491
    1491    1284.3600
    1492    1253.3147
    1493    1239.2315
    1494    1242.7579
    1495    1258.4149
    1496    1276.6837
    1497    1287.5536
    1498    1284.1937
    1499    1265.4105
    1500    1236.0084
    1501    1204.9368
    1502    1181.9083
    1503    1173.7817
    1504    1182.1067
    1505    1202.7650
    1506    1227.7862
    1507    1248.5844
    1508    1259.3347
    1509    1259.1688
    1510    1252.3192
    1511    1246.1711
    1512    1248.0604
    1513    1262.1565
    1514    1287.6884
    1515    1319.1706
    1516    1348.4377
    1517    1367.6283
    1518    1371.9389
    1519    1361.1497
    1520    1339.4319
    1521    1313.6174
    1522    1290.6160
    1523    1274.9254
    1524    1267.1736
    1525    1264.3661
    1526    1261.7633
    1527    1255.3753
    1528    1243.8059
    1529    1228.7005
    1530    1213.8367
    1531    1203.4206
    1532    1200.3551
    1533    1205.1537
    1534    1215.8140
    1535    1228.5772
    1536    1239.2090
    1537    1244.2996
    1538    1242.1572
    1539    1233.0552
    1540    1218.8502
    1541    1202.2365
    1542    1185.9946
    1543    1172.4992
    1544    1163.4943
    1545    1159.9929
    1546    1162.1836
    1547    1169.3769
    1548    1180.1658
    1549    1192.8871
    1550    1206.1933
    1551    1219.3775
    1552    1232.2371
    1553    1244.5850
    1554    1255.7334
    1555    1264.2451
    1556    1268.0393
    1557    1264.7963
    1558    1252.5764
    1559    1230.5643
    1560    1199.8074
    1561    1163.6659
    1562    1127.5829
    1563    1097.9728
    1564    1080.5013
    1565    1078.3801
    1566    1091.3585
    1567    1115.8669
    1568    1146.3330
    1569    1177.2000
    1570    1204.8594
    1571    1228.6983
    1572    1250.7673
    1573    1274.0796
    1574    1300.2462
    1575    1327.7183
    1576    1351.7503
    1577    1366.1269
    1578    1365.6690
    1579    1348.3305
    1580    1316.1182
    1581    1274.5768
    1582    1231.0908
    1583    1192.6727
    1584    1164.0615
    1585    1146.8196
    1586    1139.6725
    1587    1139.8126
    1588    1144.5147
    1589    1152.3144
    1590    1163.2443
    1591    1178.0826
    1592    1197.0913
    1593    1219.0281
    1594    1241.0522
    1595    1259.5796
    1596    1271.6012
    1597    1275.8263
    1598    1273.1273
    1599    1266.0650
    1600    1257.6372
    1601    1249.8122
    1602    1242.6029
    1603    1234.2387
    1604    1222.4584
    1605    1206.3080
    1606    1187.5215
    1607    1170.6957
    1608    1162.0086
    1609    1166.8779
    1610    1187.4786
    1611    1221.1963
    1612    1260.8397
    1613    1296.7477
    1614    1320.0822
    1615    1326.0049
    1616    1315.4047
    1617    1294.4250
    1618    1271.9593
    1619    1256.1589
    1620    1251.3952
    1621    1256.8855
    1622    1267.4409
    1623    1275.9216
    1624    1276.3169
    1625    1266.2089
    1626    1247.7092
    1627    1226.5950
    1628    1210.0530
    1629    1203.9059
    1630    1210.3785
    1631    1227.2514
    1632    1248.7039
    1633    1267.4992
    1634    1277.6657
    1635    1276.6776
    1636    1266.3443
    1637    1252.0371
    1638    1240.3902
    1639    1236.3232
    1640    1240.9143
    1641    1251.2922
    1642    1262.3383
    1643    1269.0690
    1644    1268.6489
    1645    1261.2621
    1646    1249.5743
    1647    1237.3399
    1648    1228.0385
    1649    1223.9706
    1650    1225.8028
    1651    1232.5541
    1652    1242.0313
    1653    1251.5927
    1654    1258.9838
    1655    1262.9903
    1656    1263.7385
    1657    1262.5575
    1658    1261.4058
    1659    1261.9958
    1660    1264.9597
    1661    1269.4916
    1662    1273.6695
    1663    1275.2169
    1664    1272.3093
    1665    1264.1810
    1666    1251.4600
    1667    1236.1876
    1668    1221.4400
    1669    1210.5063
    1670    1205.7834
    1671    1207.8190
    1672    1215.0087
    1673    1224.1660
    1674    1231.7602
    1675    1235.3599
    1676    1234.7116
    1677    1231.9612
    1678    1230.8315
    1679    1234.9922
    1680    1246.2485
    1681    1263.3158
    1682    1281.7939
    1683    1295.4792
    1684    1298.5763
    1685    1287.9561
    1686    1264.5505
    1687    1233.3049
    1688    1201.6658
    1689    1177.1496
    1690    1164.9307
    1691    1166.3485
    1692    1178.8406
    1693    1197.2153
    1694    1215.6943
    1695    1229.9173
    1696    1238.1938
    1697    1241.6324
    1698    1243.2363
    1699    1246.4128
    1700    1253.5144
    1701    1264.9668
    1702    1279.2291
    1703    1293.4733
    1704    1304.5785
    1705    1309.9944
    1706    1308.2033
    1707    1298.7751
    1708    1282.2304
    1709    1259.9390
    1710    1234.1787
    1711    1208.2710
    1712    1186.5446
    1713    1173.8431
    1714    1174.4322
    1715    1190.4689
    1716    1220.5664
    1717    1259.1788
    1718    1297.4100
    1719    1325.3107
    1720    1335.0465
    1721    1323.7818
    1722    1295.0608
    1723    1257.9533
    1724    1224.0817
    1725    1203.5071
    1726    1200.9854
    1727    1214.0636
    1728    1233.8608
    1729    1248.3624
    1730    1247.0546
    1731    1225.1373
    1732    1185.6657
    1733    1138.7572
    1734    1098.1476
    1735    1076.3879
    1736    1080.4536
    1737    1109.3358
    1738    1154.4298
    1739    1202.5107
    1740    1240.2212
    1741    1258.5047
    1742    1255.4819
    1743    1236.7754
    1744    1213.1838
    1745    1196.5951
    1746    1195.7120
    1747    1213.1538
    1748    1244.8652
    1749    1281.8451
    1750    1313.4105
    1751    1330.7748
    1752    1329.7503
    1753    1311.7926
    1754    1283.2016
    1755    1252.8753
    1756    1229.4036
    1757    1218.4472
    1758    1221.2189
    1759    1234.4837
    1760    1251.9370
    1761    1266.3818
    1762    1271.9709
    1763    1265.8640
    1764    1248.8863
    1765    1225.0771
    1766    1200.3319
    1767    1180.5640
    1768    1169.9348
    1769    1169.6733
    1770    1177.8579
    1771    1190.2116
    1772    1201.6381
    1773    1207.9878
    1774    1207.4549
    1775    1201.1192
    1776    1192.4250
    1777    1185.7820
    1778    1184.8192
    1779    1190.9856
    1780    1203.0747
    1781    1217.8706
    1782    1231.6058
    1783    1241.5470
    1784    1246.9946
    1785    1249.2784
    1786    1250.8045
    1787    1253.6503
    1788    1258.4014
    1789    1263.7955
    1790    1267.3689
    1791    1266.7944
    1792    1261.2603
    1793    1252.1680
    1794    1242.7213
    1795    1236.5009
    1796    1235.6464
    1797    1239.5251
    1798    1244.6270
    1799    1245.9216
    1800    1239.2349
    1801    1223.5933
    1802    1202.2630
    1803    1181.6442
    1804    1168.5483
    1805    1167.4847
    1806    1179.1248
    1807    1200.0268
    1808    1223.5734
    1809    1242.1170
    1810    1249.8110
    1811    1245.0212
    1812    1231.1869
    1813    1215.5866
    1814    1206.3719
    1815    1208.9935
    1816    1223.5377
    1817    1244.3349
    1818    1262.2151
    1819    1268.3993
    1820    1258.2426
    1821    1233.2653
    1822    1200.7179
    1823    1170.9171
    1824    1153.4115
    1825    1153.4607
    1826    1170.1676
    1827    1196.9323
    1828    1224.0241
    1829    1242.2765
    1830    1246.4968
    1831    1237.2990
    1832    1220.6596
    1833    1205.3782
    1834    1199.4517
    1835    1206.8002
    1836    1225.6618
    1837    1249.2992
    1838    1268.7295
    1839    1276.3407
    1840    1268.8332
    1841    1248.0997
    1842    1219.7453
    1843    1190.5435
    1844    1166.5398
    1845    1152.1388
    1846    1149.5221
    1847    1158.1807
    1848    1174.9342
    1849    1194.6890
    1850    1211.8238
    1851    1221.7929
    1852    1222.4305
    1853    1214.4525
    1854    1200.9384
    1855    1186.0739
    1856    1173.8329
    1857    1167.0666
    1858    1166.9699
    1859    1172.7765
    1860    1181.8041
    1861    1190.0750
    1862    1193.5032
    1863    1189.3130
    1864    1177.1720
    1865    1159.5636
    1866    1141.1893
    1867    1127.5395
    1868    1123.1064
    1869    1129.8747
    1870    1146.6396
    1871    1169.3990
    1872    1192.6811
    1873    1211.3254
    1874    1222.0635
    1875    1224.3563
    1876    1220.2563
    1877    1213.4441
    1878    1207.8651
    1879    1206.4566
    1880    1210.3436
    1881    1218.6777
    1882    1229.0947
    1883    1238.6166
    1884    1244.6435
    1885    1245.6545
    1886    1241.3898
    1887    1232.5921
    1888    1220.5874
    1889    1206.9608
    1890    1193.3959
    1891    1181.5478
    1892    1172.7763
    1893    1167.6888
    1894    1165.6593
    1895    1164.6323
    1896    1161.5151
    1897    1153.2186
    1898    1138.0768
    1899    1117.0859
    1900    1094.3341
    1901    1076.2224
    1902    1069.5388
    1903    1078.9699
    1904    1104.9716
    1905    1142.9166
    1906    1184.0364
    1907    1218.0157
    1908    1236.3632
    1909    1235.2974
    1910    1217.0108
    1911    1188.8747
    1912    1160.9452
    1913    1142.6619
    1914    1139.7951
    1915    1152.6527
    1916    1176.2082
    1917    1202.1518
    1918    1222.0988
    1919    1230.7380
    1920    1227.7252
    1921    1217.6238
    1922    1207.9756
    1923    1206.3076
    1924    1217.2537
    1925    1240.8718
    1926    1272.7070
    1927    1305.4707
    1928    1331.6125
    1929    1345.7382
    1930    1345.9631
    1931    1333.8190
    1932    1313.0379
    1933    1287.9571
    1934    1262.2399
    1935    1238.2516
    1936    1217.0653
    1937    1198.8391
    1938    1183.2426
    1939    1169.7067
    1940    1157.4631
    1941    1145.5322
    1942    1132.8850
    1943    1118.8811
    1944    1103.8450
    1945    1089.4302
    1946    1078.4559
    1947    1074.1863
    1948    1079.3127
    1949    1094.8717
    1950    1119.3254
    1951    1148.2446
    1952    1175.0660
    1953    1192.9562
    1954    1197.1919
    1955    1187.0918
    1956    1166.6225
    1957    1143.2928
    1958    1125.6720
    1959    1120.5420
    1960    1130.8025
    1961    1154.7736
    1962    1186.9083
    1963    1219.5394
    1964    1245.1053
    1965    1258.2147
    1966    1256.9806
    1967    1243.3110
    1968    1222.1713
    1969    1200.1049
    1970    1183.4340
    1971    1176.5885
    1972    1180.9228
    1973    1194.2866
    1974    1211.4800
    1975    1225.5693
    1976    1229.8139
    1977    1219.7588
    1978    1194.8923
    1979    1159.3064
    1980    1121.0105
    1981    1089.9457
    1982    1075.1659
    1983    1082.0383
    1984    1110.4076
    1985    1154.4250
    1986    1204.1769
    1987    1248.6082
    1988    1278.7922
    1989    1290.5003
    1990    1285.2330
    1991    1269.3520
    1992    1251.5966
    1993    1239.8525
    1994    1238.3361
    1995    1246.2111
    1996    1258.1123
    1997    1266.3320
    1998    1263.8213
    1999    1246.8914
    2000    1216.6522
