#Frame              T
       1    1242.8441
       2    1185.0112
       3    1038.7708
       4    1011.0742
       5    1066.2733
       6    1066.1712
       7    1150.4485
       8    1163.6058
       9    1113.8977
      10    1139.1171
      11    1089.4127
      12    1218.6185
      13    1075.7069
      14    1045.9552
      15     958.5366
      16    1046.5988
      17    1041.7914
      18     994.7184
      19    1062.3672
      20     987.1995
      21    1020.0988
      22    1015.4546
      23    1039.6796
      24     969.6336
      25     923.2517
      26     905.9398
      27     962.3687
      28     853.6613
      29     907.6515
      30     921.1482
      31     950.4109
      32     949.1305
      33     900.1342
      34     943.2847
      35     904.7034
      36     872.6747
      37     840.3252
      38     922.2541
      39     865.1721
      40     788.7450
      41     943.4583
      42     881.5778
      43     900.2552
      44     916.9987
      45     845.4299
      46     721.6931
      47     811.1520
      48     836.1786
      49     792.3224
      50     819.5401
      51     898.4133
      52     792.0740
      53     738.2388
      54     766.9635
      55     717.7762
      56     778.1630
      57     833.4963
      58     796.4248
      59     764.2046
      60     733.3823
      61     736.5865
      62     760.9340
      63     617.7994
      64     711.6270
      65     683.5323
      66     773.3515
      67     742.6202
      68     651.1492
      69     687.4158
      70     719.9653
      71     683.0096
      72     673.1819
      73     660.9529
      74     643.6440
      75     646.0106
      76     612.4400
      77     622.8446
      78     635.1825
      79     701.5795
      80     662.3560
      81     716.5386
      82     683.2992
      83     665.6204
      84     614.0138
      85     695.8164
      86     622.8759
      87     576.8221
      88     598.5072
      89     546.5877
      90     599.6057
      91     643.5940
      92     563.4290
      93     592.6146
      94     595.0859
      95     583.5005
      96     545.5777
      97     549.3427
      98     625.6101
      99     583.3654
     100     585.4931
     101     563.8091
     102     595.9039
     103     623.2131
     104     566.3649
     105     585.9468
     106     583.2815
     107     579.0333
     108     529.0917
     109     541.9485
     110     491.6412
     111     536.1276
     112     511.7266
     113     530.9105
     114     506.2512
     115     558.9658
     116     479.5042
     117     503.4397
     118     558.8862
     119     511.6691
     120     532.3602
     121     531.9004
     122     508.0951
     123     519.0355
     124     585.0704
     125     535.7569
     126     524.2800
     127     542.2482
     128     499.6051
     129     481.1206
     130     537.5495
     131     517.7773
     132     486.4516
     133     567.7892
     134     470.8185
     135     512.3419
     136     492.9873
     137     480.0354
     138     461.1244
     139     525.8725
     140     538.9790
     141     515.3696
     142     501.2801
     143     401.9853
     144     527.4386
     145     482.5662
     146     545.3815
     147     520.8300
     148     557.9625
     149     528.4699
     150     506.1590
     151     446.1103
     152     497.5474
     153     545.2683
     154     493.5202
     155     462.9515
     156     544.5149
     157     484.0149
     158     528.0488
     159     504.1053
     160     519.0176
     161     496.2307
     162     445.2267
     163     489.9574
     164     469.2456
     165     530.4851
     166     499.1950
     167     525.6840
     168     506.3499
     169     478.2995
     170     494.8121
     171     460.3750
     172     500.5186
     173     470.5058
     174     478.9556
     175     490.1804
     176     527.5741
     177     515.7996
     178     515.8845
     179     457.6932
     180     450.5977
     181     497.9144
     182     487.6804
     183     498.6997
     184     466.0477
     185     440.5456
     186     475.6480
     187     470.7812
     188     454.7452
     189     457.6024
     190     484.2692
     191     466.6690
     192     479.5945
     193     454.6406
     194     478.4614
     195     473.0873
     196     507.5214
     197     465.5847
     198     448.2556
     199     495.4744
     200     465.3323
     201     494.6413
     202     499.0117
     203     449.5802
     204     484.4354
     205     445.8228
     206     454.5690
     207     516.4746
     208     493.9724
     209     485.7227
     210     443.4984
     211     498.8856
     212     480.3630
     213     439.0310
     214     477.9682
     215     446.2120
     216     444.2403
     217     472.2828
     218     431.4692
     219     413.6996
     220     468.9898
     221     436.5468
     222     436.1235
     223     396.4729
     224     444.9098
     225     438.0620
     226     473.6816
     227     455.8100
     228     492.9821
     229     420.6018
     230     384.2001
     231     433.8704
     232     425.9482
     233     439.4279
     234     452.0935
     235     427.5937
     236     483.1786
     237     407.1980
     238     416.1632
     239     420.5093
     240     450.0392
     241     423.2477
     242     411.0648
     243     398.9252
     244     425.3571
     245     445.5140
     246     401.7438
     247     415.6360
     248     420.0825
     249     424.8980
     250     424.8424
     251     420.7347
     252     437.9536
     253     418.5461
     254     444.8184
     255     423.3098
     256     387.8800
     257     410.3676
     258     432.9901
     259     392.8353
     260     410.7769
     261     428.1508
     262     437.1740
     263     425.3723
     264     398.6297
     265     392.8852
     266     422.2641
     267     403.3460
     268     368.6070
     269     423.0764
     270     419.3491
     271     411.0464
     272     393.7700
     273     413.4294
     274     424.9658
     275     416.4262
     276     378.8962
     277     389.3639
     278     431.9788
     279     371.9161
     280     386.6264
     281     390.8888
     282     359.9428
     283     379.1446
     284     379.5922
     285     430.8118
     286     349.4618
     287     350.2305
     288     367.5368
     289     378.0043
     290     378.4890
     291     369.4708
     292     407.6076
     293     388.7456
     294     416.9074
     295     408.0596
     296     362.3211
     297     411.3254
     298     405.0356
     299     403.3815
     300     411.7851
     301     412.4500
     302     394.7131
     303     398.4006
     304     411.7108
     305     405.7743
     306     410.2150
     307     436.5404
     308     404.3444
     309     420.1791
     310     385.8444
     311     418.6425
     312     451.7668
     313     414.9690
     314     396.3460
     315     383.5464
     316     382.7749
     317     436.2509
     318     417.2671
     319     420.4234
     320     381.9898
     321     382.0472
     322     414.5031
     323     409.0068
     324     392.7543
     325     381.2828
     326     380.9382
     327     380.0425
     328     400.0002
     329     389.6476
     330     364.5441
     331     433.0013
     332     399.4935
     333     379.3591
     334     360.1381
     335     358.5468
     336     369.2710
     337     337.0584
     338     348.0820
     339     363.5677
     340     367.7916
     341     345.0924
     342     355.1066
     343     375.3981
     344     365.2109
     345     366.8358
     346     361.3092
     347     357.6133
     348     380.2155
     349     379.2871
     350     336.2028
     351     354.1696
     352     399.1584
     353     325.7328
     354     364.3815
     355     347.2117
     356     379.6285
     357     378.6344
     358     361.2531
     359     387.2703
     360     406.0384
     361     417.0324
     362     383.5517
     363     377.6541
     364     381.8678
     365     370.5754
     366     381.7406
     367     356.8970
     368     378.2345
     369     345.2869
     370     374.7735
     371     384.4865
     372     401.0327
     373     369.7209
     374     368.5219
     375     381.3737
     376     350.8783
     377     354.0594
     378     320.7463
     379     338.6021
     380     339.7271
     381     329.9951
     382     328.7348
     383     365.4955
     384     361.1340
     385     368.0780
     386     341.8251
     387     343.8315
     388     336.2081
     389     317.4443
     390     373.3726
     391     317.8931
     392     352.7008
     393     330.2622
     394     355.2047
     395     331.9929
     396     330.7710
     397     369.9000
     398     331.2957
     399     338.4487
     400     349.6762
