#Frame              T
       1    3005.5545
       2    2876.8025
       3    2648.0876
       4    2377.0791
       5    2125.8200
       6    1941.0127
       7    1840.4511
       8    1810.3090
       9    1813.9527
      10    1808.4319
      11    1761.9597
      12    1665.8421
      13    1536.9489
      14    1410.5156
      15    1326.4842
      16    1314.6261
      17    1383.8096
      18    1519.0040
      19    1686.6320
      20    1845.8383
      21    1961.2614
      22    2012.8529
      23    1999.8392
      24    1938.2210
      25    1853.3058
      26    1770.3608
      27    1707.0380
      28    1670.1272
      29    1656.7993
      30    1658.5028
      31    1665.3532
      32    1669.6661
      33    1667.9970
      34    1661.2827
      35    1653.2121
      36    1647.8172
      37    1647.6569
      38    1653.4042
      39    1664.6398
      40    1680.9712
      41    1702.6155
      42    1730.0573
      43    1762.9541
      44    1798.8712
      45    1832.5624
      46    1856.4399
      47    1862.4983
      48    1845.2638
      49    1804.6006
      50    1746.9964
      51    1684.5465
      52    1631.8164
      53    1601.5547
      54    1600.6295
      55    1627.5045
      56    1672.1414
      57    1718.5299
      58    1749.3116
      59    1751.2856
      60    1720.1024
      61    1662.4416
      62    1594.6401
      63    1537.9142
      64    1511.5158
      65    1526.0201
      66    1579.1276
      67    1655.6950
      68    1732.3228
      69    1785.1343
      70    1798.2201
      71    1769.8675
      72    1713.9450
      73    1654.6522
      74    1616.0079
      75    1612.0211
      76    1642.7435
      77    1695.6601
      78    1750.2336
      79    1784.7199
      80    1783.7470
      81    1744.0106
      82    1675.7404
      83    1599.1708
      84    1537.2607
      85    1507.4008
      86    1515.2692
      87    1553.2045
      88    1603.6893
      89    1646.4778
      90    1666.4318
      91    1658.9662
      92    1631.1738
      93    1598.4326
      94    1577.8784
      95    1581.1673
      96    1609.4246
      97    1652.5971
      98    1693.6338
      99    1715.7089
     100    1709.2363
     101    1675.4835
     102    1625.4294
     103    1574.8674
     104    1538.1207
     105    1522.6752
     106    1526.5869
     107    1539.7237
     108    1548.4841
     109    1542.0424
     110    1517.4060
     111    1481.0285
     112    1446.2532
     113    1427.6451
     114    1434.6413
     115    1467.2246
     116    1515.4711
     117    1563.1786
     118    1594.1217
     119    1598.4348
     120    1576.5734
     121    1539.2058
     122    1503.0315
     123    1484.2047
     124    1492.0269
     125    1525.4081
     126    1573.4520
     127    1619.8343
     128    1649.1211
     129    1652.4651
     130    1630.4908
     131    1592.4368
     132    1552.1603
     133    1522.7601
     134    1511.9505
     135    1519.8025
     136    1539.4118
     137    1559.9389
     138    1570.7818
     139    1565.4207
     140    1543.6251
     141    1511.2582
     142    1477.9351
     143    1453.6202
     144    1445.4690
     145    1455.8569
     146    1482.0368
     147    1517.3021
     148    1553.1038
     149    1581.3802
     150    1596.4727
     151    1596.2796
     152    1582.5417
     153    1560.2825
     154    1536.5152
     155    1518.4053
     156    1511.2252
     157    1516.6459
     158    1531.9772
     159    1550.7977
     160    1564.9393
     161    1567.2640
     162    1554.3318
     163    1527.9452
     164    1494.8912
     165    1464.7992
     166    1446.7631
     167    1445.9168
     168    1461.3393
     169    1486.3615
     170    1511.3468
     171    1527.7455
     172    1531.5358
     173    1524.5378
     174    1513.1424
     175    1505.1031
     176    1505.8141
     177    1515.6822
     178    1529.7693
     179    1539.9143
     180    1538.4202
     181    1521.6622
     182    1491.9893
     183    1456.9995
     184    1426.3941
     185    1407.6877
     186    1402.7464
     187    1406.8890
     188    1411.2079
     189    1407.1732
     190    1391.3126
     191    1367.4264
     192    1344.9824
     193    1334.7933
     194    1344.3628
     195    1374.5466
     196    1418.5065
     197    1463.7149
     198    1496.6418
     199    1508.2910
     200    1498.1107
     201    1474.4237
     202    1451.0536
     203    1441.5009
     204    1453.0769
     205    1483.4557
     206    1521.1838
     207    1550.0984
     208    1555.9224
     209    1532.3502
     210    1484.1026
     211    1425.6370
     212    1375.9479
     213    1351.5044
     214    1360.1435
     215    1398.2568
     216    1452.2413
     217    1503.5720
     218    1535.5109
     219    1538.9880
     220    1515.5623
     221    1476.5202
     222    1438.4350
     223    1416.6126
     224    1418.9309
     225    1443.0740
     226    1478.3858
     227    1510.7603
     228    1528.0404
     229    1524.0760
     230    1500.3816
     231    1465.1418
     232    1430.1934
     233    1407.2298
     234    1404.5225
     235    1424.9897
     236    1465.8330
     237    1519.5015
     238    1575.5985
     239    1623.3273
     240    1654.0151
     241    1663.0781
     242    1650.7722
     243    1621.5539
     244    1582.5699
     245    1541.9024
     246    1506.7814
     247    1481.9237
     248    1468.4732
     249    1464.0577
     250    1464.0693
     251    1463.7331
     252    1460.1852
     253    1453.7410
     254    1447.8087
     255    1447.4080
     256    1456.8671
     257    1477.6856
     258    1507.5349
     259    1540.8701
     260    1570.8686
     261    1591.7775
     262    1600.5862
     263    1597.3462
     264    1584.1643
     265    1563.5643
     266    1537.1647
     267    1505.4228
     268    1468.6085
     269    1428.4640
     270    1389.5598
     271    1359.3566
     272    1346.4880
     273    1357.6055
     274    1393.9947
     275    1449.6573
     276    1512.1702
     277    1566.4171
     278    1599.8695
     279    1607.2581
     280    1592.5995
     281    1567.6078
     282    1547.0763
     283    1543.0557
     284    1560.0681
     285    1593.1057
     286    1629.2541
     287    1652.7332
     288    1651.5804
     289    1622.9303
     290    1574.3827
     291    1520.9826
     292    1479.2450
     293    1460.7155
     294    1467.6285
     295    1492.3131
     296    1520.4968
     297    1537.1114
     298    1532.2301
     299    1504.7544
     300    1462.4510
     301    1418.4839
     302    1386.0249
     303    1373.2273
     304    1380.5682
     305    1401.4639
     306    1425.6511
     307    1443.7236
     308    1450.8446
     309    1448.1658
     310    1441.5660
     311    1438.4906
     312    1444.4260
     313    1460.5974
     314    1483.7661
     315    1507.9705
     316    1527.1896
     317    1537.6279
     318    1538.7517
     319    1532.8791
     320    1523.7856
     321    1515.0690
     322    1508.9718
     323    1506.0697
     324    1505.8155
     325    1507.5184
     326    1511.1491
     327    1517.4917
     328    1527.5778
     329    1541.7727
     330    1559.1110
     331    1577.3260
     332    1593.6155
     333    1605.7627
     334    1613.0101
     335    1616.1884
     336    1616.9782
     337    1616.6690
     338    1615.0973
     339    1610.3727
     340    1599.5681
     341    1580.0491
     342    1550.8600
     343    1513.5795
     344    1472.2633
     345    1432.3804
     346    1399.0701
     347    1375.4420
     348    1361.7004
     349    1355.5398
     350    1353.5942
     351    1353.1874
     352    1353.4964
     353    1355.6169
     354    1361.5819
     355    1372.8994
     356    1389.3622
     357    1408.7324
     358    1427.4531
     359    1442.0553
     360    1450.5660
     361    1453.2144
     362    1452.0242
     363    1449.4686
     364    1446.8758
     365    1443.5234
     366    1437.0425
     367    1425.0517
     368    1407.1919
     369    1386.3960
     370    1368.5175
     371    1360.2750
     372    1366.3810
     373    1387.2095
     374    1418.1945
     375    1451.3915
     376    1478.6769
     377    1495.2497
     378    1501.8306
     379    1504.4463
     380    1511.7022
     381    1530.6202
     382    1562.8463
     383    1602.9845
     384    1639.9865
     385    1661.2308
     386    1657.6816
     387    1627.9532
     388    1579.4819
     389    1526.1328
     390    1483.0830
     391    1461.0968
     392    1462.6574
     393    1481.3240
     394    1504.0637
     395    1516.0133
     396    1506.9255
     397    1476.3829
     398    1434.3558
     399    1396.7721
     400    1378.5954
     401    1387.5807
     402    1421.1656
     403    1467.5292
     404    1510.1725
     405    1534.1099
     406    1531.2785
     407    1503.1958
     408    1459.9652
     409    1416.1316
     410    1385.1113
     411    1374.3822
     412    1383.2614
     413    1404.0022
     414    1425.6005
     415    1438.5850
     416    1438.7556
     417    1428.4363
     418    1414.9032
     419    1406.7714
     420    1409.9948
     421    1425.4466
     422    1449.1772
     423    1474.7466
     424    1496.0626
     425    1509.4439
     426    1514.3836
     427    1513.0516
     428    1508.9755
     429    1505.5302
     430    1504.9222
     431    1508.0973
     432    1515.3899
     433    1527.1562
     434    1543.7444
     435    1564.7446
     436    1588.0502
     437    1609.5138
     438    1623.7232
     439    1625.8002
     440    1613.4636
     441    1588.3202
     442    1555.5822
     443    1522.1103
     444    1493.5911
     445    1472.3305
     446    1456.8368
     447    1443.2373
     448    1427.5981
     449    1408.0404
     450    1385.8007
     451    1364.8237
     452    1350.0572
     453    1345.2072
     454    1351.0131
     455    1364.9043
     456    1382.2232
     457    1398.4154
     458    1411.0876
     459    1420.8866
     460    1430.7304
     461    1443.7500
     462    1460.9886
     463    1480.0793
     464    1495.6901
     465    1501.6927
     466    1494.1600
     467    1473.7980
     468    1446.5246
     469    1421.6883
     470    1408.4570
     471    1411.8155
     472    1429.9579
     473    1454.4206
     474    1473.1711
     475    1475.5171
     476    1456.8121
     477    1420.9067
     478    1379.2059
     479    1346.5629
     480    1335.4897
     481    1350.9013
     482    1387.6290
     483    1432.0740
     484    1467.5578
     485    1481.0616
     486    1468.4083
     487    1435.7372
     488    1396.7789
     489    1367.1310
     490    1357.9602
     491    1371.7339
     492    1401.7110
     493    1435.2688
     494    1459.5014
     495    1466.5651
     496    1456.4526
     497    1436.1221
     498    1415.6149
     499    1403.1358
     500    1401.4080
     501    1406.9051
     502    1412.1620
     503    1409.9273
     504    1397.1104
     505    1376.6281
     506    1356.2633
     507    1345.0686
     508    1349.0248
     509    1368.0257
     510    1395.6438
     511    1421.8097
     512    1437.1751
     513    1437.1521
     514    1423.7815
     515    1404.5953
     516    1388.9922
     517    1383.7871
     518    1389.9777
     519    1402.2884
     520    1411.7677
     521    1410.2645
     522    1394.6599
     523    1368.8718
     524    1342.6481
     525    1327.6397
     526    1332.4043
     527    1358.5238
     528    1399.5510
     529    1443.2965
     530    1476.5282
     531    1490.1271
     532    1482.5381
     533    1460.0879
     534    1434.0681
     535    1415.8709
     536    1412.2945
     537    1423.0033
     538    1441.1285
     539    1456.5643
     540    1460.4116
     541    1448.6605
     542    1423.6977
     543    1393.2153
     544    1367.1648
     545    1354.0828
     546    1358.1809
     547    1378.1303
     548    1407.7487
     549    1438.1611
     550    1460.6058
     551    1468.9949
     552    1461.5356
     553    1441.0639
     554    1414.0201
     555    1388.2688
     556    1370.4737
     557    1364.2096
     558    1369.4978
     559    1383.3209
     560    1400.5252
     561    1415.0567
     562    1421.6293
     563    1417.5576
     564    1404.1043
     565    1386.6524
     566    1373.3202
     567    1372.2679
     568    1388.5568
     569    1421.7546
     570    1465.3400
     571    1508.3584
     572    1538.9304
     573    1548.4227
     574    1534.6626
     575    1502.8407
     576    1463.5924
     577    1428.8989
     578    1407.3889
     579    1400.9576
     580    1404.2104
     581    1407.1260
     582    1399.8812
     583    1377.7152
     584    1343.5804
     585    1307.2855
     586    1281.4371
     587    1275.9437
     588    1293.4851
     589    1327.9301
     590    1366.4354
     591    1394.4467
     592    1401.5835
     593    1385.9534
     594    1355.0326
     595    1322.6885
     596    1303.5296
     597    1306.9021
     598    1333.0042
     599    1372.7588
     600    1411.5961
     601    1435.6404
     602    1437.5989
     603    1419.5635
     604    1391.4812
     605    1366.4627
     606    1355.4299
     607    1363.0685
     608    1386.2436
     609    1415.4526
     610    1438.8730
     611    1447.3276
     612    1438.0539
     613    1415.7015
     614    1390.2549
     615    1372.9005
     616    1371.6462
     617    1388.4879
     618    1419.1273
     619    1455.1097
     620    1487.3023
     621    1509.1938
     622    1518.6979
     623    1517.8793
     624    1510.9596
     625    1501.6740
     626    1491.2545
     627    1477.9846
     628    1458.4645
     629    1429.8666
     630    1391.9788
     631    1347.9898
     632    1303.6686
     633    1265.3613
     634    1237.7399
     635    1222.3193
     636    1217.3718
     637    1219.1958
     638    1224.0942
     639    1230.1239
     640    1237.8728
     641    1249.9704
     642    1269.5976
     643    1298.6492
     644    1336.3044
     645    1378.5817
     646    1419.0553
     647    1450.4637
     648    1466.6484
     649    1464.1919
     650    1443.2975
     651    1407.7640
     652    1364.1906
     653    1320.6888
     654    1285.3520
     655    1264.6725
     656    1262.1088
     657    1277.1350
     658    1305.1516
     659    1338.5112
     660    1368.5725
     661    1388.2653
     662    1394.3548
     663    1388.5963
     664    1377.2764
     665    1369.0817
     666    1371.8212
     667    1389.1195
     668    1418.5204
     669    1451.9704
     670    1478.4216
     671    1487.2948
     672    1472.0088
     673    1433.2511
     674    1380.3479
     675    1328.8834
     676    1295.0867
     677    1289.5155
     678    1312.7152
     679    1354.5573
     680    1397.5555
     681    1423.0547
     682    1418.1149
     683    1380.5522
     684    1320.1748
     685    1255.6004
     686    1207.7469
     687    1192.3643
     688    1214.4074
     689    1266.2602
     690    1330.3656
     691    1385.3877
     692    1413.9639
     693    1409.2132
     694    1377.2582
     695    1334.6402
     696    1301.7568
     697    1294.9319
     698    1320.0701
     699    1370.2890
     700    1428.5298
     701    1474.1810
     702    1491.0582
     703    1473.5486
     704    1428.5952
     705    1372.8869
     706    1326.5089
     707    1305.5498
     708    1316.3818
     709    1353.6825
     710    1402.9419
     711    1446.4111
     712    1469.8923
     713    1467.5426
     714    1443.0571
     715    1407.2665
     716    1373.4765
     717    1352.4220
     718    1348.5754
     719    1358.9746
     720    1374.8500
     721    1385.2834
     722    1381.4195
     723    1359.6808
     724    1323.0106
     725    1279.9481
     726    1241.9758
     727    1219.8623
     728    1219.9771
     729    1241.9621
     730    1278.9968
     731    1320.4801
     732    1355.7713
     733    1377.6552
     734    1384.5710
     735    1380.9066
     736    1375.1140
     737    1376.1563
     738    1389.6132
     739    1415.0731
     740    1445.9349
     741    1471.6640
     742    1481.6500
     743    1469.3015
     744    1434.9088
     745    1386.1711
     746    1336.0333
     747    1298.4662
     748    1283.6585
     749    1294.4045
     750    1325.1207
     751    1363.9703
     752    1397.3822
     753    1415.2518
     754    1414.7438
     755    1401.0975
     756    1385.0356
     757    1377.7959
     758    1385.8682
     759    1407.7137
     760    1433.9825
     761    1451.2200
     762    1447.5708
     763    1418.1041
     764    1367.4903
     765    1308.7965
     766    1258.8388
     767    1231.9565
     768    1234.6609
     769    1263.2237
     770    1305.2176
     771    1344.4901
     772    1367.6136
     773    1369.1977
     774    1353.8859
     775    1334.1065
     776    1324.3692
     777    1334.4895
     778    1364.7764
     779    1405.4770
     780    1440.8037
     781    1455.7439
     782    1442.5976
     783    1404.3767
     784    1353.5978
     785    1307.0149
     786    1278.6052
     787    1273.8607
     788    1287.8490
     789    1307.8526
     790    1319.3965
     791    1313.0057
     792    1288.6718
     793    1256.0030
     794    1229.9325
     795    1223.9100
     796    1243.6762
     797    1284.4803
     798    1333.0174
     799    1373.1344
     800    1392.5952
     801    1387.9122
     802    1365.3448
     803    1337.8841
     804    1319.6515
     805    1320.0646
     806    1340.0861
     807    1371.9548
     808    1402.3677
     809    1417.7507
     810    1409.5131
     811    1377.2700
     812    1328.9191
     813    1277.6993
     814    1237.5386
     815    1218.5052
     816    1223.9554
     817    1250.1069
     818    1287.8389
     819    1325.8436
     820    1354.0278
     821    1366.2314
     822    1361.6915
     823    1345.0182
     824    1324.7489
     825    1310.8272
     826    1311.5964
     827    1331.0628
     828    1367.1801
     829    1411.7272
     830    1452.0300
     831    1474.2949
     832    1467.7892
     833    1428.6246
     834    1361.8011
     835    1280.5935
     836    1203.2321
     837    1147.7823
     838    1126.7678
     839    1143.1948
     840    1189.3781
     841    1249.2019
     842    1303.3272
     843    1335.7053
     844    1339.1061
     845    1317.5920
     846    1284.9025
     847    1259.2305
     848    1256.2535
     849    1283.0172
     850    1334.9972
     851    1397.4919
     852    1450.8387
     853    1477.5045
     854    1468.3651
     855    1425.8839
     856    1363.1426
     857    1299.2514
     858    1252.9164
     859    1236.4890
     860    1252.5250
     861    1293.8606
     862    1346.8445
     863    1396.2614
     864    1430.0222
     865    1442.0629
     866    1432.8333
     867    1407.8132
     868    1375.1512
     869    1343.3901
     870    1319.7291
     871    1308.8242
     872    1312.0009
     873    1326.9032
     874    1347.7975
     875    1366.7472
     876    1375.6771
     877    1368.9294
     878    1345.5333
     879    1310.2700
     880    1272.8548
     881    1245.1511
     882    1237.1227
     883    1252.9131
     884    1288.6516
     885    1333.0908
     886    1371.1461
     887    1389.1376
     888    1379.7805
     889    1344.9820
     890    1295.3294
     891    1246.4238
     892    1213.4275
     893    1205.8851
     894    1224.7485
     895    1262.6265
     896    1306.9713
     897    1344.8152
     898    1367.1915
     899    1371.6882
     900    1362.4539
     901    1347.9245
     902    1337.2661
     903    1336.8031
     904    1347.6665
     905    1365.5460
     906    1382.6840
     907    1391.1772
     908    1386.0442
     909    1366.8300
     910    1337.3818
     911    1304.2215
     912    1274.3783
     913    1253.5534
     914    1245.1467
     915    1250.1181
     916    1267.2914
     917    1293.6800
     918    1324.7199
     919    1354.6029
     920    1377.0258
     921    1386.5061
     922    1380.0696
     923    1358.7122
     924    1327.8432
     925    1296.1429
     926    1272.8607
     927    1264.3794
     928    1271.4187
     929    1288.2535
     930    1304.5930
     931    1309.6376
     932    1296.8000
     933    1267.1314
     934    1229.8456
     935    1199.4230
     936    1190.1578
     937    1210.2247
     938    1257.7280
     939    1320.5665
     940    1380.3392
     941    1418.7756
     942    1424.1753
     943    1395.4429
     944    1342.3385
     945    1281.9937
     946    1233.0214
     947    1209.3073
     948    1215.6386
     949    1246.6736
     950    1289.5341
     951    1328.9118
     952    1352.5841
     953    1355.2266
     954    1339.3246
     955    1313.2939
     956    1287.9275
     957    1272.6503
     958    1272.7623
     959    1288.2624
     960    1314.2622
     961    1342.5885
     962    1364.0083
     963    1370.5380
     964    1357.4637
     965    1324.8034
     966    1277.9144
     967    1226.9014
     968    1184.6097
     969    1163.3941
     970    1171.4047
     971    1209.5636
     972    1270.4482
     973    1339.8101
     974    1400.5513
     975    1437.9898
     976    1444.5699
     977    1422.2339
     978    1381.4501
     979    1337.1730
     980    1303.2409
     981    1287.3524
     982    1288.5560
     983    1298.1816
     984    1303.7827
     985    1294.4906
     986    1265.6624
     987    1221.0314
     988    1171.5436
     989    1131.3594
     990    1112.6153
     991    1121.0655
     992    1154.3712
     993    1203.5732
     994    1256.8303
     995    1303.5851
     996    1337.4322
     997    1356.8796
     998    1364.2545
     999    1363.6764
    1000    1359.1867
    1001    1353.5252
    1002    1348.3237
    1003    1344.5480
    1004    1343.1012
    1005    1344.7956
    1006    1349.6705
    1007    1356.1502
    1008    1360.8287
    1009    1359.4336
    1010    1348.8386
    1011    1329.2392
    1012    1305.2481
    1013    1285.0185
    1014    1277.3992
    1015    1288.1125
    1016    1316.5907
    1017    1355.0300
    1018    1390.4303
    1019    1409.1763
    1020    1402.5209
    1021    1370.7231
    1022    1323.9294
    1023    1279.1071
    1024    1253.9581
    1025    1260.0792
    1026    1298.0808
    1027    1356.7462
    1028    1416.7558
    1029    1457.6711
    1030    1465.5200
    1031    1438.0218
    1032    1385.3831
    1033    1326.3293
    1034    1280.9175
    1035    1262.9398
    1036    1274.8838
    1037    1307.3979
    1038    1343.4135
    1039    1365.2134
    1040    1361.5554
    1041    1331.9971
    1042    1286.7430
    1043    1242.2357
    1044    1214.4887
    1045    1212.9987
    1046    1237.6283
    1047    1279.3575
    1048    1324.1672
    1049    1358.2278
    1050    1372.3342
    1051    1364.1079
    1052    1337.5889
    1053    1300.8832
    1054    1263.1194
    1055    1231.8947
    1056    1211.8845
    1057    1204.6756
    1058    1209.4296
    1059    1223.7504
    1060    1244.2891
    1061    1267.0666
    1062    1287.8813
    1063    1303.1812
    1064    1311.2979
    1065    1313.4306
    1066    1313.6541
    1067    1317.6200
    1068    1330.2755
    1069    1353.4603
    1070    1384.4305
    1071    1416.1100
    1072    1439.2123
    1073    1445.5888
    1074    1431.4959
    1075    1399.3743
    1076    1357.2242
    1077    1315.7487
    1078    1284.4513
    1079    1268.3712
    1080    1266.8186
    1081    1274.5143
    1082    1284.4466
    1083    1291.0924
    1084    1292.5863
    1085    1290.9463
    1086    1290.3198
    1087    1294.1741
    1088    1302.9050
    1089    1313.1517
    1090    1319.2362
    1091    1316.0650
    1092    1302.0656
    1093    1280.6709
    1094    1259.4940
    1095    1247.3824
    1096    1250.5597
    1097    1269.6112
    1098    1298.8024
    1099    1328.2211
    1100    1347.9153
    1101    1352.2122
    1102    1342.2529
    1103    1325.5030
    1104    1312.3567
    1105    1311.2664
    1106    1324.5582
    1107    1346.8702
    1108    1367.0309
    1109    1372.6849
    1110    1355.7130
    1111    1316.0893
    1112    1262.4518
    1113    1209.0462
    1114    1170.2717
    1115    1155.1545
    1116    1164.1420
    1117    1189.5760
    1118    1219.5262
    1119    1243.1743
    1120    1255.3326
    1121    1258.1561
    1122    1259.4524
    1123    1268.5154
    1124    1291.4259
    1125    1327.8748
    1126    1370.8034
    1127    1408.9468
    1128    1431.1910
    1129    1430.9188
    1130    1408.5361
    1131    1371.1685
    1132    1329.7855
    1133    1295.1311
    1134    1274.2459
    1135    1268.8416
    1136    1275.8311
    1137    1289.4185
    1138    1303.6937
    1139    1314.7008
    1140    1321.3532
    1141    1325.1153
    1142    1328.8475
    1143    1335.4170
    1144    1346.5812
    1145    1362.3789
    1146    1380.9837
    1147    1398.8961
    1148    1411.4237
    1149    1413.5454
    1150    1401.2147
    1151    1372.9333
    1152    1331.0731
    1153    1282.2367
    1154    1236.1161
    1155    1202.8821
    1156    1189.8793
    1157    1198.8544
    1158    1224.8528
    1159    1257.4048
    1160    1283.8267
    1161    1293.6169
    1162    1282.3495
    1163    1253.4839
    1164    1217.2068
    1165    1186.5772
    1166    1172.3768
    1167    1178.7038
    1168    1201.1806
    1169    1228.6728
    1170    1247.9525
    1171    1249.3859
    1172    1231.1889
    1173    1200.3675
    1174    1169.9120
    1175    1153.4322
    1176    1159.5141
    1177    1188.1637
    1178    1230.7964
    1179    1273.7438
    1180    1303.7823
    1181    1313.3389
    1182    1303.1725
    1183    1281.4207
    1184    1259.4899
    1185    1246.7339
    1186    1246.4439
    1187    1254.9947
    1188    1264.3955
    1189    1266.7978
    1190    1258.6954
    1191    1242.8237
    1192    1226.9181
    1193    1219.9698
    1194    1227.8024
    1195    1250.0875
    1196    1280.1675
    1197    1307.7272
    1198    1323.0833
    1199    1321.2334
    1200    1303.9147
    1201    1278.8037
    1202    1256.2359
    1203    1244.9447
    1204    1248.6793
    1205    1265.0951
    1206    1287.2014
    1207    1306.5586
    1208    1316.7899
    1209    1316.0052
    1210    1307.2762
    1211    1297.1125
    1212    1292.6653
    1213    1298.8412
    1214    1316.4801
    1215    1342.2381
    1216    1370.0757
    1217    1393.5654
    1218    1407.9750
    1219    1411.3464
    1220    1404.3515
    1221    1389.3131
    1222    1369.0778
    1223    1346.3114
    1224    1323.3619
    1225    1302.4027
    1226    1285.4344
    1227    1273.8739
    1228    1267.8864
    1229    1265.9506
    1230    1265.1536
    1231    1262.2955
    1232    1255.3705
    1233    1244.7139
    1234    1233.1278
    1235    1224.7232
    1236    1222.8710
    1237    1228.1755
    1238    1237.5033
    1239    1244.7157
    1240    1243.0098
    1241    1228.0068
    1242    1200.3000
    1243    1166.2848
    1244    1136.7028
    1245    1123.1754
    1246    1133.8063
    1247    1169.4969
    1248    1222.7912
    1249    1280.2626
    1250    1327.5933
    1251    1354.9780
    1252    1360.5403
    1253    1350.5489
    1254    1336.4612
    1255    1330.0090
    1256    1338.3122
    1257    1360.9678
    1258    1390.2557
    1259    1414.3188
    1260    1422.0024
    1261    1407.4050
    1262    1372.3170
    1263    1325.6043
    1264    1279.8292
    1265    1246.5097
    1266    1231.9564
    1267    1235.3137
    1268    1249.5128
    1269    1264.6283
    1270    1272.1635
    1271    1268.4111
    1272    1255.4745
    1273    1239.6398
    1274    1228.0368
    1275    1225.2858
    1276    1231.6947
    1277    1243.6670
    1278    1255.8479
    1279    1263.7996
    1280    1265.9456
    1281    1264.0299
    1282    1262.0127
    1283    1263.9632
    1284    1271.8770
    1285    1284.4276
    1286    1297.3892
    1287    1305.7461
    1288    1306.3692
    1289    1299.6128
    1290    1288.9379
    1291    1278.9171
    1292    1272.8456
    1293    1271.2899
    1294    1272.2778
    1295    1272.8824
    1296    1271.1720
    1297    1267.4084
    1298    1263.8277
    1299    1263.1355
    1300    1266.5865
    1301    1272.8353
    1302    1278.3857
    1303    1279.5327
    1304    1274.7215
    1305    1265.9348
    1306    1258.2178
    1307    1257.4544
    1308    1267.3746
    1309    1287.1830
    1310    1311.0301
    1311    1329.7876
    1312    1334.6189
    1313    1321.0458
    1314    1291.7423
    1315    1256.3692
    1316    1228.0246
    1317    1217.7250
    1318    1229.4809
    1319    1258.1705
    1320    1291.0201
    1321    1312.2399
    1322    1309.5687
    1323    1280.1807
    1324    1232.7694
    1325    1184.4320
    1326    1153.7512
    1327    1153.1879
    1328    1184.0194
    1329    1235.8606
    1330    1290.8565
    1331    1330.7157
    1332    1343.7182
    1333    1328.9626
    1334    1296.2703
    1335    1261.9288
    1336    1242.1000
    1337    1246.5275
    1338    1274.9002
    1339    1317.0685
    1340    1356.8541
    1341    1377.9757
    1342    1369.9095
    1343    1331.4582
    1344    1270.7150
    1345    1201.7388
    1346    1139.6081
    1347    1095.9218
    1348    1076.1847
    1349    1079.5006
    1350    1100.1383
    1351    1130.0982
    1352    1161.7187
    1353    1189.5719
    1354    1211.2910
    1355    1227.4067
    1356    1240.5348
    1357    1254.2881
    1358    1272.1374
    1359    1296.3327
    1360    1326.9454
    1361    1361.2091
    1362    1393.5000
    1363    1416.3011
    1364    1422.2278
    1365    1406.6602
    1366    1370.0386
    1367    1318.7232
    1368    1263.7222
    1369    1217.5003
    1370    1190.0199
    1371    1185.4997
    1372    1201.0887
    1373    1227.9921
    1374    1254.7383
    1375    1271.4234
    1376    1273.2815
    1377    1262.1392
    1378    1245.1348
    1379    1231.2154
    1380    1226.9045
    1381    1233.2193
    1382    1245.1684
    1383    1254.0973
    1384    1251.8087
    1385    1234.5649
    1386    1205.1315
    1387    1171.9161
    1388    1145.4973
    1389    1134.1277
    1390    1140.3809
    1391    1160.5390
    1392    1186.8811
    1393    1211.5785
    1394    1230.2132
    1395    1243.2496
    1396    1254.8299
    1397    1269.5491
    1398    1288.8798
    1399    1309.1715
    1400    1322.4707
    1401    1320.0024
    1402    1296.7361
    1403    1254.7883
    1404    1203.8617
    1405    1158.2612
    1406    1131.5929
    1407    1131.3556
    1408    1155.8309
    1409    1194.7958
    1410    1233.8637
    1411    1260.5209
    1412    1269.1403
    1413    1262.7647
    1414    1250.9542
    1415    1244.7916
    1416    1251.4257
    1417    1270.7222
    1418    1295.4754
    1419    1314.8694
    1420    1319.4352
    1421    1305.2139
    1422    1275.3975
    1423    1238.9356
    1424    1206.9312
    1425    1188.5076
    1426    1187.8837
    1427    1203.6823
    1428    1230.4270
    1429    1261.2647
    1430    1290.5680
    1431    1315.2902
    1432    1334.6463
    1433    1348.6262
    1434    1356.5451
    1435    1356.7614
    1436    1347.7523
    1437    1329.7390
    1438    1305.6498
    1439    1280.6086
    1440    1260.0011
    1441    1246.9998
    1442    1240.8416
    1443    1236.8550
    1444    1228.4183
    1445    1210.1167
    1446    1180.7090
    1447    1144.5008
    1448    1110.3144
    1449    1088.3186
    1450    1085.9417
    1451    1104.5496
    1452    1138.3557
    1453    1176.2499
    1454    1206.0303
    1455    1219.3518
    1456    1215.2183
    1457    1200.4151
    1458    1186.5630
    1459    1185.0394
    1460    1202.0051
    1461    1235.7201
    1462    1277.2515
    1463    1314.1455
    1464    1335.4249
    1465    1335.7961
    1466    1317.3934
    1467    1288.4906
    1468    1259.9152
    1469    1240.7665
    1470    1235.2085
    1471    1241.5086
    1472    1253.5006
    1473    1263.6941
    1474    1266.6447
    1475    1261.1788
    1476    1250.5542
    1477    1240.5831
    1478    1236.6726
    1479    1241.1889
    1480    1252.3390
    1481    1265.0126
    1482    1273.1141
    1483    1272.1909
    1484    1261.0997
    1485    1242.0462
    1486    1219.2783
    1487    1197.3457
    1488    1179.8007
    1489    1168.6873
    1490    1164.6361
    1491    1167.1708
    1492    1174.9712
    1493    1186.0825
    1494    1198.2217
    1495    1209.2439
    1496    1217.6969
    1497    1223.2928
    1498    1227.0544
    1499    1230.9582
    1500    1237.0280
    1501    1246.1214
    1502    1256.9116
    1503    1265.6812
    1504    1267.3539
    1505    1257.6039
    1506    1235.2013
    1507    1203.4195
    1508    1169.6110
    1509    1142.8791
    1510    1130.6701
    1511    1135.6959
    1512    1154.5804
    1513    1178.9759
    1514    1198.8981
    1515    1207.0243
    1516    1202.1157
    1517    1189.9588
    1518    1181.1866
    1519    1186.6985
    1520    1212.5260
    1521    1256.3810
    1522    1307.5158
    1523    1350.1566
    1524    1369.2384
    1525    1356.1662
    1526    1312.3121
    1527    1248.8647
    1528    1183.1235
    1529    1132.7079
    1530    1109.9048
    1531    1118.1954
    1532    1152.0250
    1533    1199.5812
    1534    1247.2546
    1535    1283.9676
    1536    1303.8138
    1537    1306.3723
    1538    1295.1434
    1539    1275.3146
    1540    1252.0290
    1541    1229.5843
    1542    1211.2383
    1543    1199.0382
    1544    1193.3966
    1545    1192.6207
    1546    1192.9313
    1547    1189.4186
    1548    1177.9612
    1549    1157.5387
    1550    1131.9048
    1551    1109.5596
    1552    1101.4910
    1553    1117.1295
    1554    1159.9018
    1555    1224.2592
    1556    1295.8343
    1557    1355.3210
    1558    1385.0421
    1559    1375.6862
    1560    1330.3002
    1561    1263.6471
    1562    1196.9697
    1563    1150.1562
    1564    1134.4269
    1565    1148.4814
    1566    1179.6414
    1567    1209.4619
    1568    1221.4759
    1569    1207.9229
    1570    1172.7649
    1571    1129.8447
    1572    1097.0409
    1573    1088.9016
    1574    1110.8398
    1575    1157.1999
    1576    1213.7873
    1577    1263.5815
    1578    1293.1688
    1579    1297.2648
    1580    1279.6696
    1581    1250.5633
    1582    1221.6144
    1583    1201.2147
    1584    1191.8713
    1585    1190.5944
    1586    1191.6605
    1587    1190.1522
    1588    1184.5159
    1589    1177.0334
    1590    1172.1873
    1591    1173.9059
    1592    1183.2125
    1593    1197.5249
    1594    1211.8897
    1595    1221.3590
    1596    1223.2487
    1597    1218.2361
    1598    1209.8871
    1599    1202.8732
    1600    1200.7215
    1601    1204.1500
    1602    1210.8006
    1603    1216.5383
    1604    1217.6908
    1605    1213.0555
    1606    1204.5808
    1607    1196.3281
    1608    1192.2988
    1609    1194.3587
    1610    1201.3752
    1611    1209.8916
    1612    1215.7791
    1613    1215.9295
    1614    1209.2540
    1615    1196.7344
    1616    1180.7771
    1617    1164.3683
    1618    1150.4005
    1619    1141.2064
    1620    1138.2047
    1621    1141.8255
    1622    1151.8210
    1623    1167.5610
    1624    1187.8105
    1625    1210.1568
    1626    1230.8231
    1627    1245.4619
    1628    1250.8419
    1629    1246.6113
    1630    1236.0190
    1631    1224.8940
    1632    1219.0935
    1633    1221.5496
    1634    1230.3898
    1635    1239.2202
    1636    1239.7115
    1637    1225.5431
    1638    1196.0125
    1639    1157.5595
    1640    1122.1998
    1641    1103.2045
    1642    1109.7080
    1643    1142.5546
    1644    1193.2762
    1645    1246.8232
    1646    1287.0876
    1647    1303.0238
    1648    1292.8369
    1649    1264.4120
    1650    1231.7275
    1651    1208.7341
    1652    1203.3300
    1653    1214.0371
    1654    1230.8245
    1655    1239.7360
    1656    1229.3450
    1657    1196.2647
    1658    1147.2750
    1659    1096.9903
    1660    1061.8949
    1661    1053.4259
    1662    1073.4463
    1663    1114.1526
    1664    1162.0138
    1665    1203.5795
    1666    1230.5802
    1667    1242.3046
    1668    1244.4715
    1669    1245.3438
    1670    1251.0481
    1671    1262.3396
    1672    1274.2927
    1673    1278.9846
    1674    1269.8273
    1675    1245.4346
    1676    1211.1117
    1677    1177.1516
    1678    1154.5870
    1679    1150.3217
    1680    1163.9992
    1681    1188.2023
    1682    1211.8463
    1683    1225.0419
    1684    1223.1190
    1685    1208.1422
    1686    1187.4951
    1687    1170.3640
    1688    1163.7381
    1689    1169.6123
    1690    1184.4874
    1691    1201.2529
    1692    1212.5207
    1693    1213.8807
    1694    1205.6318
    1695    1192.3374
    1696    1180.6083
    1697    1176.2674
    1698    1182.1616
    1699    1197.4423
    1700    1218.3995
    1701    1240.2652
    1702    1259.0340
    1703    1272.4804
    1704    1280.0784
    1705    1282.1628
    1706    1279.0452
    1707    1270.7452
    1708    1257.5331
    1709    1240.8820
    1710    1224.0493
    1711    1211.6422
    1712    1208.0823
    1713    1215.5135
    1714    1232.1601
    1715    1252.1667
    1716    1267.3292
    1717    1270.1612
    1718    1256.9840
    1719    1229.6433
    1720    1195.0383
    1721    1162.5552
    1722    1140.3978
    1723    1132.3343
    1724    1136.2551
    1725    1145.1690
    1726    1150.2026
    1727    1144.3524
    1728    1125.4903
    1729    1097.4184
    1730    1068.5546
    1731    1048.8208
    1732    1046.0477
    1733    1063.3584
    1734    1098.4880
    1735    1145.0838
    1736    1195.1643
    1737    1241.5465
    1738    1279.2597
    1739    1305.6302
    1740    1319.4602
    1741    1320.1300
    1742    1307.3503
    1743    1281.7308
    1744    1245.7580
    1745    1204.4047
    1746    1164.7006
    1747    1134.0784
    1748    1117.9632
    1749    1117.6109
    1750    1129.2849
    1751    1145.4497
    1752    1157.8087
    1753    1161.0970
    1754    1155.9223
    1755    1149.1172
    1756    1151.0903
    1757    1171.0437
    1758    1212.0350
    1759    1268.1448
    1760    1325.3098
    1761    1365.8751
    1762    1375.2236
    1763    1347.7711
    1764    1289.7131
    1765    1217.2490
    1766    1150.8824
    1767    1108.0745
    1768    1097.1880
    1769    1115.0810
    1770    1149.1789
    1771    1183.0006
    1772    1202.7794
    1773    1202.4856
    1774    1185.3590
    1775    1161.5916
    1776    1143.3867
    1777    1139.5873
    1778    1152.0981
    1779    1175.4123
    1780    1199.2059
    1781    1212.6879
    1782    1208.8028
    1783    1186.6025
    1784    1151.0399
    1785    1110.6142
    1786    1074.1508
    1787    1048.1709
    1788    1035.7751
    1789    1037.0830
    1790    1050.5482
    1791    1074.2057
    1792    1106.1566
    1793    1144.2247
    1794    1185.3275
    1795    1225.2450
    1796    1259.0988
    1797    1282.4019
    1798    1292.2716
    1799    1288.3395
    1800    1272.9655
    1801    1250.5650
    1802    1226.1822
    1803    1203.7736
    1804    1184.9554
    1805    1168.8525
    1806    1153.1818
    1807    1136.0208
    1808    1117.3448
    1809    1099.5579
    1810    1086.7924
    1811    1083.3240
    1812    1091.8199
    1813    1112.1692
    1814    1141.3893
    1815    1174.5981
    1816    1206.5657
    1817    1233.1488
    1818    1252.0626
    1819    1262.7973
    1820    1265.8744
    1821    1261.9220
    1822    1251.1153
    1823    1233.3340
    1824    1208.9880
    1825    1180.0085
    1826    1150.2968
    1827    1125.1107
    1828    1109.3798
    1829    1105.5585
    1830    1112.1290
    1831    1123.8281
    1832    1133.7419
    1833    1136.2984
    1834    1129.7897
    1835    1117.3490
    1836    1105.8775
    1837    1103.1950
    1838    1114.4474
    1839    1139.3209
    1840    1171.4743
    1841    1200.7059
    1842    1217.0656
    1843    1215.0933
    1844    1196.2666
    1845    1168.5546
    1846    1143.2382
    1847    1130.2578
    1848    1133.9748
    1849    1151.2654
    1850    1173.0800
    1851    1188.8708
    1852    1191.5996
    1853    1180.8687
    1854    1162.9953
    1855    1148.2431
    1856    1146.3130
    1857    1161.8778
    1858    1192.1750
    1859    1227.9153
    1860    1257.2046
    1861    1270.6831
    1862    1265.5188
    1863    1246.4665
    1864    1223.6227
    1865    1207.9637
    1866    1206.6114
    1867    1219.7397
    1868    1240.3728
    1869    1257.2512
    1870    1259.7083
    1871    1242.4532
    1872    1208.0700
    1873    1166.1460
    1874    1129.4995
    1875    1109.1840
    1876    1110.3178
    1877    1130.3984
    1878    1160.7011
    1879    1190.0394
    1880    1209.2052
    1881    1214.2281
    1882    1207.2763
    1883    1195.0720
    1884    1185.6767
    1885    1185.0117
    1886    1194.5011
    1887    1210.7060
    1888    1226.9568
    1889    1236.2222
    1890    1233.9779
    1891    1219.8086
    1892    1197.0376
    1893    1170.7421
    1894    1145.5033
    1895    1124.1791
    1896    1108.0146
    1897    1097.5521
    1898    1093.5097
    1899    1096.9995
    1900    1108.9747
    1901    1129.2507
    1902    1155.6041
    1903    1183.4996
    1904    1206.8961
    1905    1220.1426
    1906    1220.3448
    1907    1209.1349
    1908    1192.8748
    1909    1180.7856
    1910    1181.2417
    1911    1197.5474
    1912    1225.5389
    1913    1254.9263
    1914    1273.8721
    1915    1274.3033
    1916    1255.5018
    1917    1224.5790
    1918    1193.6745
    1919    1174.9999
    1920    1175.7763
    1921    1195.2118
    1922    1224.7937
    1923    1251.7456
    1924    1264.1441
    1925    1255.5341
    1926    1227.1556
    1927    1186.9838
    1928    1146.1654
    1929    1114.5033
    1930    1096.9593
    1931    1092.6355
    1932    1096.4890
    1933    1102.7166
    1934    1107.9570
    1935    1112.7332
    1936    1120.6256
    1937    1135.8126
    1938    1160.2948
    1939    1192.1590
    1940    1225.7439
    1941    1253.6706
    1942    1269.8097
    1943    1271.7807
    1944    1261.7977
    1945    1245.4342
    1946    1228.8697
    1947    1215.9331
    1948    1206.3874
    1949    1196.3514
    1950    1180.6826
    1951    1156.1701
    1952    1124.0252
    1953    1090.5009
    1954    1065.2227
    1955    1057.7106
    1956    1073.4112
    1957    1110.9532
    1958    1161.9334
    1959    1213.4847
    1960    1252.6991
    1961    1271.1868
    1962    1267.9428
    1963    1249.3433
    1964    1226.2439
    1965    1209.3613
    1966    1204.8964
    1967    1212.2152
    1968    1224.4637
    1969    1231.7069
    1970    1225.1879
    1971    1200.9613
    1972    1161.5367
    1973    1115.0145
    1974    1072.2179
    1975    1043.0391
    1976    1033.4025
    1977    1043.8380
    1978    1069.9180
    1979    1104.0888
    1980    1138.0005
    1981    1164.5071
    1982    1178.8952
    1983    1179.3634
    1984    1167.0227
    1985    1145.6395
    1986    1121.1012
    1987    1100.4286
    1988    1090.2296
    1989    1094.7923
    1990    1114.3867
    1991    1144.5440
    1992    1176.9078
    1993    1201.7334
    1994    1211.3994
    1995    1203.6714
    1996    1183.2643
    1997    1160.7074
    1998    1148.5918
    1999    1156.5041
    2000    1186.7092
