#Frame              T
       1    1128.0278
       2    1176.4893
       3    1142.2772
       4    1014.6257
       5    1096.1771
       6    1213.6044
       7    1052.5135
       8    1060.6623
       9    1112.6801
      10    1064.8931
      11    1078.8717
      12    1083.9534
      13     947.7963
      14    1017.4301
      15    1027.5180
      16     999.2033
      17     938.6119
      18     939.9878
      19     935.2686
      20     972.5767
      21     954.5732
      22     837.2652
      23     841.8409
      24     969.6101
      25     895.9435
      26     871.2756
      27     882.0965
      28     852.4553
      29     928.5237
      30     895.9293
      31     847.0889
      32     904.9057
      33     976.0508
      34     854.7776
      35     892.7146
      36     876.4149
      37     914.5890
      38     947.2162
      39     879.2778
      40     910.8841
      41     859.3671
      42     833.9126
      43     885.4922
      44     891.9297
      45     743.4250
      46     869.9413
      47     795.9501
      48     796.8471
      49     793.7225
      50     723.5124
      51     805.5414
      52     851.7946
      53     782.6208
      54     828.7224
      55     783.8027
      56     809.2661
      57     745.4706
      58     732.5995
      59     691.2243
      60     708.6618
      61     764.2281
      62     693.9320
      63     710.0500
      64     753.8438
      65     708.6591
      66     695.2583
      67     650.4722
      68     697.7116
      69     675.4035
      70     678.8364
      71     721.6716
      72     723.8379
      73     823.6805
      74     715.5337
      75     779.9064
      76     738.5372
      77     684.1306
      78     690.5942
      79     705.4042
      80     643.8939
      81     721.6227
      82     639.2715
      83     697.9122
      84     744.0801
      85     655.0988
      86     689.9046
      87     716.0840
      88     694.3765
      89     626.3325
      90     641.5648
      91     692.7153
      92     720.0198
      93     704.5019
      94     599.4504
      95     679.1379
      96     640.7435
      97     668.1210
      98     616.7029
      99     613.8835
     100     652.0589
     101     614.9489
     102     646.1825
     103     579.0996
     104     633.3681
     105     584.9006
     106     646.3027
     107     584.0974
     108     579.6520
     109     606.3513
     110     542.8889
     111     547.4263
     112     570.0979
     113     554.3536
     114     551.8319
     115     590.3454
     116     546.2934
     117     531.5224
     118     507.4269
     119     552.0151
     120     458.8531
     121     507.1160
     122     541.5010
     123     599.5760
     124     538.7338
     125     560.6075
     126     551.2892
     127     520.4314
     128     518.4824
     129     577.2543
     130     542.3919
     131     556.8354
     132     586.7519
     133     525.7947
     134     539.2365
     135     563.2521
     136     541.8077
     137     534.9122
     138     622.0038
     139     554.0746
     140     547.7591
     141     560.3940
     142     538.3346
     143     506.3725
     144     584.3590
     145     508.3966
     146     571.7416
     147     513.8625
     148     540.7687
     149     499.6630
     150     544.0101
     151     496.8134
     152     527.3449
     153     517.1716
     154     548.0712
     155     530.1919
     156     510.6515
     157     528.4715
     158     560.5764
     159     536.5077
     160     503.8068
     161     400.0864
     162     445.2885
     163     475.0182
     164     449.9532
     165     493.6763
     166     463.3229
     167     523.7714
     168     466.5503
     169     479.4485
     170     476.4899
     171     475.4585
     172     459.4898
     173     440.1958
     174     429.4419
     175     483.0728
     176     511.6785
     177     545.8949
     178     496.8601
     179     519.6925
     180     537.6872
     181     509.0603
     182     499.0689
     183     466.5189
     184     493.2888
     185     522.0125
     186     518.8877
     187     476.8257
     188     490.8401
     189     467.0447
     190     477.3645
     191     451.8601
     192     471.4456
     193     478.4389
     194     510.1059
     195     473.1471
     196     471.7872
     197     503.8087
     198     457.7045
     199     464.7712
     200     472.0748
     201     479.9297
     202     436.0467
     203     494.1895
     204     493.8718
     205     464.3962
     206     441.9104
     207     476.5308
     208     467.6082
     209     470.2819
     210     432.7247
     211     477.5442
     212     455.1424
     213     514.5579
     214     473.2009
     215     478.5652
     216     468.4416
     217     513.8461
     218     465.6965
     219     440.3797
     220     433.9121
     221     462.2855
     222     469.1236
     223     412.8908
     224     431.3663
     225     438.1351
     226     476.0851
     227     455.0417
     228     453.2640
     229     467.7992
     230     452.8312
     231     437.0785
     232     462.3777
     233     462.4363
     234     437.3576
     235     467.5595
     236     418.1054
     237     437.2742
     238     420.1518
     239     416.6169
     240     418.3558
     241     452.9882
     242     447.9837
     243     434.2483
     244     411.4154
     245     404.3070
     246     458.1676
     247     425.3404
     248     400.0501
     249     491.1338
     250     432.2771
     251     443.3720
     252     410.3429
     253     376.2295
     254     389.2730
     255     402.0882
     256     423.9187
     257     432.1454
     258     436.0650
     259     430.0275
     260     390.6740
     261     408.1610
     262     365.9693
     263     418.4277
     264     413.4874
     265     439.5651
     266     379.9548
     267     392.0431
     268     367.3584
     269     428.1679
     270     384.2890
     271     411.5665
     272     405.2148
     273     388.7590
     274     395.7384
     275     387.5808
     276     376.2278
     277     382.9716
     278     384.4904
     279     398.4289
     280     379.5857
     281     391.2100
     282     413.6170
     283     381.9891
     284     379.2237
     285     417.0014
     286     419.7992
     287     382.5252
     288     392.9539
     289     398.4621
     290     402.1147
     291     414.3802
     292     415.4499
     293     420.7503
     294     413.6529
     295     388.9973
     296     395.2807
     297     381.4499
     298     384.6649
     299     367.5954
     300     406.8149
     301     391.8081
     302     437.5367
     303     415.0996
     304     401.9279
     305     408.5741
     306     400.0163
     307     401.4317
     308     424.0544
     309     436.0141
     310     389.3569
     311     372.7977
     312     379.8608
     313     379.4719
     314     390.3524
     315     371.1722
     316     403.8445
     317     397.3206
     318     388.2512
     319     404.9755
     320     405.1251
     321     400.4615
     322     387.4634
     323     381.5813
     324     363.6151
     325     355.5701
     326     363.3783
     327     396.2906
     328     384.1619
     329     330.0235
     330     391.4570
     331     363.0585
     332     372.3062
     333     367.4084
     334     385.6805
     335     425.5272
     336     417.3890
     337     374.5736
     338     379.4430
     339     396.9021
     340     370.0394
     341     393.4939
     342     372.9517
     343     387.9516
     344     378.4835
     345     397.2686
     346     404.9296
     347     405.7948
     348     397.9176
     349     386.5774
     350     373.4858
     351     430.5308
     352     390.7836
     353     426.9325
     354     417.6437
     355     391.3190
     356     417.4488
     357     382.9811
     358     381.1649
     359     362.3098
     360     409.9438
     361     368.0406
     362     354.4006
     363     387.1449
     364     388.4107
     365     366.2962
     366     390.2590
     367     401.8998
     368     420.8195
     369     375.6923
     370     394.8639
     371     374.0905
     372     348.1703
     373     361.3480
     374     371.8023
     375     373.6155
     376     370.3768
     377     396.7483
     378     367.7724
     379     385.6558
     380     405.1247
     381     379.2148
     382     351.3831
     383     362.6801
     384     380.1656
     385     398.8105
     386     353.0011
     387     381.8358
     388     382.5471
     389     360.0219
     390     375.6856
     391     379.4040
     392     377.5154
     393     385.7553
     394     392.2673
     395     394.0685
     396     400.6273
     397     394.9814
     398     327.8853
     399     398.8279
     400     345.4169
