#Frame              T
       1    2995.9165
       2    2878.6310
       3    2678.3711
       4    2442.7857
       5    2222.3578
       6    2055.3762
       7    1957.3173
       8    1918.1341
       9    1908.3127
      10    1891.3906
      11    1838.2108
      12    1737.7544
      13    1601.0238
      14    1457.0896
      15    1343.0282
      16    1291.3442
      17    1319.0774
      18    1422.0046
      19    1575.5608
      20    1742.0099
      21    1881.5333
      22    1963.6566
      23    1975.3923
      24    1923.7627
      25    1832.2752
      26    1732.7765
      27    1655.4040
      28    1619.7735
      29    1630.0194
      30    1674.9850
      31    1733.1692
      32    1780.5201
      33    1798.3802
      34    1779.0682
      35    1727.5414
      36    1658.9620
      37    1593.2664
      38    1548.6689
      39    1536.1742
      40    1556.6372
      41    1601.1228
      42    1654.4907
      43    1701.1643
      44    1730.1299
      45    1735.3935
      46    1713.9074
      47    1667.4751
      48    1605.7802
      49    1544.4036
      50    1499.3715
      51    1482.0433
      52    1496.0561
      53    1536.6271
      54    1591.9945
      55    1646.5914
      56    1685.2541
      57    1697.4222
      58    1680.1452
      59    1639.0130
      60    1586.6857
      61    1539.3411
      62    1511.9631
      63    1513.8053
      64    1545.4320
      65    1598.3007
      66    1657.1264
      67    1704.4302
      68    1725.9857
      69    1715.4581
      70    1676.6369
      71    1622.4204
      72    1570.8657
      73    1539.5748
      74    1540.1111
      75    1574.0738
      76    1632.0942
      77    1696.2840
      78    1745.6402
      79    1762.8522
      80    1740.3062
      81    1683.1318
      82    1608.0338
      83    1538.0989
      84    1495.2919
      85    1493.2476
      86    1532.8050
      87    1601.7362
      88    1678.7196
      89    1740.2478
      90    1768.2006
      91    1755.5838
      92    1708.5718
      93    1644.2597
      94    1584.9186
      95    1550.6436
      96    1552.7833
      97    1590.3116
      98    1650.3176
      99    1712.3838
     100    1755.3277
     101    1764.1057
     102    1734.8173
     103    1676.4455
     104    1608.5910
     105    1554.6553
     106    1531.9074
     107    1544.5119
     108    1583.9569
     109    1633.7037
     110    1674.5756
     111    1690.3439
     112    1672.6427
     113    1623.6220
     114    1555.3276
     115    1485.9714
     116    1434.3435
     117    1414.2004
     118    1430.4151
     119    1478.0181
     120    1544.2352
     121    1612.6798
     122    1668.3297
     123    1701.8141
     124    1711.7321
     125    1704.2416
     126    1690.0808
     127    1680.1767
     128    1681.5064
     129    1694.6521
     130    1713.7030
     131    1728.3220
     132    1727.2400
     133    1702.1263
     134    1650.6510
     135    1577.7801
     136    1494.9335
     137    1417.2895
     138    1359.8546
     139    1333.1576
     140    1339.9878
     141    1374.8521
     142    1426.5558
     143    1482.2891
     144    1531.2073
     145    1566.5651
     146    1586.4378
     147    1593.2703
     148    1592.4659
     149    1590.2989
     150    1591.6786
     151    1598.3917
     152    1608.3572
     153    1616.2013
     154    1615.1571
     155    1599.6840
     156    1567.8024
     157    1522.2626
     158    1470.2078
     159    1421.4794
     160    1386.0235
     161    1371.0328
     162    1378.6787
     163    1405.2852
     164    1442.3216
     165    1478.8996
     166    1504.9894
     167    1514.3827
     168    1506.4645
     169    1486.1620
     170    1462.0111
     171    1442.9858
     172    1435.2834
     173    1440.2601
     174    1454.1831
     175    1469.7294
     176    1478.6518
     177    1474.7470
     178    1456.1566
     179    1426.1713
     180    1392.2135
     181    1363.3914
     182    1347.5298
     183    1348.7018
     184    1366.0470
     185    1394.1987
     186    1425.1081
     187    1450.5954
     188    1464.7492
     189    1465.5026
     190    1455.3038
     191    1441.1692
     192    1433.3146
     193    1440.1669
     194    1462.4786
     195    1494.1741
     196    1527.5646
     197    1556.1230
     198    1575.1441
     199    1582.1812
     200    1577.3094
     201    1562.8156
     202    1542.3162
     203    1519.6158
     204    1497.7067
     205    1478.2085
     206    1461.3935
     207    1446.7288
     208    1433.6602
     209    1422.2806
     210    1413.6027
     211    1409.3059
     212    1411.0289
     213    1419.4474
     214    1433.5502
     215    1450.4981
     216    1466.2699
     217    1476.9201
     218    1479.9534
     219    1475.2514
     220    1465.1837
     221    1453.8518
     222    1445.7163
     223    1444.0384
     224    1449.5935
     225    1460.0812
     226    1470.5587
     227    1474.9747
     228    1468.3764
     229    1448.9412
     230    1419.0040
     231    1384.6896
     232    1354.2638
     233    1335.6892
     234    1334.1589
     235    1350.4379
     236    1380.5675
     237    1416.9441
     238    1450.3511
     239    1472.3819
     240    1477.6886
     241    1465.4813
     242    1439.8096
     243    1408.4138
     244    1380.3816
     245    1363.3196
     246    1360.9762
     247    1372.1580
     248    1391.3340
     249    1410.7105
     250    1422.9866
     251    1423.7582
     252    1412.7148
     253    1393.3287
     254    1371.3962
     255    1353.1136
     256    1343.2373
     257    1343.7235
     258    1353.2060
     259    1367.4959
     260    1380.8855
     261    1387.7548
     262    1384.0133
     263    1368.1269
     264    1341.6242
     265    1308.9366
     266    1276.4428
     267    1250.8932
     268    1237.6766
     269    1239.5162
     270    1255.9744
     271    1283.8153
     272    1317.9554
     273    1352.7455
     274    1383.5000
     275    1407.9943
     276    1427.0881
     277    1443.6106
     278    1459.9381
     279    1476.0618
     280    1489.3273
     281    1495.3603
     282    1489.4348
     283    1468.0666
     284    1430.5876
     285    1380.2074
     286    1324.0501
     287    1271.9811
     288    1234.4303
     289    1219.7228
     290    1231.5885
     291    1267.6731
     292    1319.9156
     293    1377.0789
     294    1428.5050
     295    1467.4166
     296    1492.4842
     297    1507.2892
     298    1518.1283
     299    1531.1012
     300    1549.5405
     301    1572.5942
     302    1595.3662
     303    1610.5741
     304    1611.2015
     305    1593.2319
     306    1557.4915
     307    1509.9076
     308    1460.0354
     309    1418.3241
     310    1393.0301
     311    1387.7973
     312    1400.6574
     313    1424.7581
     314    1450.5962
     315    1469.0360
     316    1474.1439
     317    1464.8976
     318    1445.2258
     319    1422.4013
     320    1404.3683
     321    1396.9160
     322    1401.6365
     323    1415.3262
     324    1431.0306
     325    1440.4123
     326    1436.6733
     327    1417.0512
     328    1384.0352
     329    1344.8421
     330    1309.2910
     331    1286.7680
     332    1283.2885
     333    1299.6089
     334    1330.9614
     335    1368.4434
     336    1401.6005
     337    1421.4105
     338    1422.7989
     339    1405.9702
     340    1376.1670
     341    1341.8975
     342    1312.1464
     343    1293.4663
     344    1287.9259
     345    1292.6153
     346    1300.8822
     347    1304.8815
     348    1298.5691
     349    1280.1018
     350    1252.8044
     351    1224.3033
     352    1204.0672
     353    1200.2019
     354    1216.6667
     355    1251.8600
     356    1298.9785
     357    1348.0043
     358    1388.7046
     359    1413.6730
     360    1420.3811
     361    1411.6058
     362    1394.2203
     363    1376.8607
     364    1367.2344
     365    1369.8241
     366    1384.6022
     367    1407.1021
     368    1429.8689
     369    1444.8679
     370    1446.0490
     371    1431.2220
     372    1402.6851
     373    1366.5314
     374    1330.9178
     375    1303.7970
     376    1290.7326
     377    1293.4197
     378    1309.3303
     379    1332.5861
     380    1355.7960
     381    1372.3252
     382    1378.2942
     383    1373.6355
     384    1361.8702
     385    1348.7398
     386    1340.2245
     387    1340.6008
     388    1351.1139
     389    1369.6230
     390    1391.2945
     391    1410.1125
     392    1420.7423
     393    1420.1747
     394    1408.6423
     395    1389.4976
     396    1368.0650
     397    1349.8445
     398    1338.6945
     399    1335.6331
     400    1338.6846
     401    1343.8122
     402    1346.5412
     403    1343.6053
     404    1333.9925
     405    1319.0563
     406    1301.7675
     407    1285.5049
     408    1272.9215
     409    1265.3126
     410    1262.6461
     411    1264.0775
     412    1268.6261
     413    1275.6762
     414    1285.1189
     415    1297.1076
     416    1311.5724
     417    1327.7399
     418    1343.9228
     419    1357.7431
     420    1366.7607
     421    1369.3035
     422    1365.1794
     423    1355.9741
     424    1344.7613
     425    1335.2455
     426    1330.5762
     427    1332.2397
     428    1339.4859
     429    1349.5713
     430    1358.7358
     431    1363.4987
     432    1361.7740
     433    1353.5355
     434    1340.9910
     435    1328.1855
     436    1319.9260
     437    1320.2425
     438    1330.9677
     439    1351.0194
     440    1376.6833
     441    1402.7541
     442    1424.0562
     443    1436.7707
     444    1439.2183
     445    1432.0414
     446    1417.8543
     447    1400.4407
     448    1383.6561
     449    1370.3445
     450    1361.6247
     451    1356.7660
     452    1353.6358
     453    1349.5291
     454    1342.1080
     455    1330.1866
     456    1314.1624
     457    1296.0044
     458    1278.8193
     459    1266.0997
     460    1260.8357
     461    1264.7139
     462    1277.6260
     463    1297.6432
     464    1321.4887
     465    1345.3759
     466    1365.9462
     467    1381.0102
     468    1389.9043
     469    1393.4015
     470    1393.2545
     471    1391.5169
     472    1389.8724
     473    1389.1747
     474    1389.3084
     475    1389.3422
     476    1387.8481
     477    1383.2802
     478    1374.3683
     479    1360.5012
     480    1342.0402
     481    1320.4841
     482    1298.4201
     483    1279.2236
     484    1266.4943
     485    1263.2321
     486    1270.7964
     487    1287.8669
     488    1309.9240
     489    1329.9833
     490    1340.7704
     491    1337.4836
     492    1319.8625
     493    1292.7041
     494    1264.6110
     495    1245.3381
     496    1242.5632
     497    1259.1573
     498    1291.9491
     499    1332.5215
     500    1369.8412
     501    1393.8590
     502    1398.8159
     503    1385.1022
     504    1359.0186
     505    1330.5145
     506    1309.6851
     507    1303.2528
     508    1312.3154
     509    1332.1929
     510    1354.3828
     511    1369.7492
     512    1371.6564
     513    1358.1270
     514    1332.6342
     515    1303.2256
     516    1279.9525
     517    1271.3958
     518    1281.6345
     519    1308.8226
     520    1345.8716
     521    1382.9212
     522    1410.6493
     523    1423.1816
     524    1419.5584
     525    1403.3452
     526    1380.7438
     527    1358.1206
     528    1339.9703
     529    1328.0182
     530    1321.5946
     531    1318.8591
     532    1318.1400
     533    1318.7516
     534    1321.0968
     535    1326.2407
     536    1335.3030
     537    1348.8805
     538    1366.5850
     539    1386.8300
     540    1407.0519
     541    1424.3742
     542    1436.4550
     543    1442.1294
     544    1441.5529
     545    1435.8246
     546    1426.3196
     547    1414.0704
     548    1399.4814
     549    1382.5073
     550    1363.2283
     551    1342.5939
     552    1322.9563
     553    1307.9709
     554    1301.6673
     555    1306.8855
     556    1323.7049
     557    1348.6400
     558    1375.1681
     559    1395.5279
     560    1403.1571
     561    1394.8930
     562    1372.1393
     563    1340.5364
     564    1308.1537
     565    1282.7698
     566    1269.1849
     567    1267.5787
     568    1273.5680
     569    1280.0238
     570    1280.0398
     571    1269.9604
     572    1251.2959
     573    1230.6889
     574    1217.7932
     575    1221.7664
     576    1247.7273
     577    1294.5585
     578    1354.8620
     579    1417.0513
     580    1468.8424
     581    1500.9652
     582    1509.8162
     583    1498.1282
     584    1473.4417
     585    1444.9879
     586    1420.1781
     587    1402.0284
     588    1388.4491
     589    1373.6114
     590    1350.8197
     591    1315.7631
     592    1268.9181
     593    1216.1327
     594    1167.0303
     595    1131.7573
     596    1117.5222
     597    1126.3986
     598    1154.9098
     599    1195.1779
     600    1237.2072
     601    1271.6615
     602    1292.2841
     603    1297.2122
     604    1288.8715
     605    1272.6690
     606    1255.0686
     607    1241.7025
     608    1236.0381
     609    1238.8566
     610    1248.5833
     611    1262.2855
     612    1276.9899
     613    1290.8129
     614    1303.3947
     615    1315.5061
     616    1328.2868
     617    1342.7045
     618    1359.3431
     619    1378.2596
     620    1398.8048
     621    1419.5037
     622    1438.0826
     623    1451.6545
     624    1457.1072
     625    1451.7103
     626    1433.9168
     627    1404.1428
     628    1365.1732
     629    1321.8776
     630    1280.2291
     631    1245.9827
     632    1223.4576
     633    1214.6363
     634    1218.6726
     635    1231.9750
     636    1249.0319
     637    1263.9229
     638    1272.1404
     639    1272.0755
     640    1265.5475
     641    1257.0776
     642    1252.1075
     643    1254.8079
     644    1266.3231
     645    1284.1830
     646    1303.1849
     647    1317.4305
     648    1322.6337
     649    1317.7157
     650    1305.0998
     651    1289.6820
     652    1276.9573
     653    1271.0307
     654    1273.2463
     655    1281.9436
     656    1293.4103
     657    1303.5658
     658    1309.5740
     659    1310.6895
     660    1308.0763
     661    1303.8240
     662    1299.6799
     663    1296.0754
     664    1291.9122
     665    1285.2473
     666    1274.5979
     667    1260.2430
     668    1244.8242
     669    1232.8212
     670    1228.9967
     671    1236.3856
     672    1254.6647
     673    1279.6774
     674    1304.4862
     675    1321.6852
     676    1326.1419
     677    1317.1241
     678    1298.9567
     679    1279.8457
     680    1269.1289
     681    1273.8336
     682    1295.7894
     683    1330.4536
     684    1368.0427
     685    1396.7024
     686    1406.6552
     687    1393.8256
     688    1361.5851
     689    1319.9073
     690    1282.0574
     691    1259.7164
     692    1258.3658
     693    1275.2818
     694    1301.1707
     695    1324.1755
     696    1334.2683
     697    1326.6512
     698    1303.2877
     699    1272.1346
     700    1244.2875
     701    1229.8834
     702    1234.0603
     703    1254.6098
     704    1282.6924
     705    1306.4527
     706    1315.7078
     707    1305.6488
     708    1278.3425
     709    1241.7569
     710    1206.8427
     711    1183.8078
     712    1178.9081
     713    1192.7706
     714    1220.6838
     715    1254.5969
     716    1286.0202
     717    1308.7694
     718    1320.6274
     719    1323.4628
     720    1321.8946
     721    1321.0980
     722    1324.6100
     723    1332.9611
     724    1343.6152
     725    1352.2023
     726    1354.5287
     727    1348.5460
     728    1335.4586
     729    1319.4746
     730    1306.2313
     731    1300.4858
     732    1304.0293
     733    1314.7945
     734    1327.6172
     735    1336.3107
     736    1336.1512
     737    1325.7534
     738    1307.5637
     739    1286.7740
     740    1269.1185
     741    1258.5210
     742    1255.5931
     743    1257.5850
     744    1259.7429
     745    1257.4729
     746    1248.4187
     747    1233.6167
     748    1217.2554
     749    1205.1128
     750    1202.2832
     751    1211.1239
     752    1230.2764
     753    1255.1663
     754    1279.7590
     755    1298.8405
     756    1309.8919
     757    1313.7999
     758    1314.1283
     759    1315.2725
     760    1320.2778
     761    1329.2066
     762    1338.7386
     763    1343.2530
     764    1337.0809
     765    1317.0973
     766    1284.5975
     767    1245.6120
     768    1209.3885
     769    1185.4779
     770    1180.4268
     771    1195.3042
     772    1225.0607
     773    1260.0740
     774    1289.3863
     775    1304.4535
     776    1302.0269
     777    1285.1204
     778    1261.7166
     779    1241.6714
     780    1232.9080
     781    1238.3155
     782    1254.5786
     783    1273.4554
     784    1285.0240
     785    1281.5986
     786    1260.8001
     787    1226.6454
     788    1188.2980
     789    1156.9470
     790    1141.9516
     791    1147.6111
     792    1171.7261
     793    1206.4704
     794    1241.2442
     795    1266.4754
     796    1276.9942
     797    1273.7733
     798    1263.3972
     799    1255.4308
     800    1258.6541
     801    1277.5753
     802    1310.5154
     803    1349.9563
     804    1384.9938
     805    1404.9939
     806    1403.1520
     807    1378.7167
     808    1337.1331
     809    1288.1134
     810    1242.3947
     811    1208.4111
     812    1190.0290
     813    1185.9899
     814    1191.0655
     815    1198.4217
     816    1202.3605
     817    1200.5163
     818    1194.7052
     819    1190.0539
     820    1192.7129
     821    1207.1564
     822    1234.2795
     823    1270.9395
     824    1310.8754
     825    1346.5692
     826    1371.5008
     827    1382.0886
     828    1378.6279
     829    1364.8501
     830    1346.3063
     831    1328.3017
     832    1314.2206
     833    1304.7797
     834    1298.3761
     835    1292.3456
     836    1284.5973
     837    1274.8868
     838    1265.1220
     839    1258.5750
     840    1258.3643
     841    1265.9033
     842    1279.9981
     843    1297.0035
     844    1312.0060
     845    1320.5586
     846    1320.2619
     847    1311.5614
     848    1297.4596
     849    1282.2688
     850    1269.8772
     851    1262.1917
     852    1258.3679
     853    1255.1712
     854    1248.3695
     855    1234.6463
     856    1213.2841
     857    1186.9395
     858    1161.1721
     859    1142.8567
     860    1138.0143
     861    1149.8161
     862    1177.4532
     863    1216.2636
     864    1259.0711
     865    1298.2588
     866    1327.8996
     867    1345.2617
     868    1351.2737
     869    1349.8678
     870    1346.4497
     871    1345.9660
     872    1351.1368
     873    1361.4019
     874    1372.9547
     875    1379.9026
     876    1376.2079
     877    1357.7989
     878    1324.1565
     879    1278.8585
     880    1228.9100
     881    1183.0843
     882    1149.7548
     883    1134.7598
     884    1139.8285
     885    1162.0285
     886    1194.5068
     887    1228.4327
     888    1255.6423
     889    1271.1710
     890    1274.8001
     891    1271.0086
     892    1267.2503
     893    1271.0921
     894    1287.1614
     895    1314.9625
     896    1348.4192
     897    1377.4864
     898    1391.4390
     899    1382.7535
     900    1350.1591
     901    1299.6428
     902    1242.9315
     903    1193.9140
     904    1164.2762
     905    1159.8985
     906    1179.2532
     907    1214.2811
     908    1253.3538
     909    1285.2358
     910    1302.6921
     911    1304.5567
     912    1295.6082
     913    1284.3093
     914    1279.2058
     915    1285.3129
     916    1301.9374
     917    1322.8153
     918    1338.4390
     919    1339.5884
     920    1320.7833
     921    1282.5018
     922    1231.4440
     923    1178.7367
     924    1136.6030
     925    1114.5323
     926    1116.2712
     927    1138.8030
     928    1173.7305
     929    1210.4451
     930    1239.7955
     931    1257.0102
     932    1262.9356
     933    1263.0919
     934    1264.7113
     935    1273.0891
     936    1289.2645
     937    1310.0267
     938    1329.5772
     939    1341.7218
     940    1341.8798
     941    1328.4663
     942    1303.3486
     943    1271.3124
     944    1238.7789
     945    1212.2482
     946    1196.9679
     947    1196.0148
     948    1209.5981
     949    1234.6091
     950    1265.2538
     951    1295.0929
     952    1319.1611
     953    1334.7693
     954    1341.0799
     955    1338.4392
     956    1328.0667
     957    1311.8685
     958    1292.0383
     959    1270.5463
     960    1248.8073
     961    1227.6199
     962    1207.2990
     963    1187.8896
     964    1169.3889
     965    1151.9521
     966    1136.0874
     967    1122.8548
     968    1114.0165
     969    1112.0113
     970    1119.6133
     971    1139.1813
     972    1171.5462
     973    1214.8289
     974    1263.8458
     975    1310.7243
     976    1346.7695
     977    1364.9391
     978    1362.0778
     979    1340.1677
     980    1306.1266
     981    1270.0318
     982    1242.1722
     983    1229.7963
     984    1234.6754
     985    1252.4395
     986    1274.0779
     987    1289.1990
     988    1289.9415
     989    1274.1163
     990    1246.3577
     991    1216.7321
     992    1197.1576
     993    1196.8621
     994    1218.5804
     995    1256.9753
     996    1299.9646
     997    1332.5801
     998    1342.0931
     999    1322.6273
    1000    1277.4807
    1001    1218.2319
    1002    1160.7957
    1003    1120.4617
    1004    1107.3906
    1005    1123.7534
    1006    1163.2259
    1007    1213.1448
    1008    1258.7672
    1009    1288.2273
    1010    1296.4466
    1011    1286.5909
    1012    1268.5346
    1013    1254.8675
    1014    1255.8860
    1015    1275.4153
    1016    1309.0418
    1017    1345.4643
    1018    1370.5130
    1019    1372.3696
    1020    1346.0491
    1021    1295.4534
    1022    1232.2395
    1023    1171.9469
    1024    1128.7967
    1025    1110.9771
    1026    1118.0242
    1027    1141.2164
    1028    1166.8970
    1029    1181.5844
    1030    1177.0417
    1031    1153.4301
    1032    1119.3463
    1033    1088.6710
    1034    1075.3556
    1035    1088.0565
    1036    1126.6168
    1037    1181.7310
    1038    1237.9817
    1039    1279.1775
    1040    1294.1017
    1041    1280.6125
    1042    1246.6114
    1043    1207.4686
    1044    1180.7254
    1045    1179.8808
    1046    1209.4521
    1047    1263.1098
    1048    1325.6050
    1049    1377.8287
    1050    1403.2283
    1051    1393.3355
    1052    1350.5252
    1053    1287.0999
    1054    1221.0824
    1055    1170.1942
    1056    1146.0681
    1057    1150.6418
    1058    1175.9369
    1059    1207.2592
    1060    1228.6841
    1061    1228.8781
    1062    1205.2126
    1063    1164.7147
    1064    1121.5665
    1065    1092.0799
    1066    1088.9743
    1067    1116.9902
    1068    1171.3270
    1069    1239.3304
    1070    1304.6927
    1071    1352.6000
    1072    1374.0292
    1073    1367.8000
    1074    1339.8921
    1075    1300.5623
    1076    1260.6253
    1077    1228.3324
    1078    1207.7216
    1079    1198.5403
    1080    1197.3785
    1081    1199.4673
    1082    1200.5341
    1083    1198.0874
    1084    1191.7057
    1085    1182.4464
    1086    1172.1257
    1087    1163.0701
    1088    1158.0909
    1089    1160.0980
    1090    1171.2723
    1091    1192.1441
    1092    1220.9437
    1093    1253.4765
    1094    1283.6887
    1095    1304.9365
    1096    1311.7514
    1097    1301.5978
    1098    1275.9903
    1099    1240.4933
    1100    1203.5176
    1101    1174.1924
    1102    1159.7420
    1103    1162.8846
    1104    1180.3622
    1105    1203.9969
    1106    1224.1734
    1107    1233.7086
    1108    1230.2141
    1109    1216.4149
    1110    1198.8349
    1111    1185.5397
    1112    1183.5375
    1113    1196.4034
    1114    1222.8079
    1115    1256.5391
    1116    1288.1338
    1117    1307.6700
    1118    1307.9163
    1119    1286.9226
    1120    1249.2052
    1121    1204.8715
    1122    1166.5416
    1123    1144.9328
    1124    1145.1050
    1125    1165.1656
    1126    1197.5705
    1127    1231.9935
    1128    1258.7275
    1129    1271.7252
    1130    1270.3846
    1131    1259.4892
    1132    1247.3274
    1133    1242.6820
    1134    1251.7633
    1135    1276.1074
    1136    1312.0621
    1137    1351.9212
    1138    1386.2755
    1139    1406.8183
    1140    1408.7493
    1141    1392.0877
    1142    1361.5610
    1143    1325.1733
    1144    1291.9255
    1145    1269.3461
    1146    1261.5005
    1147    1267.9955
    1148    1284.2148
    1149    1302.6833
    1150    1315.1657
    1151    1314.9463
    1152    1298.7062
    1153    1267.5340
    1154    1226.7847
    1155    1184.7924
    1156    1150.7419
    1157    1132.2372
    1158    1133.2185
    1159    1152.8130
    1160    1185.4816
    1161    1222.4793
    1162    1254.2473
    1163    1273.0705
    1164    1275.2569
    1165    1262.2111
    1166    1240.0380
    1167    1217.6911
    1168    1204.1429
    1169    1205.4155
    1170    1222.4390
    1171    1250.4587
    1172    1280.2616
    1173    1300.9397
    1174    1303.4107
    1175    1283.6055
    1176    1244.2471
    1177    1194.5060
    1178    1147.4980
    1179    1116.3389
    1180    1110.0190
    1181    1130.4636
    1182    1171.7821
    1183    1222.0358
    1184    1267.0487
    1185    1295.0587
    1186    1300.6483
    1187    1286.5499
    1188    1262.6310
    1189    1242.3228
    1190    1237.6857
    1191    1254.8269
    1192    1291.3433
    1193    1336.7856
    1194    1376.0777
    1195    1394.7261
    1196    1383.9691
    1197    1344.0124
    1198    1284.1906
    1199    1220.0346
    1200    1168.2970
    1201    1141.6245
    1202    1144.6529
    1203    1172.8495
    1204    1214.4852
    1205    1254.9767
    1206    1281.9699
    1207    1289.3489
    1208    1278.8247
    1209    1258.6521
    1210    1240.0414
    1211    1232.6276
    1212    1240.6784
    1213    1261.4443
    1214    1286.2648
    1215    1304.0022
    1216    1305.4680
    1217    1287.0207
    1218    1251.8244
    1219    1208.3068
    1220    1166.7797
    1221    1135.9288
    1222    1120.4419
    1223    1120.1916
    1224    1130.9344
    1225    1146.2164
    1226    1159.8316
    1227    1167.9333
    1228    1170.0550
    1229    1168.7416
    1230    1168.0403
    1231    1171.5240
    1232    1180.6426
    1233    1194.0264
    1234    1207.9657
    1235    1217.8319
    1236    1219.8544
    1237    1212.5603
    1238    1197.3266
    1239    1177.8908
    1240    1159.1098
    1241    1145.4665
    1242    1139.8235
    1243    1142.7845
    1244    1152.8139
    1245    1167.0026
    1246    1182.1296
    1247    1195.6314
    1248    1206.1889
    1249    1213.7903
    1250    1219.2356
    1251    1223.2787
    1252    1225.8141
    1253    1225.5558
    1254    1220.4438
    1255    1208.6661
    1256    1189.8577
    1257    1165.9176
    1258    1140.9561
    1259    1120.2069
    1260    1108.2135
    1261    1107.0232
    1262    1115.2537
    1263    1128.5444
    1264    1141.2557
    1265    1148.6977
    1266    1148.9815
    1267    1143.7638
    1268    1137.5859
    1269    1135.9885
    1270    1143.0749
    1271    1159.4313
    1272    1181.2821
    1273    1201.3412
    1274    1211.2067
    1275    1204.5083
    1276    1179.6563
    1277    1141.0893
    1278    1098.4100
    1279    1063.5876
    1280    1047.1569
    1281    1054.7566
    1282    1085.2186
    1283    1130.8789
    1284    1180.0193
    1285    1220.6396
    1286    1244.2964
    1287    1248.6741
    1288    1238.0103
    1289    1221.2391
    1290    1208.5505
    1291    1207.6101
    1292    1220.7798
    1293    1244.2927
    1294    1269.6333
    1295    1286.6020
    1296    1286.9595
    1297    1267.3807
    1298    1230.6979
    1299    1185.0566
    1300    1141.3285
    1301    1109.7085
    1302    1096.6696
    1303    1103.2538
    1304    1125.1531
    1305    1154.4389
    1306    1182.2818
    1307    1201.7370
    1308    1209.6713
    1309    1207.2264
    1310    1198.7890
    1311    1189.9770
    1312    1185.4468
    1313    1187.2815
    1314    1194.4263
    1315    1203.2481
    1316    1208.9347
    1317    1207.2026
    1318    1195.7307
    1319    1174.8905
    1320    1147.6084
    1321    1118.5135
    1322    1092.7207
    1323    1074.6505
    1324    1067.1835
    1325    1071.2782
    1326    1086.0279
    1327    1109.0366
    1328    1136.9652
    1329    1166.0966
    1330    1192.8904
    1331    1214.5536
    1332    1229.5848
    1333    1238.0720
    1334    1241.5492
    1335    1242.4074
    1336    1243.0251
    1337    1244.8906
    1338    1247.9925
    1339    1250.7262
    1340    1250.4202
    1341    1244.3592
    1342    1230.9810
    1343    1210.8190
    1344    1186.8035
    1345    1163.7225
    1346    1146.9208
    1347    1140.6280
    1348    1146.5406
    1349    1163.2543
    1350    1186.7758
    1351    1211.8671
    1352    1233.6803
    1353    1249.1117
    1354    1257.4529
    1355    1260.1802
    1356    1260.0190
    1357    1259.6447
    1358    1260.4849
    1359    1262.0512
    1360    1262.0582
    1361    1257.3248
    1362    1245.1352
    1363    1224.5351
    1364    1197.0503
    1365    1166.5342
    1366    1138.1875
    1367    1117.0861
    1368    1106.7105
    1369    1107.9524
    1370    1118.9235
    1371    1135.6432
    1372    1153.3502
    1373    1167.9501
    1374    1177.0630
    1375    1180.3455
    1376    1179.0564
    1377    1175.1030
    1378    1169.9732
    1379    1164.0077
    1380    1156.3520
    1381    1145.6401
    1382    1131.0713
    1383    1113.3391
    1384    1094.9448
    1385    1079.7361
    1386    1071.8446
    1387    1074.3743
    1388    1088.2517
    1389    1111.7226
    1390    1140.8657
    1391    1170.9792
    1392    1198.1557
    1393    1220.3634
    1394    1237.6366
    1395    1251.3569
    1396    1262.9851
    1397    1272.8239
    1398    1279.3638
    1399    1279.5292
    1400    1269.7807
    1401    1247.6867
    1402    1213.3614
    1403    1170.1638
    1404    1124.2739
    1405    1083.2006
    1406    1053.7234
    1407    1040.0045
    1408    1042.5295
    1409    1058.1977
    1410    1081.4864
    1411    1106.2378
    1412    1127.4524
    1413    1142.5032
    1414    1151.4399
    1415    1156.4099
    1416    1160.4996
    1417    1166.4087
    1418    1175.3593
    1419    1186.5764
    1420    1197.5273
    1421    1204.8423
    1422    1205.5645
    1423    1198.2561
    1424    1183.5811
    1425    1164.1921
    1426    1144.0108
    1427    1127.1966
    1428    1117.1549
    1429    1115.8483
    1430    1123.4873
    1431    1138.5675
    1432    1158.2586
    1433    1179.1362
    1434    1198.0818
    1435    1213.0097
    1436    1223.1591
    1437    1228.9380
    1438    1231.5048
    1439    1232.2861
    1440    1232.5722
    1441    1233.2379
    1442    1234.5697
    1443    1236.1881
    1444    1237.0459
    1445    1235.5687
    1446    1229.9899
    1447    1218.8798
    1448    1201.7712
    1449    1179.6957
    1450    1155.4166
    1451    1133.1699
    1452    1117.8262
    1453    1113.5565
    1454    1122.3205
    1455    1142.6773
    1456    1169.4939
    1457    1194.9650
    1458    1210.8443
    1459    1211.1648
    1460    1194.4064
    1461    1164.2896
    1462    1128.8638
    1463    1098.1399
    1464    1080.9533
    1465    1082.0449
    1466    1100.3316
    1467    1129.0164
    1468    1157.5948
    1469    1175.1832
    1470    1174.1437
    1471    1152.8214
    1472    1116.4048
    1473    1075.4437
    1474    1042.4364
    1475    1027.7229
    1476    1036.1792
    1477    1065.7630
    1478    1108.3002
    1479    1152.2732
    1480    1186.7164
    1481    1204.8700
    1482    1206.2654
    1483    1196.4993
    1484    1184.8113
    1485    1180.3804
    1486    1188.7240
    1487    1209.5661
    1488    1236.9553
    1489    1261.5259
    1490    1273.9773
    1491    1268.4532
    1492    1244.6475
    1493    1207.9711
    1494    1167.7650
    1495    1134.1847
    1496    1114.8148
    1497    1112.2031
    1498    1123.2014
    1499    1140.3453
    1500    1154.7606
    1501    1159.5359
    1502    1152.3041
    1503    1136.0408
    1504    1117.6807
    1505    1105.0532
    1506    1103.5114
    1507    1113.8215
    1508    1132.1086
    1509    1151.5911
    1510    1165.2690
    1511    1168.5797
    1512    1161.0843
    1513    1146.5598
    1514    1131.4535
    1515    1122.3075
    1516    1123.1848
    1517    1134.1214
    1518    1151.1885
    1519    1168.1073
    1520    1178.7437
    1521    1179.5057
    1522    1170.6935
    1523    1156.2720
    1524    1142.1795
    1525    1133.9148
    1526    1134.4321
    1527    1143.1445
    1528    1156.3162
    1529    1168.6067
    1530    1175.1411
    1531    1173.3427
    1532    1163.8726
    1533    1150.3399
    1534    1137.8934
    1535    1131.1891
    1536    1132.4995
    1537    1140.7399
    1538    1151.8878
    1539    1160.6658
    1540    1162.7541
    1541    1156.5759
    1542    1143.9672
    1543    1129.5494
    1544    1119.0519
    1545    1117.1442
    1546    1125.5552
    1547    1142.2317
    1548    1161.9375
    1549    1178.1286
    1550    1185.4154
    1551    1181.6533
    1552    1168.8424
    1553    1152.4535
    1554    1139.4181
    1555    1135.5439
    1556    1143.3442
    1557    1161.0748
    1558    1183.2893
    1559    1202.6560
    1560    1212.4038
    1561    1208.6146
    1562    1191.6344
    1563    1166.0643
    1564    1139.2409
    1565    1118.6950
    1566    1109.5482
    1567    1112.8289
    1568    1125.3217
    1569    1140.9354
    1570    1152.9993
    1571    1156.5863
    1572    1150.0207
    1573    1135.1008
    1574    1116.0877
    1575    1097.9671
    1576    1084.6894
    1577    1078.0301
    1578    1077.4051
    1579    1080.5727
    1580    1084.8238
    1581    1088.1158
    1582    1089.6973
    1583    1090.0582
    1584    1090.3420
    1585    1091.5813
    1586    1094.1507
    1587    1097.7045
    1588    1101.6048
    1589    1105.5902
    1590    1110.3100
    1591    1117.3900
    1592    1128.8905
    1593    1146.3054
    1594    1169.5022
    1595    1196.1022
    1596    1221.6709
    1597    1240.7812
    1598    1248.6521
    1599    1242.7971
    1600    1224.0697
    1601    1196.6659
    1602    1166.9838
    1603    1141.6639
    1604    1125.4520
    1605    1119.6374
    1606    1121.6833
    1607    1126.2210
    1608    1127.0855
    1609    1119.6706
    1610    1102.7895
    1611    1079.3834
    1612    1055.7423
    1613    1039.3764
    1614    1036.2499
    1615    1048.4401
    1616    1073.1557
    1617    1103.4983
    1618    1130.6806
    1619    1146.9142
    1620    1147.9807
    1621    1134.6250
    1622    1112.3041
    1623    1089.3948
    1624    1074.4635
    1625    1073.5262
    1626    1088.2140
    1627    1115.4245
    1628    1148.5131
    1629    1179.5474
    1630    1201.8256
    1631    1211.8299
    1632    1209.9880
    1633    1200.0579
    1634    1187.4303
    1635    1177.0566
    1636    1171.7930
    1637    1171.7092
    1638    1174.4608
    1639    1176.4462
    1640    1174.2560
    1641    1165.9140
    1642    1151.5222
    1643    1133.1538
    1644    1114.1048
    1645    1097.8311
    1646    1086.9851
    1647    1082.8554
    1648    1085.3027
    1649    1093.0802
    1650    1104.3267
    1651    1117.0441
    1652    1129.4435
    1653    1140.1043
    1654    1147.9652
    1655    1152.2376
    1656    1152.3712
    1657    1148.1628
    1658    1139.9837
    1659    1128.9917
    1660    1117.1351
    1661    1106.8334
    1662    1100.3645
    1663    1099.1683
    1664    1103.3558
    1665    1111.6624
    1666    1121.9213
    1667    1131.8796
    1668    1140.0303
    1669    1146.0955
    1670    1150.9769
    1671    1156.1989
    1672    1163.0546
    1673    1171.7718
    1674    1181.0452
    1675    1188.1770
    1676    1189.8342
    1677    1183.1928
    1678    1167.0693
    1679    1142.6183
    1680    1113.2855
    1681    1083.9761
    1682    1059.6791
    1683    1044.0217
    1684    1038.3019
    1685    1041.3551
    1686    1050.2874
    1687    1061.7298
    1688    1073.0736
    1689    1083.1848
    1690    1092.3745
    1691    1101.7331
    1692    1112.2013
    1693    1123.8146
    1694    1135.4565
    1695    1145.2024
    1696    1151.0755
    1697    1151.8651
    1698    1147.6309
    1699    1139.6632
    1700    1129.9181
    1701    1120.1963
    1702    1111.4563
    1703    1103.6004
    1704    1095.8710
    1705    1087.7100
    1706    1079.6800
    1707    1073.9083
    1708    1073.6215
    1709    1081.8170
    1710    1099.7146
    1711    1125.7611
    1712    1155.5438
    1713    1182.5746
    1714    1199.8193
    1715    1201.6946
    1716    1185.9919
    1717    1155.0130
    1718    1115.3841
    1719    1076.4503
    1720    1047.6718
    1721    1035.8337
    1722    1042.9605
    1723    1065.6601
    1724    1096.2280
    1725    1125.2395
    1726    1144.7733
    1727    1151.0661
    1728    1145.5875
    1729    1134.1683
    1730    1124.5748
    1731    1123.4773
    1732    1133.9196
    1733    1154.1651
    1734    1178.2723
    1735    1198.1378
    1736    1206.2590
    1737    1198.2482
    1738    1174.2802
    1739    1139.0236
    1740    1100.1432
    1741    1065.9131
    1742    1042.7406
    1743    1033.3885
    1744    1036.4306
    1745    1047.0829
    1746    1059.1134
    1747    1067.1490
    1748    1068.5378
    1749    1064.1237
    1750    1057.7118
    1751    1054.4478
    1752    1058.7100
    1753    1072.2884
    1754    1093.5351
    1755    1117.8055
    1756    1139.0206
    1757    1151.7777
    1758    1153.2403
    1759    1144.1253
    1760    1128.4480
    1761    1112.1289
    1762    1100.9838
    1763    1098.8242
    1764    1106.3283
    1765    1121.0484
    1766    1138.5047
    1767    1153.9302
    1768    1163.9985
    1769    1167.9018
    1770    1167.3940
    1771    1165.8388
    1772    1166.6762
    1773    1171.9140
    1774    1181.1998
    1775    1191.7642
    1776    1199.2102
    1777    1198.8703
    1778    1187.3009
    1779    1163.4439
    1780    1129.0870
    1781    1088.4631
    1782    1047.1265
    1783    1010.4971
    1784     982.5604
    1785     965.1384
    1786     957.9047
    1787     959.0435
    1788     966.2387
    1789     977.5993
    1790     992.2147
    1791    1010.1830
    1792    1032.1707
    1793    1058.7196
    1794    1089.5869
    1795    1123.3648
    1796    1157.5286
    1797    1188.8915
    1798    1214.3026
    1799    1231.3363
    1800    1238.7662
    1801    1236.7284
    1802    1226.6030
    1803    1210.6884
    1804    1191.7496
    1805    1172.4859
    1806    1154.9798
    1807    1140.2951
    1808    1128.4674
    1809    1118.9693
    1810    1111.3791
    1811    1105.8623
    1812    1103.2449
    1813    1104.6855
    1814    1111.1131
    1815    1122.6866
    1816    1138.5396
    1817    1156.9294
    1818    1175.7192
    1819    1192.9756
    1820    1207.4281
    1821    1218.6138
    1822    1226.6622
    1823    1231.8323
    1824    1234.0210
    1825    1232.5089
    1826    1226.1188
    1827    1213.7771
    1828    1195.2503
    1829    1171.6875
    1830    1145.6722
    1831    1120.7005
    1832    1100.2444
    1833    1086.7151
    1834    1080.6891
    1835    1080.7218
    1836    1083.9213
    1837    1087.1017
    1838    1088.0367
    1839    1086.2615
    1840    1083.1004
    1841    1080.9342
    1842    1082.0667
    1843    1087.6918
    1844    1097.3346
    1845    1108.9122
    1846    1119.3375
    1847    1125.4619
    1848    1125.0541
    1849    1117.5018
    1850    1104.0204
    1851    1087.3405
    1852    1070.9665
    1853    1058.1883
    1854    1051.1221
    1855    1050.1730
    1856    1054.2192
    1857    1061.4055
    1858    1070.0625
    1859    1079.2684
    1860    1088.8726
    1861    1099.1015
    1862    1110.0347
    1863    1121.2373
    1864    1131.7131
    1865    1140.1999
    1866    1145.6726
    1867    1147.8267
    1868    1147.2614
    1869    1145.2046
    1870    1142.9075
    1871    1141.1001
    1872    1139.8009
    1873    1138.4699
    1874    1136.3304
    1875    1132.7202
    1876    1127.3795
    1877    1120.6018
    1878    1113.1649
    1879    1106.0309
    1880    1099.9089
    1881    1094.9517
    1882    1090.8198
    1883    1087.0700
    1884    1083.5665
    1885    1080.6573
    1886    1079.0522
    1887    1079.5249
    1888    1082.6294
    1889    1088.5358
    1890    1097.0089
    1891    1107.4786
    1892    1119.1580
    1893    1131.1801
    1894    1142.7152
    1895    1153.0381
    1896    1161.5394
    1897    1167.7074
    1898    1171.1184
    1899    1171.4655
    1900    1168.6270
    1901    1162.7258
    1902    1154.1315
    1903    1143.3815
    1904    1131.0507
    1905    1117.6056
    1906    1103.3011
    1907    1088.1893
    1908    1072.3071
    1909    1056.0060
    1910    1040.2631
    1911    1026.7791
    1912    1017.7511
    1913    1015.3472
    1914    1021.0289
    1915    1034.9353
    1916    1055.5581
    1917    1079.8590
    1918    1103.8316
    1919    1123.3578
    1920    1135.1402
    1921    1137.5221
    1922    1130.9709
    1923    1117.9741
    1924    1102.2800
    1925    1087.7583
    1926    1077.2976
    1927    1072.0589
    1928    1071.2574
    1929    1072.5284
    1930    1072.7824
    1931    1069.3110
    1932    1060.7967
    1933    1047.8987
    1934    1033.2199
    1935    1020.6463
    1936    1014.2465
    1937    1017.0278
    1938    1029.8915
    1939    1051.1510
    1940    1076.8932
    1941    1102.1828
    1942    1122.6448
    1943    1135.7194
    1944    1141.0867
    1945    1140.2424
    1946    1135.6565
    1947    1129.9751
    1948    1125.4627
    1949    1123.6138
    1950    1124.8709
    1951    1128.5474
    1952    1133.0799
    1953    1136.5504
    1954    1137.2011
    1955    1133.7594
    1956    1125.5885
    1957    1112.7618
    1958    1096.1076
    1959    1077.1858
    1960    1058.1236
    1961    1041.2868
    1962    1028.8458
    1963    1022.3422
    1964    1022.3619
    1965    1028.3874
    1966    1038.8722
    1967    1051.5552
    1968    1063.9747
    1969    1074.0874
    1970    1080.8346
    1971    1084.4492
    1972    1086.3175
    1973    1088.3664
    1974    1092.1637
    1975    1098.0860
    1976    1104.9130
    1977    1110.0655
    1978    1110.4736
    1979    1103.8147
    1980    1089.6870
    1981    1070.2253
    1982    1049.8619
    1983    1034.2489
    1984    1028.7243
    1985    1036.8222
    1986    1059.2417
    1987    1093.4554
    1988    1134.0322
    1989    1173.7082
    1990    1205.1586
    1991    1223.0315
    1992    1225.4576
    1993    1214.3823
    1994    1194.6164
    1995    1172.0315
    1996    1151.5859
    1997    1135.8614
    1998    1124.5532
    1999    1115.0135
    2000    1103.6019
