#Frame              T
       1    1023.7406
       2    1126.5799
       3    1084.1770
       4    1053.7767
       5    1030.1693
       6     984.2323
       7    1008.0006
       8     939.9503
       9     901.2519
      10     993.8009
      11     959.4692
      12     948.6963
      13    1004.7951
      14     989.3966
      15    1023.3045
      16     984.8312
      17     933.2600
      18    1005.8866
      19     998.5229
      20     935.0826
      21     920.9631
      22     894.3525
      23     865.5224
      24     839.6355
      25     923.9194
      26     858.7649
      27     829.1053
      28     987.4064
      29     916.5804
      30     853.4740
      31     830.6152
      32     885.8544
      33     812.8060
      34     757.2355
      35     869.8096
      36     777.7816
      37     816.1273
      38     860.9476
      39     870.1789
      40     822.1955
      41     961.4181
      42     794.3448
      43     808.1341
      44     711.9527
      45     784.1179
      46     688.3720
      47     810.8270
      48     767.7689
      49     739.1750
      50     785.1753
      51     683.5606
      52     778.1059
      53     727.3892
      54     742.3452
      55     772.7058
      56     701.8436
      57     751.5211
      58     729.3992
      59     699.2159
      60     694.6234
      61     678.7878
      62     697.9082
      63     686.0612
      64     698.8290
      65     664.6832
      66     691.1103
      67     707.4000
      68     671.1252
      69     693.1490
      70     700.4523
      71     635.9949
      72     729.5533
      73     695.9841
      74     660.3341
      75     663.4167
      76     612.9745
      77     667.3622
      78     625.0357
      79     663.3154
      80     622.0461
      81     594.9840
      82     647.0425
      83     613.3134
      84     659.7208
      85     649.2188
      86     607.2342
      87     614.9407
      88     629.9221
      89     634.5656
      90     640.1636
      91     586.0003
      92     592.1021
      93     557.0203
      94     617.1856
      95     639.0481
      96     627.0688
      97     629.5740
      98     642.4071
      99     577.7199
     100     539.1737
     101     564.9287
     102     526.4541
     103     632.3106
     104     575.2160
     105     569.2541
     106     573.9587
     107     506.1139
     108     582.5330
     109     563.7722
     110     556.8450
     111     525.1065
     112     596.1804
     113     540.8595
     114     603.0816
     115     530.6058
     116     495.5634
     117     539.9019
     118     599.0855
     119     528.5011
     120     530.2552
     121     523.4488
     122     529.2150
     123     558.6822
     124     518.6695
     125     560.7203
     126     526.0889
     127     542.6759
     128     520.8117
     129     522.7573
     130     482.7030
     131     484.6256
     132     450.9742
     133     517.0566
     134     491.0963
     135     514.4731
     136     475.7041
     137     473.7028
     138     466.9916
     139     471.9517
     140     509.7474
     141     539.3747
     142     527.2940
     143     514.0789
     144     476.1577
     145     447.6454
     146     452.4177
     147     446.3227
     148     433.0175
     149     506.8340
     150     480.7599
     151     500.3409
     152     484.5367
     153     481.7321
     154     473.9870
     155     466.0920
     156     517.8672
     157     495.6584
     158     465.7336
     159     434.8500
     160     456.7391
     161     450.9127
     162     478.0329
     163     450.2777
     164     465.2252
     165     433.3522
     166     450.0942
     167     467.0783
     168     457.3514
     169     466.1963
     170     448.6413
     171     432.6512
     172     431.5047
     173     457.7894
     174     460.6244
     175     439.9625
     176     424.9439
     177     422.3603
     178     416.2398
     179     427.4685
     180     408.7931
     181     417.5922
     182     414.9044
     183     405.0244
     184     421.1449
     185     412.3558
     186     431.2857
     187     419.0577
     188     421.7524
     189     428.5780
     190     439.9099
     191     414.1915
     192     405.1179
     193     445.1539
     194     415.1819
     195     447.6344
     196     453.4966
     197     444.9920
     198     493.1578
     199     433.7194
     200     380.1384
     201     394.7729
     202     404.6204
     203     419.7970
     204     444.1560
     205     440.5811
     206     442.6115
     207     412.9260
     208     423.5239
     209     423.4995
     210     429.1134
     211     387.0499
     212     440.7642
     213     422.5556
     214     406.3423
     215     427.6467
     216     430.7522
     217     407.7633
     218     416.6634
     219     412.1983
     220     370.0025
     221     384.7927
     222     428.8300
     223     401.4042
     224     436.1674
     225     412.1398
     226     438.6707
     227     418.9459
     228     419.4399
     229     380.0289
     230     402.0793
     231     380.3328
     232     422.2520
     233     413.1685
     234     404.8629
     235     398.0259
     236     422.8022
     237     402.3055
     238     381.4352
     239     426.7685
     240     422.4529
     241     434.0221
     242     454.4910
     243     372.8248
     244     403.1702
     245     389.1656
     246     384.2081
     247     410.5522
     248     346.4682
     249     362.5526
     250     375.6321
     251     353.6746
     252     385.4950
     253     427.6971
     254     387.2279
     255     362.7003
     256     376.5240
     257     377.6487
     258     393.9844
     259     379.6072
     260     367.6620
     261     363.5537
     262     357.7539
     263     341.9214
     264     386.5650
     265     347.9518
     266     402.9109
     267     400.7026
     268     386.3122
     269     355.8454
     270     370.4952
     271     398.6990
     272     370.0627
     273     373.1698
     274     383.3272
     275     409.7390
     276     395.6839
     277     353.0358
     278     370.1704
     279     384.3966
     280     375.0198
     281     377.3772
     282     360.9122
     283     362.1716
     284     375.3980
     285     374.3289
     286     386.0017
     287     319.1936
     288     365.5395
     289     369.1968
     290     384.0956
     291     356.9843
     292     365.9058
     293     353.6897
     294     404.5738
     295     361.6866
     296     392.2749
     297     385.3293
     298     405.5021
     299     417.8317
     300     404.9772
     301     413.1498
     302     401.6302
     303     367.4728
     304     379.6244
     305     386.7243
     306     389.3408
     307     406.2658
     308     369.0094
     309     375.2164
     310     388.2458
     311     356.6306
     312     378.3940
     313     388.4109
     314     383.4100
     315     396.1568
     316     346.3163
     317     364.6113
     318     374.4282
     319     372.7057
     320     358.2006
     321     361.5101
     322     364.4402
     323     376.8779
     324     365.6067
     325     358.1806
     326     352.3667
     327     342.1457
     328     366.7223
     329     364.9106
     330     338.6263
     331     379.3336
     332     373.0851
     333     360.9947
     334     367.8383
     335     368.6800
     336     381.0139
     337     379.3178
     338     366.9493
     339     357.5998
     340     391.4011
     341     373.1977
     342     374.1642
     343     396.4331
     344     375.7602
     345     353.4085
     346     353.0495
     347     347.8562
     348     355.1054
     349     384.5439
     350     331.1571
     351     372.4539
     352     331.3565
     353     358.1866
     354     337.2917
     355     368.6057
     356     357.6624
     357     378.6305
     358     369.0924
     359     341.1531
     360     380.5766
     361     377.3015
     362     359.8591
     363     355.4229
     364     354.8400
     365     339.1407
     366     403.4698
     367     347.6519
     368     377.8190
     369     349.5246
     370     328.8109
     371     351.8687
     372     349.2208
     373     350.4631
     374     371.8650
     375     338.3115
     376     365.7352
     377     350.6787
     378     321.4524
     379     339.5379
     380     351.1806
     381     346.3585
     382     335.8783
     383     330.7826
     384     358.9951
     385     350.4544
     386     371.3345
     387     358.4648
     388     303.7268
     389     358.2015
     390     356.1833
     391     359.0603
     392     331.9633
     393     360.1840
     394     346.6654
     395     354.7849
     396     359.2891
     397     361.8304
     398     380.1287
     399     343.7050
     400     346.4597
