#Frame              T
       1    2988.7448
       2    2889.5186
       3    2720.9440
       4    2512.7515
       5    2297.9558
       6    2104.6960
       7    1950.1499
       8    1838.1883
       9    1761.2013
      10    1705.2077
      11    1656.3601
      12    1606.6243
      13    1556.7614
      14    1515.7290
      15    1496.8314
      16    1512.0424
      17    1566.5420
      18    1655.3946
      19    1763.5530
      20    1869.2406
      21    1949.6286
      22    1987.0441
      23    1973.7870
      24    1914.1149
      25    1822.8154
      26    1720.8534
      27    1629.5212
      28    1564.9707
      29    1534.7607
      30    1537.2452
      31    1563.6478
      32    1601.8801
      33    1640.7335
      34    1673.1138
      35    1697.3828
      36    1716.5696
      37    1735.9775
      38    1760.2427
      39    1790.9619
      40    1825.6667
      41    1858.3622
      42    1881.3164
      43    1887.4393
      44    1872.4813
      45    1836.4199
      46    1783.6803
      47    1722.1886
      48    1661.5500
      49    1610.8461
      50    1576.5800
      51    1561.2749
      52    1563.0874
      53    1576.5611
      54    1594.3007
      55    1609.0486
      56    1615.5197
      57    1611.5268
      58    1598.1587
      59    1579.0831
      60    1559.2486
      61    1543.3973
      62    1534.8107
      63    1534.6154
      64    1541.7744
      65    1553.6822
      66    1567.1114
      67    1579.2046
      68    1588.2465
      69    1594.0284
      70    1597.7292
      71    1601.3271
      72    1606.7380
      73    1614.9516
      74    1625.4242
      75    1635.8762
      76    1642.5963
      77    1641.2637
      78    1628.1479
      79    1601.3810
      80    1561.9135
      81    1513.7874
      82    1463.5230
      83    1418.7154
      84    1386.2078
      85    1370.4349
      86    1372.4934
      87    1390.2278
      88    1419.2318
      89    1454.3498
      90    1491.1382
      91    1526.8253
      92    1560.4804
      93    1592.3939
      94    1622.9397
      95    1651.4188
      96    1675.4549
      97    1691.3027
      98    1695.0338
      99    1684.1205
     100    1658.7444
     101    1622.2824
     102    1580.7504
     103    1541.3511
     104    1510.5920
     105    1492.6116
     106    1488.2629
     107    1495.2316
     108    1509.0732
     109    1524.7550
     110    1538.1554
     111    1547.0305
     112    1551.2031
     113    1552.0328
     114    1551.4894
     115    1551.2376
     116    1552.0316
     117    1553.5473
     118    1554.6184
     119    1553.7722
     120    1549.8588
     121    1542.5403
     122    1532.4589
     123    1521.0431
     124    1510.0537
     125    1501.0576
     126    1495.0177
     127    1492.1354
     128    1491.9641
     129    1493.7144
     130    1496.5910
     131    1500.0095
     132    1503.6014
     133    1507.0394
     134    1509.8047
     135    1511.0612
     136    1509.7379
     137    1504.8094
     138    1495.6616
     139    1482.4101
     140    1466.0573
     141    1448.4433
     142    1431.9630
     143    1419.0943
     144    1411.8617
     145    1411.3983
     146    1417.7196
     147    1429.7370
     148    1445.4661
     149    1462.3649
     150    1477.7445
     151    1489.2236
     152    1495.1889
     153    1495.2036
     154    1490.2647
     155    1482.7722
     156    1476.0861
     157    1473.6525
     158    1477.8787
     159    1489.1315
     160    1505.3045
     161    1522.2673
     162    1535.1807
     163    1540.2487
     164    1536.2442
     165    1525.1881
     166    1511.8747
     167    1502.3473
     168    1501.7996
     169    1512.5988
     170    1533.1121
     171    1557.8208
     172    1578.8766
     173    1588.7310
     174    1582.8916
     175    1561.6531
     176    1530.0819
     177    1496.3471
     178    1469.1245
     179    1454.9842
     180    1456.4889
     181    1471.4724
     182    1493.7069
     183    1514.8027
     184    1526.7821
     185    1524.5396
     186    1507.4196
     187    1479.4192
     188    1447.9722
     189    1421.7044
     190    1407.9054
     191    1410.5043
     192    1429.1444
     193    1459.5474
     194    1494.9723
     195    1528.2955
     196    1554.0983
     197    1570.0468
     198    1577.0501
     199    1578.1566
     200    1576.7151
     201    1574.6267
     202    1571.4379
     203    1564.6138
     204    1550.8500
     205    1527.8557
     206    1495.8776
     207    1458.3295
     208    1421.2434
     209    1391.7112
     210    1375.8373
     211    1376.9146
     212    1394.4662
     213    1424.5145
     214    1460.9802
     215    1497.6352
     216    1529.8486
     217    1555.5511
     218    1575.1871
     219    1590.8012
     220    1604.6868
     221    1618.1273
     222    1630.6582
     223    1640.0611
     224    1643.0652
     225    1636.5147
     226    1618.6301
     227    1589.9399
     228    1553.5500
     229    1514.6127
     230    1479.1375
     231    1452.5650
     232    1438.6078
     233    1438.6484
     234    1451.6922
     235    1474.7256
     236    1503.3287
     237    1532.4238
     238    1557.0695
     239    1573.2298
     240    1578.4374
     241    1572.2618
     242    1556.4399
     243    1534.5689
     244    1511.3319
     245    1491.3484
     246    1477.9334
     247    1472.2104
     248    1473.0261
     249    1477.7263
     250    1483.2350
     251    1486.7821
     252    1486.5665
     253    1482.8269
     254    1478.3441
     255    1477.2266
     256    1482.5323
     257    1494.2402
     258    1508.5990
     259    1519.0269
     260    1518.1973
     261    1500.6367
     262    1465.0054
     263    1415.2501
     264    1360.1641
     265    1311.3597
     266    1280.1678
     267    1274.3796
     268    1295.8989
     269    1340.1312
     270    1397.3553
     271    1455.6287
     272    1504.2596
     273    1536.7170
     274    1552.0625
     275    1554.4631
     276    1550.9971
     277    1548.6168
     278    1551.4397
     279    1559.2960
     280    1567.8966
     281    1570.4306
     282    1560.0676
     283    1532.5712
     284    1488.1938
     285    1432.2015
     286    1373.7889
     287    1323.7059
     288    1291.3685
     289    1282.3998
     290    1297.3648
     291    1332.0214
     292    1378.8749
     293    1429.4340
     294    1476.4100
     295    1515.2365
     296    1544.5608
     297    1565.7226
     298    1581.5022
     299    1594.6150
     300    1606.4711
     301    1616.5869
     302    1622.7731
     303    1621.9384
     304    1611.1907
     305    1588.8993
     306    1555.4381
     307    1513.4265
     308    1467.4055
     309    1423.0181
     310    1385.8981
     311    1360.5418
     312    1349.4385
     313    1352.6462
     314    1367.8879
     315    1391.1166
     316    1417.4084
     317    1441.9932
     318    1461.2050
     319    1473.1180
     320    1477.7241
     321    1476.6146
     322    1472.2712
     323    1467.1899
     324    1463.1023
     325    1460.5194
     326    1458.7233
     327    1456.2114
     328    1451.4515
     329    1443.7101
     330    1433.6143
     331    1423.1794
     332    1415.1856
     333    1412.0905
     334    1414.9236
     335    1422.6739
     336    1432.4211
     337    1440.1272
     338    1441.7973
     339    1434.6816
     340    1418.2158
     341    1394.4468
     342    1367.7302
     343    1343.6325
     344    1327.3031
     345    1321.9501
     346    1328.0356
     347    1343.3686
     348    1363.9424
     349    1385.2596
     350    1403.7737
     351    1417.9606
     352    1428.6224
     353    1438.3083
     354    1450.0585
     355    1465.9130
     356    1485.7280
     357    1506.7459
     358    1524.1451
     359    1532.4338
     360    1527.2506
     361    1506.9581
     362    1473.4741
     363    1432.0371
     364    1389.9562
     365    1354.7397
     366    1332.1777
     367    1324.9492
     368    1332.1390
     369    1349.8122
     370    1372.4893
     371    1395.0608
     372    1414.4553
     373    1430.4634
     374    1445.4581
     375    1463.1749
     376    1487.0005
     377    1518.3264
     378    1555.4997
     379    1593.7457
     380    1626.1592
     381    1645.4974
     382    1646.2306
     383    1626.2005
     384    1587.3811
     385    1535.5555
     386    1479.0422
     387    1426.8335
     388    1386.6099
     389    1363.0984
     390    1357.1762
     391    1365.9559
     392    1383.8129
     393    1404.0341
     394    1420.6145
     395    1429.7273
     396    1430.5242
     397    1425.0939
     398    1417.5973
     399    1412.8125
     400    1414.5050
     401    1424.1172
     402    1440.1961
     403    1458.7451
     404    1474.3696
     405    1481.8478
     406    1477.7232
     407    1461.5664
     408    1436.5432
     409    1408.9299
     410    1386.5177
     411    1376.3641
     412    1382.6631
     413    1405.4663
     414    1440.6317
     415    1480.9584
     416    1518.1008
     417    1544.6966
     418    1556.0892
     419    1551.1991
     420    1532.3446
     421    1504.1369
     422    1471.8722
     423    1440.0063
     424    1411.2028
     425    1386.1629
     426    1364.1342
     427    1343.7921
     428    1324.1280
     429    1305.1045
     430    1287.9765
     431    1275.2334
     432    1270.1053
     433    1275.6666
     434    1293.7879
     435    1324.3495
     436    1365.0581
     437    1411.9119
     438    1460.0795
     439    1504.8560
     440    1542.4170
     441    1570.2353
     442    1587.1419
     443    1593.1269
     444    1589.0046
     445    1576.0832
     446    1555.9356
     447    1530.3217
     448    1501.2301
     449    1470.9304
     450    1441.9001
     451    1416.5463
     452    1396.7784
     453    1383.5842
     454    1376.7807
     455    1375.0676
     456    1376.3884
     457    1378.5391
     458    1379.8740
     459    1379.8681
     460    1379.2705
     461    1379.7330
     462    1383.0731
     463    1390.4433
     464    1401.6207
     465    1414.5876
     466    1425.6398
     467    1430.2100
     468    1424.3057
     469    1406.1274
     470    1377.2571
     471    1342.8763
     472    1310.7627
     473    1289.2346
     474    1284.6318
     475    1299.1883
     476    1330.0787
     477    1370.0189
     478    1409.2759
     479    1438.5086
     480    1451.6045
     481    1447.6208
     482    1431.1596
     483    1410.8575
     484    1396.2945
     485    1394.3560
     486    1406.5678
     487    1428.5546
     488    1451.7397
     489    1466.4556
     490    1465.2554
     491    1445.3375
     492    1409.4115
     493    1364.8603
     494    1321.5597
     495    1289.0697
     496    1274.0510
     497    1278.5977
     498    1299.8644
     499    1331.0331
     500    1363.3815
     501    1388.8966
     502    1402.6289
     503    1404.0084
     504    1396.7282
     505    1387.3250
     506    1382.9426
     507    1388.9209
     508    1406.9209
     509    1434.2644
     510    1464.7430
     511    1490.5781
     512    1504.8109
     513    1503.3541
     514    1486.1048
     515    1456.8415
     516    1422.0082
     517    1388.7831
     518    1362.9924
     519    1347.5014
     520    1341.7377
     521    1342.5822
     522    1346.1280
     523    1349.3510
     524    1350.9917
     525    1351.5319
     526    1352.5434
     527    1355.7821
     528    1362.3648
     529    1372.2846
     530    1384.3879
     531    1396.7967
     532    1407.5874
     533    1415.4180
     534    1419.8187
     535    1421.0612
     536    1419.7517
     537    1416.4320
     538    1411.4038
     539    1404.8682
     540    1397.2740
     541    1389.6632
     542    1383.7736
     543    1381.7569
     544    1385.5136
     545    1395.8520
     546    1411.8436
     547    1430.7964
     548    1449.0394
     549    1463.2333
     550    1471.5787
     551    1474.3019
     552    1473.2193
     553    1470.6218
     554    1467.9952
     555    1465.1619
     556    1460.2515
     557    1450.5237
     558    1433.6685
     559    1409.0546
     560    1378.4488
     561    1345.8958
     562    1316.7106
     563    1295.8869
     564    1286.5221
     565    1288.8727
     566    1300.4215
     567    1316.9603
     568    1334.3108
     569    1350.0452
     570    1364.4606
     571    1380.2359
     572    1400.7485
     573    1427.7524
     574    1459.5205
     575    1490.3972
     576    1512.0870
     577    1516.3084
     578    1497.8678
     579    1456.9975
     580    1400.0171
     581    1337.9638
     582    1283.5494
     583    1247.4034
     584    1234.8384
     585    1244.2681
     586    1267.8956
     587    1294.5044
     588    1313.3912
     589    1318.0176
     590    1308.1083
     591    1289.5746
     592    1272.4050
     593    1267.1870
     594    1281.2750
     595    1315.8325
     596    1364.8358
     597    1416.5371
     598    1457.0197
     599    1474.6987
     600    1464.2314
     601    1428.4456
     602    1377.5877
     603    1326.1517
     604    1288.3748
     605    1273.9093
     606    1285.0716
     607    1316.5136
     608    1357.3335
     609    1394.8322
     610    1418.6084
     611    1423.6386
     612    1411.4284
     613    1389.0109
     614    1366.2622
     615    1352.5131
     616    1353.5968
     617    1370.2453
     618    1398.2023
     619    1429.8148
     620    1456.4414
     621    1470.8642
     622    1469.0508
     623    1450.9747
     624    1420.4629
     625    1384.1820
     626    1349.9759
     627    1324.9682
     628    1313.9342
     629    1318.3567
     630    1336.2986
     631    1362.9697
     632    1391.7847
     633    1415.7960
     634    1429.3767
     635    1429.7616
     636    1417.9109
     637    1398.3224
     638    1377.7667
     639    1363.2441
     640    1359.7065
     641    1368.2228
     642    1385.2176
     643    1403.1488
     644    1412.5511
     645    1404.9784
     646    1376.0934
     647    1327.9980
     648    1269.8258
     649    1215.7416
     650    1180.4419
     651    1174.0185
     652    1198.6250
     653    1247.7667
     654    1307.8725
     655    1361.8763
     656    1394.2554
     657    1396.2235
     658    1369.1538
     659    1324.2916
     660    1278.3541
     661    1247.5185
     662    1242.8979
     663    1267.8873
     664    1316.8727
     665    1376.1288
     666    1427.6705
     667    1455.1058
     668    1449.2631
     669    1411.4407
     670    1353.1526
     671    1292.4927
     672    1248.3439
     673    1234.3083
     674    1254.3414
     675    1301.5649
     676    1360.6790
     677    1413.1535
     678    1443.3775
     679    1443.6706
     680    1416.5227
     681    1373.3787
     682    1330.4410
     683    1302.9512
     684    1299.9442
     685    1321.2906
     686    1358.0216
     687    1395.7432
     688    1419.8502
     689    1420.6445
     690    1396.5756
     691    1354.5380
     692    1307.2235
     693    1268.5829
     694    1249.0474
     695    1252.1979
     696    1273.9633
     697    1304.5017
     698    1331.9805
     699    1346.8909
     700    1345.3583
     701    1330.2098
     702    1309.3620
     703    1292.3649
     704    1286.8653
     705    1296.3797
     706    1319.6980
     707    1351.7083
     708    1385.2598
     709    1413.4286
     710    1431.4115
     711    1437.4797
     712    1432.8601
     713    1420.7993
     714    1405.2841
     715    1389.8939
     716    1377.1029
     717    1368.1684
     718    1363.4919
     719    1363.0385
     720    1366.2843
     721    1371.6969
     722    1376.6875
     723    1378.6937
     724    1376.6350
     725    1371.6490
     726    1366.8207
     727    1366.0813
     728    1372.5598
     729    1386.9976
     730    1407.0842
     731    1428.0170
     732    1443.8300
     733    1448.8919
     734    1439.2738
     735    1413.8279
     736    1374.7490
     737    1327.3730
     738    1279.1030
     739    1237.6411
     740    1209.0120
     741    1195.9875
     742    1197.4182
     743    1208.6891
     744    1223.2564
     745    1234.9942
     746    1240.6554
     747    1241.3267
     748    1242.0044
     749    1249.3220
     750    1268.3785
     751    1300.0125
     752    1339.6925
     753    1378.5432
     754    1406.1873
     755    1414.3715
     756    1400.0301
     757    1366.6328
     758    1323.2637
     759    1281.6671
     760    1252.2844
     761    1240.7783
     762    1246.3913
     763    1262.7203
     764    1280.4958
     765    1291.2402
     766    1290.4717
     767    1279.3305
     768    1264.0673
     769    1253.6080
     770    1256.0787
     771    1275.5563
     772    1310.1927
     773    1352.3791
     774    1390.9663
     775    1414.8704
     776    1416.8344
     777    1395.9455
     778    1357.9586
     779    1313.3098
     780    1273.6106
     781    1247.9923
     782    1240.6065
     783    1249.9768
     784    1270.1728
     785    1293.2393
     786    1311.9816
     787    1322.1746
     788    1323.5162
     789    1319.1341
     790    1313.9789
     791    1312.7612
     792    1318.1662
     793    1329.8783
     794    1344.6624
     795    1357.4020
     796    1362.7371
     797    1356.7661
     798    1338.2834
     799    1309.1852
     800    1273.9595
     801    1238.4611
     802    1208.3969
     803    1188.0024
     804    1179.2845
     805    1181.9768
     806    1194.0745
     807    1212.6168
     808    1234.4016
     809    1256.4861
     810    1276.5055
     811    1292.8673
     812    1304.8141
     813    1312.3136
     814    1315.7922
     815    1315.7914
     816    1312.6698
     817    1306.4556
     818    1296.8855
     819    1283.5868
     820    1266.3284
     821    1245.2796
     822    1221.2600
     823    1195.9648
     824    1172.0742
     825    1153.0835
     826    1142.7138
     827    1143.9446
     828    1157.9342
     829    1183.2476
     830    1215.8105
     831    1249.7869
     832    1279.2189
     833    1299.9085
     834    1310.8327
     835    1314.4897
     836    1315.9406
     837    1320.8032
     838    1332.9029
     839    1352.4748
     840    1375.6669
     841    1395.6398
     842    1404.9622
     843    1398.4789
     844    1375.5860
     845    1341.0152
     846    1303.7562
     847    1274.4128
     848    1261.8501
     849    1270.2465
     850    1297.5741
     851    1336.0701
     852    1374.5963
     853    1402.1433
     854    1411.3309
     855    1400.7293
     856    1375.2186
     857    1344.2453
     858    1318.5491
     859    1306.4549
     860    1310.9987
     861    1328.9051
     862    1351.8073
     863    1369.2972
     864    1372.7163
     865    1358.3357
     866    1328.7930
     867    1292.2823
     868    1259.7937
     869    1241.3646
     870    1242.6421
     871    1262.9327
     872    1295.4176
     873    1329.4591
     874    1354.2012
     875    1362.2143
     876    1351.9168
     877    1327.9325
     878    1299.2691
     879    1275.9740
     880    1265.4755
     881    1269.9497
     882    1285.6726
     883    1304.5675
     884    1317.3398
     885    1317.0095
     886    1301.5280
     887    1274.5420
     888    1244.0699
     889    1219.6332
     890    1208.9295
     891    1215.2650
     892    1236.6380
     893    1266.6875
     894    1297.0450
     895    1320.1738
     896    1331.7244
     897    1331.6424
     898    1323.7398
     899    1313.9627
     900    1308.0462
     901    1309.4210
     902    1318.1229
     903    1331.0510
     904    1343.3857
     905    1350.5788
     906    1350.1491
     907    1342.6143
     908    1331.1972
     909    1320.4305
     910    1314.2392
     911    1314.3223
     912    1319.4975
     913    1326.2038
     914    1329.9129
     915    1326.9180
     916    1315.8644
     917    1298.4207
     918    1278.7988
     919    1262.2822
     920    1253.3307
     921    1254.0019
     922    1263.2944
     923    1277.6369
     924    1292.2695
     925    1302.9114
     926    1307.0615
     927    1304.5150
     928    1297.0071
     929    1287.2489
     930    1277.8200
     931    1270.3946
     932    1265.5537
     933    1263.1319
     934    1262.7952
     935    1264.5245
     936    1268.7821
     937    1276.3033
     938    1287.5948
     939    1302.3340
     940    1318.9593
     941    1334.8228
     942    1347.0848
     943    1354.0246
     944    1355.9969
     945    1355.4003
     946    1355.6083
     947    1359.3432
     948    1367.2092
     949    1377.0302
     950    1384.3570
     951    1384.0818
     952    1372.6115
     953    1349.7052
     954    1319.1187
     955    1287.6796
     956    1263.0467
     957    1250.9167
     958    1252.6877
     959    1264.5740
     960    1278.7790
     961    1286.5362
     962    1281.8727
     963    1264.4731
     964    1240.3509
     965    1219.9548
     966    1214.3526
     967    1230.8843
     968    1269.9130
     969    1323.9567
     970    1379.6657
     971    1422.0580
     972    1439.5310
     973    1427.8203
     974    1391.4492
     975    1342.1396
     976    1294.7258
     977    1262.0189
     978    1250.4436
     979    1258.0084
     980    1275.3288
     981    1289.3340
     982    1288.3132
     983    1266.4847
     984    1226.4144
     985    1178.3858
     986    1136.9428
     987    1115.8839
     988    1123.5206
     989    1159.8470
     990    1216.5151
     991    1279.5105
     992    1333.5344
     993    1366.6085
     994    1373.4443
     995    1356.5760
     996    1325.0232
     997    1291.0294
     998    1266.0152
     999    1257.0757
    1000    1265.0912
    1001    1285.1458
    1002    1308.5392
    1003    1326.1648
    1004    1331.5844
    1005    1322.9326
    1006    1303.1000
    1007    1278.3527
    1008    1256.0731
    1009    1242.4779
    1010    1241.0341
    1011    1251.9082
    1012    1272.4073
    1013    1298.0990
    1014    1324.1721
    1015    1346.6051
    1016    1362.8297
    1017    1371.8037
    1018    1373.6418
    1019    1369.1249
    1020    1359.3895
    1021    1345.9046
    1022    1330.5893
    1023    1315.8156
    1024    1304.1213
    1025    1297.5957
    1026    1297.0660
    1027    1301.3938
    1028    1307.3030
    1029    1310.0649
    1030    1304.9897
    1031    1289.2193
    1032    1263.0834
    1033    1230.4396
    1034    1197.7988
    1035    1172.4566
    1036    1160.1895
    1037    1163.2859
    1038    1179.6784
    1039    1203.5997
    1040    1227.5643
    1041    1244.9234
    1042    1252.0435
    1043    1249.3744
    1044    1241.1082
    1045    1233.5954
    1046    1233.0711
    1047    1243.4502
    1048    1264.9249
    1049    1293.8164
    1050    1323.7115
    1051    1347.4626
    1052    1359.3552
    1053    1356.7086
    1054    1340.4110
    1055    1314.2878
    1056    1283.6563
    1057    1253.6864
    1058    1228.1973
    1059    1209.2402
    1060    1197.3932
    1061    1192.3556
    1062    1193.4260
    1063    1199.7161
    1064    1210.2258
    1065    1223.8668
    1066    1239.4401
    1067    1255.6070
    1068    1270.9837
    1069    1284.4393
    1070    1295.4815
    1071    1304.5000
    1072    1312.6824
    1073    1321.5347
    1074    1332.1223
    1075    1344.2842
    1076    1356.1570
    1077    1364.3091
    1078    1364.5885
    1079    1353.5137
    1080    1329.7608
    1081    1295.1904
    1082    1254.9343
    1083    1216.3632
    1084    1187.1628
    1085    1173.0842
    1086    1176.0912
    1087    1193.5625
    1088    1218.9225
    1089    1243.6260
    1090    1259.9304
    1091    1263.5292
    1092    1255.1087
    1093    1240.1945
    1094    1227.2237
    1095    1224.4340
    1096    1236.6562
    1097    1263.2176
    1098    1297.7982
    1099    1330.3621
    1100    1350.5007
    1101    1350.9982
    1102    1330.3634
    1103    1293.4841
    1104    1250.2226
    1105    1212.4045
    1106    1190.1108
    1107    1188.3581
    1108    1205.2916
    1109    1232.7535
    1110    1259.2412
    1111    1274.1832
    1112    1271.8982
    1113    1253.7559
    1114    1227.5799
    1115    1204.2846
    1116    1193.3603
    1117    1199.5771
    1118    1221.8837
    1119    1254.0491
    1120    1286.6461
    1121    1310.0269
    1122    1317.4632
    1123    1307.3622
    1124    1283.7553
    1125    1254.8748
    1126    1230.3273
    1127    1217.8802
    1128    1221.0282
    1129    1238.1453
    1130    1263.3377
    1131    1288.4991
    1132    1305.8650
    1133    1310.3053
    1134    1300.6544
    1135    1279.6805
    1136    1252.8241
    1137    1226.2862
    1138    1205.2036
    1139    1192.4835
    1140    1188.5504
    1141    1191.8891
    1142    1200.0246
    1143    1210.5225
    1144    1221.7010
    1145    1232.9140
    1146    1244.4160
    1147    1256.9126
    1148    1270.9870
    1149    1286.6128
    1150    1302.9169
    1151    1318.2214
    1152    1330.3165
    1153    1336.8862
    1154    1336.0262
    1155    1326.7495
    1156    1309.3556
    1157    1285.5592
    1158    1258.3551
    1159    1231.6524
    1160    1209.6951
    1161    1196.2822
    1162    1193.9173
    1163    1203.1261
    1164    1222.1910
    1165    1247.4265
    1166    1273.9688
    1167    1296.9039
    1168    1312.4702
    1169    1319.0062
    1170    1317.3376
    1171    1310.4049
    1172    1302.1634
    1173    1296.0688
    1174    1293.6987
    1175    1294.0877
    1176    1294.0633
    1177    1289.4283
    1178    1276.5160
    1179    1253.5883
    1180    1221.6468
    1181    1184.4134
    1182    1147.4722
    1183    1116.8452
    1184    1097.4536
    1185    1091.9332
    1186    1100.0946
    1187    1119.1004
    1188    1144.2455
    1189    1170.1282
    1190    1191.9483
    1191    1206.6152
    1192    1213.3575
    1193    1213.6484
    1194    1210.4571
    1195    1207.0631
    1196    1205.8137
    1197    1207.2556
    1198    1209.9561
    1199    1211.0949
    1200    1207.6169
    1201    1197.5147
    1202    1180.7840
    1203    1159.7035
    1204    1138.3390
    1205    1121.4312
    1206    1113.0331
    1207    1115.3367
    1208    1128.0560
    1209    1148.5287
    1210    1172.4754
    1211    1195.1600
    1212    1212.5978
    1213    1222.4717
    1214    1224.5422
    1215    1220.4690
    1216    1213.1333
    1217    1205.6909
    1218    1200.6725
    1219    1199.4090
    1220    1201.9341
    1221    1207.3228
    1222    1214.2985
    1223    1221.8504
    1224    1229.6278
    1225    1237.9733
    1226    1247.6111
    1227    1259.1524
    1228    1272.6315
    1229    1287.2620
    1230    1301.4834
    1231    1313.2640
    1232    1320.5427
    1233    1321.6731
    1234    1315.7698
    1235    1302.8737
    1236    1283.8978
    1237    1260.3826
    1238    1234.1653
    1239    1207.0931
    1240    1180.8812
    1241    1157.1244
    1242    1137.4006
    1243    1123.3439
    1244    1116.5735
    1245    1118.4215
    1246    1129.4919
    1247    1149.1927
    1248    1175.4709
    1249    1204.9615
    1250    1233.6051
    1251    1257.5675
    1252    1274.1626
    1253    1282.4787
    1254    1283.4855
    1255    1279.5141
    1256    1273.1778
    1257    1266.1364
    1258    1258.3681
    1259    1248.3854
    1260    1234.1919
    1261    1214.4563
    1262    1189.4890
    1263    1161.7397
    1264    1135.5832
    1265    1116.3395
    1266    1108.7455
    1267    1115.3743
    1268    1135.5884
    1269    1165.4625
    1270    1198.7344
    1271    1228.4833
    1272    1249.0377
    1273    1257.5948
    1274    1255.0344
    1275    1245.5531
    1276    1235.1490
    1277    1229.4423
    1278    1231.6297
    1279    1241.3097
    1280    1254.6178
    1281    1265.6485
    1282    1268.6994
    1283    1260.5381
    1284    1241.8424
    1285    1217.2323
    1286    1193.8124
    1287    1178.7228
    1288    1176.5352
    1289    1187.3818
    1290    1206.4916
    1291    1225.4827
    1292    1235.3038
    1293    1230.3321
    1294    1212.2109
    1295    1189.6296
    1296    1171.4490
    1297    1161.4176
    1298    1160.7236
    1299    1170.1687
    1300    1188.7826
    1301    1212.7950
    1302    1236.5433
    1303    1254.5129
    1304    1263.3496
    1305    1263.0057
    1306    1256.6410
    1307    1249.3604
    1308    1246.2685
    1309    1250.5168
    1310    1261.9907
    1311    1277.0779
    1312    1289.6381
    1313    1292.9536
    1314    1282.0954
    1315    1255.9152
    1316    1217.8858
    1317    1175.3574
    1318    1137.3813
    1319    1111.8610
    1320    1103.0929
    1321    1110.5534
    1322    1129.2719
    1323    1151.5836
    1324    1169.6214
    1325    1177.7240
    1326    1173.9926
    1327    1160.5409
    1328    1142.4381
    1329    1125.7884
    1330    1115.6570
    1331    1114.5386
    1332    1121.8262
    1333    1134.3771
    1334    1147.9081
    1335    1158.6824
    1336    1164.8860
    1337    1167.2290
    1338    1168.5761
    1339    1172.7482
    1340    1182.9359
    1341    1200.3147
    1342    1223.3915
    1343    1248.3359
    1344    1270.1855
    1345    1284.4662
    1346    1288.6247
    1347    1282.7580
    1348    1269.4320
    1349    1252.6800
    1350    1236.5655
    1351    1223.8340
    1352    1215.1451
    1353    1209.1411
    1354    1203.2704
    1355    1194.9896
    1356    1182.8748
    1357    1167.2454
    1358    1150.1118
    1359    1134.5045
    1360    1123.4374
    1361    1118.8754
    1362    1121.0844
    1363    1128.6031
    1364    1138.8439
    1365    1149.0554
    1366    1157.2393
    1367    1162.6588
    1368    1165.8045
    1369    1167.9094
    1370    1170.2668
    1371    1173.6282
    1372    1177.9190
    1373    1182.3579
    1374    1185.9004
    1375    1187.7845
    1376    1187.9328
    1377    1187.0396
    1378    1186.3031
    1379    1186.9017
    1380    1189.4091
    1381    1193.3975
    1382    1197.4468
    1383    1199.6266
    1384    1198.3057
    1385    1192.9309
    1386    1184.3594
    1387    1174.5341
    1388    1165.6197
    1389    1159.0086
    1390    1154.6551
    1391    1151.0440
    1392    1145.8153
    1393    1136.7967
    1394    1123.0329
    1395    1105.4227
    1396    1086.7181
    1397    1070.8692
    1398    1061.9284
    1399    1062.8536
    1400    1074.5740
    1401    1095.6111
    1402    1122.3649
    1403    1150.0114
    1404    1173.7500
    1405    1190.0534
    1406    1197.5497
    1407    1197.2804
    1408    1192.2393
    1409    1186.3166
    1410    1182.9399
    1411    1183.8428
    1412    1188.3755
    1413    1193.6326
    1414    1195.4011
    1415    1189.6715
    1416    1174.2575
    1417    1149.9618
    1418    1120.7807
    1419    1092.9586
    1420    1073.1223
    1421    1066.1313
    1422    1073.3948
    1423    1092.2794
    1424    1116.8750
    1425    1139.9353
    1426    1155.3300
    1427    1160.0732
    1428    1155.1165
    1429    1144.6253
    1430    1134.0795
    1431    1128.0096
    1432    1128.2812
    1433    1133.5761
    1434    1140.1950
    1435    1143.6632
    1436    1140.2796
    1437    1128.1827
    1438    1108.1633
    1439    1084.1122
    1440    1062.3702
    1441    1049.8304
    1442    1051.6113
    1443    1069.2873
    1444    1100.2889
    1445    1138.6092
    1446    1176.5715
    1447    1207.0726
    1448    1225.5978
    1449    1231.3658
    1450    1227.2616
    1451    1218.6054
    1452    1211.1957
    1453    1209.2935
    1454    1214.2138
    1455    1223.9904
    1456    1234.1884
    1457    1239.5684
    1458    1236.0001
    1459    1221.9766
    1460    1199.2426
    1461    1172.3865
    1462    1147.5620
    1463    1130.7466
    1464    1126.0361
    1465    1134.4607
    1466    1153.6667
    1467    1178.5715
    1468    1202.8173
    1469    1220.5905
    1470    1228.2467
    1471    1225.2506
    1472    1214.1841
    1473    1199.8291
    1474    1187.5138
    1475    1181.1272
    1476    1181.5770
    1477    1186.5358
    1478    1191.5764
    1479    1191.9524
    1480    1184.2289
    1481    1167.3710
    1482    1143.1445
    1483    1115.7621
    1484    1090.8497
    1485    1073.9618
    1486    1069.0452
    1487    1077.2976
    1488    1096.7664
    1489    1122.8147
    1490    1149.3402
    1491    1170.4179
    1492    1181.8683
    1493    1182.2229
    1494    1172.7219
    1495    1156.4619
    1496    1137.2707
    1497    1118.7694
    1498    1103.6753
    1499    1093.3001
    1500    1087.3810
    1501    1084.3663
    1502    1082.0815
    1503    1078.5655
    1504    1072.8254
    1505    1065.3016
    1506    1057.8641
    1507    1053.3025
    1508    1054.4576
    1509    1063.3093
    1510    1080.3509
    1511    1104.4437
    1512    1133.1324
    1513    1163.2448
    1514    1191.5181
    1515    1215.0864
    1516    1231.7731
    1517    1240.2156
    1518    1239.8818
    1519    1231.0472
    1520    1214.8115
    1521    1193.1411
    1522    1168.8438
    1523    1145.3012
    1524    1125.8071
    1525    1112.6090
    1526    1106.1804
    1527    1105.2633
    1528    1107.6564
    1529    1111.2138
    1530    1114.5750
    1531    1117.4545
    1532    1120.5021
    1533    1124.8334
    1534    1131.4092
    1535    1140.4841
    1536    1151.3391
    1537    1162.4076
    1538    1171.7715
    1539    1177.8749
    1540    1180.1945
    1541    1179.5797
    1542    1178.0521
    1543    1178.0826
    1544    1181.6017
    1545    1189.1242
    1546    1199.3527
    1547    1209.4620
    1548    1216.0363
    1549    1216.3602
    1550    1209.5722
    1551    1197.1863
    1552    1182.6984
    1553    1170.3812
    1554    1163.7099
    1555    1164.0411
    1556    1170.0700
    1557    1178.2796
    1558    1184.2209
    1559    1184.1609
    1560    1176.5203
    1561    1162.5730
    1562    1146.1135
    1563    1132.1573
    1564    1125.1027
    1565    1127.0157
    1566    1136.6872
    1567    1149.8714
    1568    1160.6851
    1569    1163.7077
    1570    1156.0309
    1571    1138.4811
    1572    1115.5123
    1573    1093.7582
    1574    1079.7311
    1575    1077.4953
    1576    1087.1738
    1577    1104.8573
    1578    1123.9810
    1579    1137.6932
    1580    1141.3717
    1581    1134.3781
    1582    1120.3891
    1583    1106.1205
    1584    1098.8313
    1585    1103.4668
    1586    1120.5112
    1587    1145.4198
    1588    1169.9399
    1589    1184.8820
    1590    1183.3031
    1591    1162.9113
    1592    1126.8922
    1593    1083.0297
    1594    1041.5012
    1595    1011.9703
    1596    1000.7864
    1597    1009.1993
    1598    1033.2329
    1599    1065.2692
    1600    1096.7348
    1601    1120.9243
    1602    1134.9579
    1603    1140.2336
    1604    1141.3046
    1605    1143.7157
    1606    1151.6552
    1607    1166.2903
    1608    1185.3268
    1609    1203.9029
    1610    1216.4766
    1611    1218.9700
    1612    1210.2317
    1613    1192.1689
    1614    1168.7467
    1615    1144.6664
    1616    1124.2520
    1617    1110.6160
    1618    1105.1460
    1619    1107.4526
    1620    1115.7849
    1621    1127.7534
    1622    1141.1150
    1623    1154.2935
    1624    1166.4057
    1625    1176.8837
    1626    1185.0242
    1627    1189.8018
    1628    1190.0984
    1629    1185.2490
    1630    1175.5992
    1631    1162.6774
    1632    1148.7564
    1633    1136.0080
    1634    1125.7754
    1635    1118.2940
    1636    1112.8082
    1637    1107.9575
    1638    1102.4011
    1639    1095.5740
    1640    1088.2990
    1641    1082.9155
    1642    1082.7168
    1643    1090.7769
    1644    1108.5364
    1645    1134.6699
    1646    1164.7426
    1647    1191.9476
    1648    1208.8472
    1649    1209.5938
    1650    1191.8426
    1651    1157.6559
    1652    1113.0985
    1653    1066.7743
    1654    1027.7956
    1655    1003.6294
    1656     998.2326
    1657    1010.9873
    1658    1036.9116
    1659    1068.2370
    1660    1096.9256
    1661    1117.2923
    1662    1127.8145
    1663    1131.4814
    1664    1134.5285
    1665    1143.9678
    1666    1164.7461
    1667    1197.5260
    1668    1237.9067
    1669    1277.4304
    1670    1306.0771
    1671    1315.4059
    1672    1301.3044
    1673    1265.5119
    1674    1215.4763
    1675    1162.5257
    1676    1118.7728
    1677    1093.6330
    1678    1091.0664
    1679    1108.4986
    1680    1137.8310
    1681    1168.1845
    1682    1189.4133
    1683    1195.1954
    1684    1184.7434
    1685    1162.6885
    1686    1137.2824
    1687    1117.5822
    1688    1110.5611
    1689    1119.0069
    1690    1140.7385
    1691    1169.2787
    1692    1195.8285
    1693    1212.1027
    1694    1213.1696
    1695    1199.2368
    1696    1175.6502
    1697    1151.0755
    1698    1134.5146
    1699    1132.2045
    1700    1145.4599
    1701    1170.1928
    1702    1198.2726
    1703    1220.2772
    1704    1228.6833
    1705    1220.3666
    1706    1197.4967
    1707    1166.5215
    1708    1135.6647
    1709    1111.9198
    1710    1098.6609
    1711    1094.6783
    1712    1094.9027
    1713    1092.4990
    1714    1081.5627
    1715    1059.4628
    1716    1028.0053
    1717     993.0055
    1718     962.4134
    1719     943.6538
    1720     941.1200
    1721     954.7176
    1722     979.9696
    1723    1009.6469
    1724    1036.3209
    1725    1054.9111
    1726    1064.2770
    1727    1067.2524
    1728    1069.1143
    1729    1075.1580
    1730    1088.4263
    1731    1108.4925
    1732    1131.6781
    1733    1152.5129
    1734    1165.8282
    1735    1168.6704
    1736    1161.3308
    1737    1147.1497
    1738    1131.2306
    1739    1118.6040
    1740    1112.5539
    1741    1113.6852
    1742    1119.9860
    1743    1127.7490
    1744    1132.9308
    1745    1132.4230
    1746    1124.8105
    1747    1110.4606
    1748    1091.0609
    1749    1068.9360
    1750    1046.4580
    1751    1025.7105
    1752    1008.3463
    1753     995.5769
    1754     988.3266
    1755     987.4902
    1756     993.9807
    1757    1008.3724
    1758    1030.3154
    1759    1058.1182
    1760    1088.8181
    1761    1118.8179
    1762    1144.8929
    1763    1165.1726
    1764    1179.6757
    1765    1190.1348
    1766    1199.1294
    1767    1208.8220
    1768    1219.7835
    1769    1230.3796
    1770    1237.0391
    1771    1235.4017
    1772    1221.9849
    1773    1195.7589
    1774    1159.0216
    1775    1117.2172
    1776    1077.6958
    1777    1047.7515
    1778    1032.5184
    1779    1033.3997
    1780    1047.5900
    1781    1068.9194
    1782    1089.7907
    1783    1103.5656
    1784    1106.5796
    1785    1099.1067
    1786    1085.0194
    1787    1070.3697
    1788    1061.4066
    1789    1062.6170
    1790    1075.3044
    1791    1097.1010
    1792    1122.6106
    1793    1145.0601
    1794    1158.4946
    1795    1159.7835
    1796    1149.6952
    1797    1132.6282
    1798    1115.0963
    1799    1103.4985
    1800    1101.9336
    1801    1110.8147
    1802    1126.7677
    1803    1143.8713
    1804    1155.8009
    1805    1158.1148
    1806    1149.8668
    1807    1133.9859
    1808    1116.2959
    1809    1103.5207
    1810    1100.9339
    1811    1110.4378
    1812    1129.7130
    1813    1152.7685
    1814    1171.7928
    1815    1179.7596
    1816    1172.9161
    1817    1152.2723
    1818    1123.5309
    1819    1095.3830
    1820    1076.6827
    1821    1073.4609
    1822    1086.8428
    1823    1112.6108
    1824    1142.5561
    1825    1167.1648
    1826    1178.7294
    1827    1173.8488
    1828    1154.4987
    1829    1127.3403
    1830    1101.5158
    1831    1085.6729
    1832    1085.1521
    1833    1100.1857
    1834    1125.6804
    1835    1152.7722
    1836    1171.8098
    1837    1175.8120
    1838    1163.0964
    1839    1138.0324
    1840    1109.6154
    1841    1088.3867
    1842    1082.7928
    1843    1096.2427
    1844    1125.8533
    1845    1163.2914
    1846    1197.4128
    1847    1217.8059
    1848    1218.0612
    1849    1197.7194
    1850    1162.2950
    1851    1121.4221
    1852    1085.7540
    1853    1063.6246
    1854    1058.5485
    1855    1068.3425
    1856    1086.1175
    1857    1102.7865
    1858    1110.2152
    1859    1103.9672
    1860    1084.7684
    1861    1058.2598
    1862    1033.1717
    1863    1018.5243
    1864    1020.7345
    1865    1041.5105
    1866    1077.1512
    1867    1119.4684
    1868    1158.1087
    1869    1183.6253
    1870    1190.3564
    1871    1178.1373
    1872    1152.2534
    1873    1121.6613
    1874    1096.1000
    1875    1083.0572
    1876    1085.5472
    1877    1101.3690
    1878    1124.0433
    1879    1145.0956
    1880    1156.9247
    1881    1155.3006
    1882    1140.6593
    1883    1117.7990
    1884    1094.1341
    1885    1077.1518
    1886    1071.9480
    1887    1079.6451
    1888    1097.1384
    1889    1118.1645
    1890    1135.2806
    1891    1142.1331
    1892    1135.3552
    1893    1115.5841
    1894    1087.3282
    1895    1057.7167
    1896    1034.4712
    1897    1023.6913
    1898    1028.1140
    1899    1046.3590
    1900    1073.3882
    1901    1102.0460
    1902    1125.2489
    1903    1138.1848
    1904    1139.8339
    1905    1133.2824
    1906    1124.6660
    1907    1121.0334
    1908    1127.8419
    1909    1146.9575
    1910    1175.8778
    1911    1208.4582
    1912    1236.8847
    1913    1254.1824
    1914    1256.3740
    1915    1243.5856
    1916    1219.7885
    1917    1191.3600
    1918    1165.0060
    1919    1145.7348
    1920    1135.4789
    1921    1132.7237
    1922    1133.2248
    1923    1131.5860
    1924    1123.2155
    1925    1106.0198
    1926    1081.2468
    1927    1053.1706
    1928    1027.7443
    1929    1010.7197
    1930    1005.8761
    1931    1013.9233
    1932    1032.3799
    1933    1056.4168
    1934    1080.3541
    1935    1099.3309
    1936    1110.6216
    1937    1114.2041
    1938    1112.4434
    1939    1109.0317
    1940    1107.5836
    1941    1110.3770
    1942    1117.6660
    1943    1127.7808
    1944    1137.9260
    1945    1145.3451
    1946    1148.3660
    1947    1146.9048
    1948    1142.2471
    1949    1136.2952
    1950    1130.7232
    1951    1126.4575
    1952    1123.6108
    1953    1121.7353
    1954    1120.1845
    1955    1118.4064
    1956    1116.0785
    1957    1113.0814
    1958    1109.3830
    1959    1104.9527
    1960    1099.7932
    1961    1094.0910
    1962    1088.3806
    1963    1083.5935
    1964    1080.8840
    1965    1081.2759
    1966    1085.2723
    1967    1092.6054
    1968    1102.2165
    1969    1112.4750
    1970    1121.6158
    1971    1128.3282
    1972    1132.3018
    1973    1134.4156
    1974    1136.3724
    1975    1139.8553
    1976    1145.5769
    1977    1152.6564
    1978    1158.6435
    1979    1160.2369
    1980    1154.4682
    1981    1139.8980
    1982    1117.3625
    1983    1089.9740
    1984    1062.3411
    1985    1039.2623
    1986    1024.3226
    1987    1018.8638
    1988    1021.6884
    1989    1029.6151
    1990    1038.7160
    1991    1045.7868
    1992    1049.4767
    1993    1050.6081
    1994    1051.5786
    1995    1055.1290
    1996    1062.9980
    1997    1074.9946
    1998    1088.8449
    1999    1100.9028
    2000    1107.4741
