#Frame              T
       1    1197.8658
       2    1096.3811
       3    1121.5545
       4    1068.3517
       5    1100.4724
       6    1051.3669
       7    1071.1710
       8    1016.8952
       9     992.4083
      10     967.5731
      11     853.1818
      12     993.8316
      13     977.4713
      14     945.0815
      15    1056.1667
      16     955.0022
      17     932.7990
      18     837.4682
      19     943.8011
      20     871.7227
      21     951.0274
      22     929.4522
      23     988.4929
      24     971.8799
      25    1008.9247
      26     903.6565
      27     951.8029
      28     845.8361
      29     807.4751
      30     765.8514
      31     857.8026
      32     831.4415
      33     976.7004
      34     849.9219
      35     904.3380
      36     900.9596
      37     949.8643
      38     819.0201
      39     740.5065
      40     764.0087
      41     821.5668
      42     771.0682
      43     843.2222
      44     756.9430
      45     767.0566
      46     820.2723
      47     779.4021
      48     761.7450
      49     805.5490
      50     735.6668
      51     764.4024
      52     738.2353
      53     697.5104
      54     755.1207
      55     649.2839
      56     713.7268
      57     673.0875
      58     722.7280
      59     669.4173
      60     678.3296
      61     735.1493
      62     697.6831
      63     643.5411
      64     699.5095
      65     648.4708
      66     666.5594
      67     649.4634
      68     652.2846
      69     669.4567
      70     642.6238
      71     652.1245
      72     668.8635
      73     655.0909
      74     644.1222
      75     649.8971
      76     658.0310
      77     654.2226
      78     706.0507
      79     707.7200
      80     635.8165
      81     619.0333
      82     636.1993
      83     641.3680
      84     653.6695
      85     653.6238
      86     655.2058
      87     723.4252
      88     667.0095
      89     656.3651
      90     654.6737
      91     625.7926
      92     627.9619
      93     657.2416
      94     687.8725
      95     673.5932
      96     684.5255
      97     593.2713
      98     649.5639
      99     621.5517
     100     580.1699
     101     595.2145
     102     545.4934
     103     515.6427
     104     572.5592
     105     563.5003
     106     555.2951
     107     584.2327
     108     537.0718
     109     562.2548
     110     581.8426
     111     599.3622
     112     583.4537
     113     560.2144
     114     588.3596
     115     546.6245
     116     570.0117
     117     572.9293
     118     552.7514
     119     605.4313
     120     581.2557
     121     541.5103
     122     523.5053
     123     552.4891
     124     562.4682
     125     533.3372
     126     551.6722
     127     590.0215
     128     520.4699
     129     541.0129
     130     591.3335
     131     575.9776
     132     515.4936
     133     528.5006
     134     546.0185
     135     537.1455
     136     559.2981
     137     571.7866
     138     574.0165
     139     570.8574
     140     550.1739
     141     531.2482
     142     533.2047
     143     524.5011
     144     529.3967
     145     535.9373
     146     527.9808
     147     513.2586
     148     506.1088
     149     484.7839
     150     509.9539
     151     493.4276
     152     517.6092
     153     511.4555
     154     561.9525
     155     518.4959
     156     532.8344
     157     548.2982
     158     546.7819
     159     574.8594
     160     512.8637
     161     507.6219
     162     508.3004
     163     500.7340
     164     532.1952
     165     468.7474
     166     502.7097
     167     454.5473
     168     479.9810
     169     468.7412
     170     479.9496
     171     513.5390
     172     481.0024
     173     454.0225
     174     505.1941
     175     482.2373
     176     476.5653
     177     497.5114
     178     501.2698
     179     547.1056
     180     456.1293
     181     502.2149
     182     494.0865
     183     486.6741
     184     455.9500
     185     479.9686
     186     514.8905
     187     483.7082
     188     470.7842
     189     452.1763
     190     427.3967
     191     434.2253
     192     471.1928
     193     437.3985
     194     457.4769
     195     474.3668
     196     481.5087
     197     493.1497
     198     464.2022
     199     496.3040
     200     463.7792
     201     433.1837
     202     457.2589
     203     444.9733
     204     417.9334
     205     444.0669
     206     408.8616
     207     465.6865
     208     444.5578
     209     418.4516
     210     416.8325
     211     446.1876
     212     430.6881
     213     425.0182
     214     442.5718
     215     465.7261
     216     449.3116
     217     405.9114
     218     444.4661
     219     448.9003
     220     423.9393
     221     423.8015
     222     424.1977
     223     411.5132
     224     388.3963
     225     424.0109
     226     414.3732
     227     409.9707
     228     404.8703
     229     456.9806
     230     415.6408
     231     400.5338
     232     458.7955
     233     391.5176
     234     465.7514
     235     405.8272
     236     412.4367
     237     416.7776
     238     452.1386
     239     406.1683
     240     437.3425
     241     380.3805
     242     392.4337
     243     433.2876
     244     385.4296
     245     431.6939
     246     401.6668
     247     387.8367
     248     400.2892
     249     424.6825
     250     387.4777
     251     415.4714
     252     393.6880
     253     388.9713
     254     373.2304
     255     384.7038
     256     369.0904
     257     396.7281
     258     393.9032
     259     406.0383
     260     400.9192
     261     378.6322
     262     410.1248
     263     389.7373
     264     394.2651
     265     379.0069
     266     368.0205
     267     404.6975
     268     393.2950
     269     388.9639
     270     375.1309
     271     411.2765
     272     392.4859
     273     376.6911
     274     359.6875
     275     400.4649
     276     415.3752
     277     428.0230
     278     402.1849
     279     355.4243
     280     361.7434
     281     412.1498
     282     412.0749
     283     392.0737
     284     422.5746
     285     412.4665
     286     392.5593
     287     401.2586
     288     382.5526
     289     412.0506
     290     410.2784
     291     370.9105
     292     389.6146
     293     394.6061
     294     383.3739
     295     380.0604
     296     369.5475
     297     349.8181
     298     335.0514
     299     362.5769
     300     372.1729
     301     391.0914
     302     388.9740
     303     350.9445
     304     379.9061
     305     369.9983
     306     395.5770
     307     363.1522
     308     388.5014
     309     377.8847
     310     398.4355
     311     437.4536
     312     419.3335
     313     376.3993
     314     420.8899
     315     397.6727
     316     381.4917
     317     399.2275
     318     388.4910
     319     368.2234
     320     389.1111
     321     375.1149
     322     406.4554
     323     418.6624
     324     383.8046
     325     382.3176
     326     408.5935
     327     416.3317
     328     401.2764
     329     382.3539
     330     373.9905
     331     402.7135
     332     383.8245
     333     387.9040
     334     389.0789
     335     350.9745
     336     384.5028
     337     416.7732
     338     392.0052
     339     396.8998
     340     344.7750
     341     362.0029
     342     361.6182
     343     377.2611
     344     370.8359
     345     352.7351
     346     402.0461
     347     364.2321
     348     381.1939
     349     365.3770
     350     366.5087
     351     376.3778
     352     343.1605
     353     348.3286
     354     393.1084
     355     366.8290
     356     374.1968
     357     361.9312
     358     341.8399
     359     342.2704
     360     365.1146
     361     387.0458
     362     379.8468
     363     373.6816
     364     364.0575
     365     329.3195
     366     360.6634
     367     320.8595
     368     327.0603
     369     364.8947
     370     356.9555
     371     338.0428
     372     341.4084
     373     343.2404
     374     341.3579
     375     350.9887
     376     347.6082
     377     392.3678
     378     341.7236
     379     358.2635
     380     346.6174
     381     346.1229
     382     323.0922
     383     348.0473
     384     332.9511
     385     349.2061
     386     317.8449
     387     346.1669
     388     338.6464
     389     305.8224
     390     363.5362
     391     328.9511
     392     349.7239
     393     347.0529
     394     319.7152
     395     338.5484
     396     327.8536
     397     360.5198
     398     340.4842
     399     356.6618
     400     344.5915
