#Frame              T
       1    2997.4855
       2    2891.0146
       3    2706.8318
       4    2485.5377
       5    2270.2651
       6    2095.0402
       7    1976.7219
       8    1912.3035
       9    1882.1463
      10    1858.8092
      11    1818.6543
      12    1751.2611
      13    1663.0444
      14    1574.4491
      15    1512.2640
      16    1499.8359
      17    1548.4531
      18    1652.6889
      19    1791.1577
      20    1932.3378
      21    2043.4880
      22    2099.7993
      23    2091.0243
      24    2023.7568
      25    1918.9072
      26    1805.3100
      27    1711.4409
      28    1657.6834
      29    1651.3012
      30    1685.4089
      31    1742.0412
      32    1798.2388
      33    1833.2316
      34    1834.5919
      35    1801.6500
      36    1745.3132
      37    1684.4678
      38    1640.1295
      39    1629.1458
      40    1659.2405
      41    1726.6076
      42    1816.5395
      43    1907.1266
      44    1975.5079
      45    2004.8985
      46    1989.7852
      47    1937.4321
      48    1865.4100
      49    1796.0611
      50    1749.5022
      51    1737.2086
      52    1758.3612
      53    1800.4577
      54    1843.9846
      55    1869.2355
      56    1862.7691
      57    1821.5558
      58    1753.7729
      59    1676.2033
      60    1609.1205
      61    1570.2308
      62    1569.4680
      63    1606.1860
      64    1669.5916
      65    1742.2340
      66    1805.3304
      67    1844.1932
      68    1852.1236
      69    1831.7492
      70    1793.5674
      71    1752.2399
      72    1721.7492
      73    1710.8585
      74    1720.2218
      75    1742.0706
      76    1762.6387
      77    1766.6703
      78    1742.6484
      79    1687.0816
      80    1606.3970
      81    1515.6915
      82    1434.5759
      83    1381.3296
      84    1367.2202
      85    1392.8915
      86    1448.1020
      87    1514.9590
      88    1573.5988
      89    1608.4160
      90    1612.7693
      91    1590.6348
      92    1554.7045
      93    1521.6183
      94    1505.9610
      95    1515.0753
      96    1546.5121
      97    1589.0547
      98    1626.9672
      99    1645.8829
     100    1638.1315
     101    1605.5793
     102    1559.0295
     103    1514.4728
     104    1487.5672
     105    1488.2951
     106    1517.6322
     107    1567.2950
     108    1622.5321
     109    1666.9104
     110    1687.4388
     111    1678.3658
     112    1642.5253
     113    1589.9797
     114    1534.5874
     115    1489.7157
     116    1464.4262
     117    1461.2148
     118    1475.8642
     119    1499.3460
     120    1521.0751
     121    1532.3581
     122    1528.8579
     123    1511.4763
     124    1485.8056
     125    1460.5516
     126    1445.1149
     127    1446.6423
     128    1467.3720
     129    1503.3127
     130    1544.9702
     131    1580.0911
     132    1597.6158
     133    1591.5119
     134    1563.1626
     135    1521.4252
     136    1480.1256
     137    1453.4947
     138    1451.0088
     139    1473.9502
     140    1515.4735
     141    1563.8380
     142    1606.7513
     143    1634.9383
     144    1644.1287
     145    1635.4754
     146    1614.5138
     147    1588.8160
     148    1564.9888
     149    1546.2201
     150    1531.4501
     151    1516.4653
     152    1496.2983
     153    1467.8022
     154    1431.3201
     155    1390.9095
     156    1353.2512
     157    1325.8070
     158    1314.7704
     159    1323.0843
     160    1349.0910
     161    1387.0641
     162    1429.8714
     163    1471.7592
     164    1509.2428
     165    1540.2614
     166    1563.0333
     167    1575.5846
     168    1576.1300
     169    1564.0364
     170    1540.8656
     171    1510.8792
     172    1480.5024
     173    1456.6404
     174    1444.3422
     175    1444.8705
     176    1455.1736
     177    1469.0134
     178    1479.2799
     179    1480.7079
     180    1472.0772
     181    1456.9187
     182    1442.1550
     183    1435.0064
     184    1439.4725
     185    1454.0206
     186    1471.6474
     187    1482.4632
     188    1477.8773
     189    1454.6876
     190    1417.2683
     191    1376.7529
     192    1347.3217
     193    1340.9176
     194    1362.4137
     195    1407.1851
     196    1462.2197
     197    1510.5339
     198    1537.2945
     199    1535.2564
     200    1507.3331
     201    1465.2548
     202    1424.8161
     203    1399.6137
     204    1395.7516
     205    1409.6235
     206    1429.6334
     207    1441.1363
     208    1432.5959
     209    1400.5218
     210    1351.2992
     211    1299.2512
     212    1261.6532
     213    1252.5098
     214    1277.3677
     215    1331.1340
     216    1399.7790
     217    1465.2260
     218    1511.4600
     219    1529.5657
     220    1519.9723
     221    1491.3093
     222    1456.5293
     223    1427.9181
     224    1412.8774
     225    1411.8849
     226    1419.1183
     227    1425.2721
     228    1421.4846
     229    1403.1004
     230    1372.0399
     231    1336.6402
     232    1308.4331
     233    1297.2692
     234    1307.8278
     235    1338.8476
     236    1383.9860
     237    1433.4696
     238    1476.4550
     239    1503.7473
     240    1510.1091
     241    1495.4099
     242    1464.2344
     243    1424.1237
     244    1383.1251
     245    1347.5531
     246    1320.6930
     247    1302.6898
     248    1291.3999
     249    1283.7716
     250    1277.2806
     251    1270.9806
     252    1265.8377
     253    1264.2319
     254    1268.8406
     255    1281.3683
     256    1301.6030
     257    1327.1100
     258    1353.6485
     259    1376.2070
     260    1390.3314
     261    1393.3069
     262    1384.7791
     263    1366.6354
     264    1342.2918
     265    1315.7764
     266    1290.9716
     267    1271.1724
     268    1258.9064
     269    1255.9036
     270    1263.0698
     271    1280.3207
     272    1306.2032
     273    1337.4463
     274    1368.8640
     275    1394.0759
     276    1407.1614
     277    1404.7818
     278    1387.8683
     279    1361.9785
     280    1335.9008
     281    1318.7758
     282    1316.6687
     283    1329.9275
     284    1352.5576
     285    1374.1229
     286    1383.6453
     287    1374.0853
     288    1345.6690
     289    1306.6194
     290    1270.7193
     291    1252.3754
     292    1261.0691
     293    1297.4327
     294    1352.4494
     295    1410.0828
     296    1452.5042
     297    1466.1598
     298    1446.5093
     299    1399.7061
     300    1340.5904
     301    1287.7238
     302    1257.2286
     303    1257.5877
     304    1287.1901
     305    1335.3988
     306    1386.6260
     307    1425.8161
     308    1443.3047
     309    1437.4359
     310    1414.2446
     311    1384.5664
     312    1359.7693
     313    1347.7229
     314    1350.4125
     315    1363.9544
     316    1380.7725
     317    1392.7020
     318    1393.3574
     319    1379.2315
     320    1350.4928
     321    1311.5455
     322    1270.1642
     323    1235.1773
     324    1213.9136
     325    1210.3932
     326    1224.5716
     327    1252.5517
     328    1287.5865
     329    1321.6872
     330    1347.5626
     331    1360.4793
     332    1359.5385
     333    1347.9670
     334    1332.2364
     335    1320.1739
     336    1318.5494
     337    1330.8596
     338    1356.0452
     339    1388.6302
     340    1420.3141
     341    1442.5567
     342    1449.3550
     343    1439.2892
     344    1416.1182
     345    1387.6386
     346    1363.1105
     347    1350.0907
     348    1351.7857
     349    1365.9316
     350    1385.6409
     351    1401.8911
     352    1406.7200
     353    1395.9590
     354    1370.5852
     355    1336.3191
     356    1301.7534
     357    1275.7145
     358    1264.7086
     359    1271.1832
     360    1293.0737
     361    1324.6767
     362    1358.4279
     363    1386.9223
     364    1404.5620
     365    1408.4895
     366    1398.7885
     367    1378.1210
     368    1351.0147
     369    1322.9252
     370    1299.1286
     371    1283.5446
     372    1277.7102
     373    1280.2324
     374    1287.0480
     375    1292.5929
     376    1291.6314
     377    1281.2210
     378    1262.1500
     379    1239.2595
     380    1220.3319
     381    1213.6819
     382    1225.1245
     383    1255.3627
     384    1298.8739
     385    1344.9372
     386    1380.6977
     387    1395.3341
     388    1383.8767
     389    1349.2357
     390    1301.5926
     391    1255.2590
     392    1224.0195
     393    1216.5446
     394    1233.4864
     395    1267.3290
     396    1305.0956
     397    1332.9552
     398    1341.0604
     399    1326.9057
     400    1296.0432
     401    1259.9636
     402    1231.9670
     403    1222.5641
     404    1236.0601
     405    1269.4127
     406    1313.5590
     407    1356.5597
     408    1387.4242
     409    1399.3798
     410    1391.6287
     411    1369.1618
     412    1340.8269
     413    1316.3787
     414    1303.4979
     415    1305.6829
     416    1321.5544
     417    1345.6297
     418    1370.1888
     419    1387.6070
     420    1392.5006
     421    1383.1754
     422    1362.0530
     423    1334.9715
     424    1309.5182
     425    1292.8157
     426    1289.3938
     427    1299.8045
     428    1320.4547
     429    1344.7811
     430    1365.4502
     431    1376.8770
     432    1377.1789
     433    1368.8301
     434    1357.7464
     435    1351.0908
     436    1354.5623
     437    1370.1343
     438    1395.1075
     439    1422.8801
     440    1445.1778
     441    1454.8785
     442    1448.3272
     443    1426.2793
     444    1393.2287
     445    1355.5453
     446    1319.2608
     447    1288.4028
     448    1264.4831
     449    1247.1689
     450    1235.5877
     451    1229.4162
     452    1229.1459
     453    1235.4575
     454    1248.1538
     455    1265.3231
     456    1283.2995
     457    1297.6190
     458    1304.6499
     459    1303.1742
     460    1295.0995
     461    1284.8078
     462    1277.2707
     463    1275.7146
     464    1279.9655
     465    1286.4310
     466    1289.8689
     467    1285.9853
     468    1273.4340
     469    1254.6831
     470    1235.9925
     471    1226.0456
     472    1232.8067
     473    1259.7647
     474    1303.6011
     475    1354.6053
     476    1399.7872
     477    1427.4557
     478    1431.4403
     479    1413.2843
     480    1381.5512
     481    1348.5320
     482    1325.6533
     483    1319.3558
     484    1328.9837
     485    1347.4111
     486    1364.0970
     487    1369.3585
     488    1358.2406
     489    1332.5426
     490    1300.2891
     491    1272.8299
     492    1260.5650
     493    1268.8895
     494    1296.1467
     495    1334.5571
     496    1373.4759
     497    1403.2226
     498    1417.9060
     499    1416.4483
     500    1401.8698
     501    1379.4686
     502    1354.8043
     503    1332.2446
     504    1314.4451
     505    1302.6263
     506    1297.1928
     507    1298.1940
     508    1305.3809
     509    1317.9586
     510    1334.3168
     511    1352.0359
     512    1368.2915
     513    1380.5436
     514    1387.2142
     515    1388.0270
     516    1383.8138
     517    1375.8559
     518    1365.0733
     519    1351.4757
     520    1334.1716
     521    1311.9677
     522    1284.2899
     523    1251.9778
     524    1217.5444
     525    1184.7267
     526    1157.5155
     527    1139.0727
     528    1130.9726
     529    1133.0119
     530    1143.5772
     531    1160.3572
     532    1181.0824
     533    1204.0048
     534    1227.9945
     535    1252.2971
     536    1276.1375
     537    1298.4082
     538    1317.6879
     539    1332.6975
     540    1342.9341
     541    1348.9900
     542    1352.3242
     543    1354.6855
     544    1357.4749
     545    1361.2223
     546    1365.3495
     547    1368.3758
     548    1368.5526
     549    1364.6595
     550    1356.5727
     551    1345.3074
     552    1332.5024
     553    1319.6239
     554    1307.3394
     555    1295.4201
     556    1283.2065
     557    1270.3537
     558    1257.3988
     559    1245.7935
     560    1237.3508
     561    1233.4364
     562    1234.3969
     563    1239.5383
     564    1247.6025
     565    1257.4677
     566    1268.7414
     567    1281.9378
     568    1298.0802
     569    1317.8084
     570    1340.3795
     571    1363.1005
     572    1381.6181
     573    1391.1755
     574    1388.4754
     575    1373.4196
     576    1349.9027
     577    1325.1003
     578    1307.2724
     579    1302.7645
     580    1313.3673
     581    1335.1897
     582    1359.6941
     583    1376.6695
     584    1378.0900
     585    1361.3596
     586    1330.5904
     587    1295.2993
     588    1266.9366
     589    1254.5547
     590    1261.2842
     591    1283.0055
     592    1309.7669
     593    1329.4623
     594    1332.3954
     595    1315.0008
     596    1281.2991
     597    1241.5145
     598    1208.3541
     599    1192.3458
     600    1198.0370
     601    1222.5277
     602    1256.8265
     603    1289.3610
     604    1310.1652
     605    1314.1079
     606    1302.0610
     607    1279.7959
     608    1255.2854
     609    1235.6256
     610    1224.7869
     611    1222.9455
     612    1227.3921
     613    1234.3561
     614    1240.7889
     615    1245.3432
     616    1248.3160
     617    1250.8177
     618    1253.7364
     619    1257.1047
     620    1260.2496
     621    1262.6788
     622    1265.1522
     623    1270.1992
     624    1281.5304
     625    1302.3576
     626    1333.2721
     627    1370.6998
     628    1406.8793
     629    1431.7258
     630    1436.1216
     631    1415.4525
     632    1371.9475
     633    1314.7222
     634    1257.3107
     635    1213.4719
     636    1192.7594
     637    1197.4492
     638    1221.9139
     639    1254.7224
     640    1282.7777
     641    1296.0026
     642    1290.8081
     643    1271.0722
     644    1246.3831
     645    1228.3056
     646    1226.0821
     647    1243.2955
     648    1276.6179
     649    1316.9736
     650    1352.5816
     651    1372.7226
     652    1370.9333
     653    1346.6572
     654    1304.9977
     655    1254.8697
     656    1206.2716
     657    1167.5712
     658    1143.5540
     659    1134.6896
     660    1137.6692
     661    1146.9307
     662    1156.6602
     663    1162.6920
     664    1163.7767
     665    1161.8766
     666    1161.4044
     667    1167.6182
     668    1184.6434
     669    1213.7435
     670    1252.4185
     671    1294.7004
     672    1332.6420
     673    1358.6235
     674    1367.7690
     675    1359.6575
     676    1338.6354
     677    1312.4999
     678    1289.9476
     679    1277.6953
     680    1278.2932
     681    1289.3835
     682    1304.7242
     683    1316.7750
     684    1319.9567
     685    1313.1594
     686    1300.2998
     687    1288.6433
     688    1285.6317
     689    1295.5753
     690    1317.5977
     691    1345.7298
     692    1371.1535
     693    1385.6619
     694    1384.8633
     695    1369.7882
     696    1346.2430
     697    1322.1704
     698    1304.0833
     699    1294.1789
     700    1289.6236
     701    1284.3806
     702    1272.5071
     703    1251.2497
     704    1222.6168
     705    1192.8121
     706    1169.7537
     707    1159.7276
     708    1164.6660
     709    1181.2932
     710    1202.5356
     711    1220.5667
     712    1230.1686
     713    1230.9412
     714    1227.4181
     715    1227.0076
     716    1236.5891
     717    1259.2014
     718    1292.2650
     719    1328.1800
     720    1357.1662
     721    1371.2326
     722    1367.6184
     723    1350.1703
     724    1327.9732
     725    1311.7777
     726    1309.7742
     727    1324.4188
     728    1351.4214
     729    1381.1217
     730    1401.7126
     731    1403.2189
     732    1380.8911
     733    1336.8749
     734    1279.6256
     735    1221.3467
     736    1174.3833
     737    1147.7646
     738    1144.9007
     739    1162.9838
     740    1194.1787
     741    1228.2613
     742    1255.9392
     743    1271.7751
     744    1275.7013
     745    1272.6564
     746    1270.5509
     747    1277.2845
     748    1297.7948
     749    1332.0803
     750    1374.8091
     751    1416.6276
     752    1446.7716
     753    1456.2234
     754    1440.5287
     755    1401.4069
     756    1346.5086
     757    1287.1832
     758    1234.9811
     759    1198.2625
     760    1179.9938
     761    1177.1679
     762    1182.0020
     763    1184.7651
     764    1177.3927
     765    1156.5312
     766    1124.8483
     767    1090.1724
     768    1062.8198
     769    1052.0586
     770    1062.9173
     771    1094.4228
     772    1139.8752
     773    1189.0536
     774    1231.5559
     775    1260.0551
     776    1272.2996
     777    1271.1704
     778    1262.8726
     779    1254.0775
     780    1249.2306
     781    1249.1372
     782    1251.3262
     783    1251.8437
     784    1247.4922
     785    1237.4149
     786    1223.4100
     787    1209.0245
     788    1198.0039
     789    1192.8744
     790    1194.2890
     791    1201.3528
     792    1212.6541
     793    1227.3609
     794    1245.7254
     795    1268.6320
     796    1296.3578
     797    1327.2196
     798    1356.9861
     799    1379.6041
     800    1389.1092
     801    1381.9311
     802    1358.6103
     803    1324.1411
     804    1286.6604
     805    1254.8174
     806    1234.7416
     807    1227.8051
     808    1230.1814
     809    1234.5209
     810    1233.1443
     811    1221.4537
     812    1200.1090
     813    1175.0221
     814    1155.1620
     815    1149.0583
     816    1161.4217
     817    1191.2058
     818    1231.8360
     819    1273.4727
     820    1306.4280
     821    1324.4502
     822    1326.6398
     823    1317.3254
     824    1304.0464
     825    1294.5227
     826    1293.7992
     827    1302.5741
     828    1317.2036
     829    1331.2567
     830    1337.9675
     831    1332.7085
     832    1314.6484
     833    1287.0330
     834    1255.9249
     835    1227.9232
     836    1208.1090
     837    1199.1691
     838    1201.5039
     839    1213.6039
     840    1232.4397
     841    1253.9887
     842    1274.0036
     843    1288.9573
     844    1296.9611
     845    1298.3576
     846    1295.7017
     847    1293.0089
     848    1294.4035
     849    1302.5766
     850    1317.5922
     851    1336.5123
     852    1354.0920
     853    1364.4065
     854    1362.9092
     855    1348.1992
     856    1322.8497
     857    1292.9532
     858    1266.4248
     859    1250.5402
     860    1249.5422
     861    1263.2428
     862    1287.2236
     863    1314.5834
     864    1338.5052
     865    1354.6004
     866    1362.0888
     867    1363.4031
     868    1362.4317
     869    1362.2098
     870    1363.1510
     871    1362.7218
     872    1356.7390
     873    1341.5827
     874    1316.1809
     875    1282.8203
     876    1246.4624
     877    1212.9125
     878    1186.6705
     879    1169.4033
     880    1159.6946
     881    1154.1434
     882    1149.2919
     883    1143.4957
     884    1137.8932
     885    1136.0268
     886    1142.2547
     887    1159.6382
     888    1188.2624
     889    1224.7747
     890    1263.3635
     891    1297.7206
     892    1323.0928
     893    1337.5917
     894    1342.3344
     895    1340.5249
     896    1335.9852
     897    1331.7702
     898    1329.3846
     899    1328.7948
     900    1329.0736
     901    1329.2437
     902    1328.8421
     903    1327.9293
     904    1326.6201
     905    1324.4904
     906    1320.2855
     907    1312.2006
     908    1298.7153
     909    1279.6484
     910    1256.8910
     911    1234.3032
     912    1216.5855
     913    1207.4611
     914    1207.9217
     915    1215.4009
     916    1224.4019
     917    1228.5182
     918    1223.1228
     919    1207.6273
     920    1186.2625
     921    1166.8805
     922    1158.0679
     923    1165.6302
     924    1189.8803
     925    1224.9383
     926    1260.4719
     927    1285.3082
     928    1291.5641
     929    1277.6907
     930    1249.1863
     931    1216.6011
     932    1191.5184
     933    1182.0791
     934    1189.8540
     935    1209.3394
     936    1230.2670
     937    1241.7784
     938    1236.7822
     939    1214.7869
     940    1182.1466
     941    1149.7099
     942    1128.8453
     943    1127.3924
     944    1147.0355
     945    1182.9815
     946    1225.9098
     947    1265.3494
     948    1293.1849
     949    1306.0565
     950    1305.9031
     951    1298.6164
     952    1291.4520
     953    1290.2390
     954    1297.3989
     955    1311.3869
     956    1327.5807
     957    1340.1379
     958    1344.0683
     959    1336.8199
     960    1318.9590
     961    1293.8673
     962    1266.6629
     963    1242.7068
     964    1226.1251
     965    1218.7778
     966    1219.9827
     967    1227.0401
     968    1236.3260
     969    1244.5431
     970    1249.7245
     971    1251.7023
     972    1251.9437
     973    1252.8216
     974    1256.5509
     975    1264.1527
     976    1274.8251
     977    1285.9793
     978    1293.9911
     979    1295.4521
     980    1288.4931
     981    1273.6633
     982    1253.9243
     983    1233.6374
     984    1216.9166
     985    1206.0863
     986    1200.9689
     987    1199.3231
     988    1198.2066
     989    1195.6093
     990    1191.5596
     991    1188.1627
     992    1188.5170
     993    1194.9944
     994    1207.6849
     995    1223.8019
     996    1238.4568
     997    1246.6103
     998    1245.4160
     999    1235.8778
    1000    1222.8831
    1001    1213.6325
    1002    1214.4212
    1003    1227.8263
    1004    1250.9814
    1005    1276.0753
    1006    1293.0574
    1007    1293.5759
    1008    1274.5361
    1009    1239.7237
    1010    1198.6902
    1011    1163.2217
    1012    1142.7660
    1013    1140.7038
    1014    1153.0484
    1015    1170.1689
    1016    1180.8647
    1017    1177.1107
    1018    1157.5201
    1019    1128.1500
    1020    1100.3475
    1021    1086.4196
    1022    1094.6359
    1023    1125.4573
    1024    1170.8445
    1025    1217.4046
    1026    1251.9460
    1027    1266.6720
    1028    1261.8158
    1029    1244.9390
    1030    1227.4341
    1031    1219.7311
    1032    1227.1340
    1033    1247.9220
    1034    1274.3676
    1035    1296.1288
    1036    1304.5440
    1037    1296.0851
    1038    1273.6767
    1039    1245.5247
    1040    1222.0748
    1041    1212.3267
    1042    1220.7672
    1043    1245.8679
    1044    1280.6973
    1045    1315.5525
    1046    1341.5501
    1047    1353.5312
    1048    1351.1494
    1049    1338.0672
    1050    1319.9584
    1051    1302.2726
    1052    1288.5713
    1053    1279.8793
    1054    1275.0293
    1055    1271.6167
    1056    1267.0535
    1057    1259.3381
    1058    1247.3950
    1059    1231.0899
    1060    1211.1114
    1061    1188.8680
    1062    1166.4322
    1063    1146.4748
    1064    1132.0083
    1065    1125.7205
    1066    1129.0038
    1067    1141.1272
    1068    1159.0096
    1069    1178.0059
    1070    1193.5820
    1071    1202.8247
    1072    1205.0008
    1073    1201.2397
    1074    1193.7622
    1075    1185.0242
    1076    1177.0422
    1077    1171.0752
    1078    1167.7150
    1079    1167.2511
    1080    1170.0255
    1081    1176.4723
    1082    1186.8166
    1083    1200.7349
    1084    1217.3042
    1085    1235.2423
    1086    1253.2377
    1087    1270.2258
    1088    1285.5688
    1089    1299.0691
    1090    1310.7049
    1091    1320.1216
    1092    1326.1399
    1093    1326.6610
    1094    1319.1891
    1095    1301.9004
    1096    1274.8346
    1097    1240.6597
    1098    1204.5212
    1099    1172.8258
    1100    1151.2524
    1101    1142.7379
    1102    1146.3638
    1103    1157.7557
    1104    1170.8968
    1105    1180.6041
    1106    1184.6475
    1107    1184.6304
    1108    1185.2439
    1109    1192.1469
    1110    1209.2628
    1111    1236.5897
    1112    1269.5151
    1113    1300.0615
    1114    1319.6720
    1115    1322.4446
    1116    1307.4876
    1117    1279.3973
    1118    1246.6195
    1119    1218.3067
    1120    1200.9034
    1121    1195.8387
    1122    1199.2943
    1123    1204.1804
    1124    1203.4993
    1125    1193.6461
    1126    1176.2226
    1127    1157.5767
    1128    1146.2238
    1129    1149.1802
    1130    1168.7016
    1131    1200.8140
    1132    1236.3339
    1133    1264.0761
    1134    1275.0394
    1135    1265.9135
    1136    1240.4554
    1137    1208.0907
    1138    1180.1891
    1139    1165.4651
    1140    1166.4990
    1141    1178.9472
    1142    1193.7121
    1143    1200.9864
    1144    1194.4084
    1145    1173.6591
    1146    1144.5075
    1147    1116.3925
    1148    1098.6586
    1149    1097.0156
    1150    1111.5639
    1151    1137.0531
    1152    1165.1882
    1153    1188.0128
    1154    1200.9597
    1155    1204.3487
    1156    1202.8131
    1157    1203.0544
    1158    1210.9576
    1159    1229.2539
    1160    1256.5668
    1161    1288.0394
    1162    1317.1438
    1163    1337.9110
    1164    1346.7565
    1165    1343.3256
    1166    1330.1963
    1167    1311.6862
    1168    1292.2966
    1169    1275.3822
    1170    1262.4756
    1171    1253.3649
    1172    1246.7237
    1173    1240.9338
    1174    1234.7808
    1175    1227.8607
    1176    1220.6820
    1177    1214.5231
    1178    1211.1000
    1179    1212.0865
    1180    1218.5572
    1181    1230.4873
    1182    1246.4837
    1183    1263.9135
    1184    1279.4639
    1185    1289.9998
    1186    1293.4170
    1187    1289.2083
    1188    1278.5657
    1189    1263.9930
    1190    1248.5162
    1191    1234.6952
    1192    1223.7529
    1193    1215.2349
    1194    1207.4682
    1195    1198.6407
    1196    1187.8835
    1197    1175.7560
    1198    1163.9098
    1199    1154.1643
    1200    1147.4834
    1201    1143.3758
    1202    1140.0209
    1203    1135.0857
    1204    1126.8996
    1205    1115.4705
    1206    1102.8188
    1207    1092.3629
    1208    1087.5240
    1209    1090.1460
    1210    1099.4907
    1211    1112.3540
    1212    1124.3586
    1213    1131.9508
    1214    1134.2468
    1215    1133.8016
    1216    1135.7061
    1217    1145.2214
    1218    1165.1105
    1219    1194.0370
    1220    1226.6762
    1221    1255.3657
    1222    1272.7117
    1223    1274.2867
    1224    1260.4148
    1225    1236.2510
    1226    1209.9854
    1227    1189.7609
    1228    1180.4949
    1229    1181.9012
    1230    1188.5948
    1231    1192.3399
    1232    1185.6413
    1233    1165.2686
    1234    1134.2575
    1235    1101.4354
    1236    1078.4657
    1237    1075.4048
    1238    1096.4672
    1239    1137.7622
    1240    1188.0703
    1241    1232.5136
    1242    1257.7656
    1243    1256.8005
    1244    1231.3551
    1245    1191.1686
    1246    1150.3137
    1247    1122.0302
    1248    1114.0361
    1249    1126.0858
    1250    1150.6418
    1251    1176.2837
    1252    1192.4278
    1253    1193.4766
    1254    1180.8293
    1255    1162.0634
    1256    1147.7174
    1257    1147.0176
    1258    1164.2427
    1259    1197.1049
    1260    1237.7014
    1261    1275.5386
    1262    1301.3405
    1263    1310.1322
    1264    1302.4841
    1265    1283.6388
    1266    1261.0850
    1267    1241.6833
    1268    1229.4568
    1269    1224.7472
    1270    1224.8272
    1271    1225.5111
    1272    1223.0023
    1273    1215.2640
    1274    1202.5103
    1275    1186.8143
    1276    1171.1632
    1277    1158.4065
    1278    1150.4761
    1279    1148.0703
    1280    1150.7420
    1281    1157.1869
    1282    1165.5299
    1283    1173.5384
    1284    1178.8372
    1285    1179.2434
    1286    1173.2608
    1287    1160.6277
    1288    1142.6945
    1289    1122.3959
    1290    1103.6999
    1291    1090.5947
    1292    1085.9051
    1293    1090.3540
    1294    1102.2566
    1295    1118.0216
    1296    1133.2996
    1297    1144.3642
    1298    1149.2295
    1299    1148.1329
    1300    1143.2944
    1301    1138.0960
    1302    1136.0026
    1303    1139.5655
    1304    1149.7777
    1305    1165.9532
    1306    1186.1203
    1307    1207.7346
    1308    1228.3901
    1309    1246.2432
    1310    1260.0967
    1311    1269.3653
    1312    1274.1962
    1313    1275.6856
    1314    1275.7869
    1315    1276.6567
    1316    1279.5868
    1317    1283.9999
    1318    1287.0552
    1319    1284.2187
    1320    1270.7936
    1321    1243.9667
    1322    1204.5951
    1323    1157.8907
    1324    1112.4807
    1325    1077.9557
    1326    1061.6844
    1327    1066.0802
    1328    1087.4336
    1329    1116.9228
    1330    1143.6272
    1331    1158.5308
    1332    1157.9654
    1333    1145.0541
    1334    1128.4909
    1335    1119.0519
    1336    1125.1451
    1337    1149.1276
    1338    1185.8677
    1339    1224.1989
    1340    1250.8114
    1341    1255.1651
    1342    1233.5848
    1343    1190.9696
    1344    1139.4090
    1345    1094.1628
    1346    1068.4891
    1347    1069.2407
    1348    1094.7670
    1349    1135.7478
    1350    1178.5313
    1351    1209.7422
    1352    1220.5668
    1353    1209.2873
    1354    1181.3190
    1355    1146.8989
    1356    1117.3724
    1357    1101.4191
    1358    1102.4750
    1359    1118.0891
    1360    1141.2606
    1361    1163.1242
    1362    1175.9812
    1363    1175.7037
    1364    1162.8347
    1365    1142.1350
    1366    1120.7891
    1367    1105.9566
    1368    1102.6540
    1369    1112.6858
    1370    1134.6397
    1371    1164.5410
    1372    1196.7920
    1373    1225.2429
    1374    1244.3534
    1375    1250.3815
    1376    1242.4050
    1377    1222.8549
    1378    1197.2187
    1379    1172.7481
    1380    1156.3669
    1381    1152.3865
    1382    1160.8643
    1383    1177.3165
    1384    1194.0253
    1385    1202.6150
    1386    1197.1059
    1387    1176.4043
    1388    1145.2514
    1389    1113.0978
    1390    1091.1351
    1391    1088.4775
    1392    1108.8894
    1393    1149.2937
    1394    1200.6216
    1395    1250.6836
    1396    1288.0286
    1397    1305.4387
    1398    1301.9001
    1399    1282.4695
    1400    1256.2126
    1401    1233.0318
    1402    1220.5111
    1403    1221.7907
    1404    1235.0141
    1405    1254.3362
    1406    1272.0113
    1407    1280.8348
    1408    1276.2122
    1409    1257.3350
    1410    1227.2352
    1411    1191.8002
    1412    1158.0514
    1413    1132.1731
    1414    1117.9192
    1415    1115.8967
    1416    1123.8072
    1417    1137.3504
    1418    1151.4484
    1419    1161.5401
    1420    1164.7002
    1421    1160.3150
    1422    1150.1288
    1423    1137.6331
    1424    1126.9443
    1425    1121.4617
    1426    1122.7486
    1427    1130.0683
    1428    1140.7892
    1429    1151.5281
    1430    1159.5767
    1431    1163.9872
    1432    1165.8443
    1433    1167.6819
    1434    1172.4126
    1435    1182.2228
    1436    1197.7228
    1437    1217.6073
    1438    1239.0172
    1439    1258.5548
    1440    1273.5410
    1441    1282.9185
    1442    1287.3514
    1443    1288.4802
    1444    1287.7321
    1445    1285.3075
    1446    1279.8839
    1447    1269.2363
    1448    1251.5184
    1449    1226.5780
    1450    1196.5668
    1451    1165.4373
    1452    1137.6152
    1453    1116.5827
    1454    1103.9583
    1455    1099.2703
    1456    1100.4395
    1457    1104.8394
    1458    1110.5152
    1459    1116.9806
    1460    1125.1341
    1461    1136.3084
    1462    1150.9594
    1463    1167.7479
    1464    1183.5891
    1465    1194.7475
    1466    1198.4939
    1467    1194.5124
    1468    1185.3291
    1469    1175.4544
    1470    1169.5075
    1471    1170.0869
    1472    1176.3324
    1473    1183.9199
    1474    1186.6538
    1475    1179.1071
    1476    1159.2299
    1477    1129.7510
    1478    1097.6579
    1479    1071.8268
    1480    1059.6934
    1481    1064.3120
    1482    1083.0226
    1483    1108.3220
    1484    1130.6322
    1485    1141.8762
    1486    1138.4272
    1487    1122.2631
    1488    1099.8879
    1489    1079.5059
    1490    1067.6564
    1491    1066.7179
    1492    1074.2847
    1493    1084.5566
    1494    1091.0446
    1495    1089.3809
    1496    1079.0626
    1497    1063.4705
    1498    1048.2760
    1499    1039.0267
    1500    1038.9637
    1501    1047.9413
    1502    1062.7929
    1503    1078.8791
    1504    1092.0936
    1505    1100.4490
    1506    1104.6132
    1507    1107.2805
    1508    1111.7683
    1509    1120.5227
    1510    1134.1647
    1511    1151.4012
    1512    1169.7224
    1513    1186.4933
    1514    1199.9380
    1515    1209.6219
    1516    1216.3001
    1517    1221.2697
    1518    1225.5669
    1519    1229.3582
    1520    1231.7671
    1521    1231.2093
    1522    1226.1102
    1523    1215.7133
    1524    1200.6109
    1525    1182.7370
    1526    1164.8128
    1527    1149.4761
    1528    1138.4618
    1529    1132.1699
    1530    1129.7822
    1531    1129.8124
    1532    1130.7807
    1533    1131.7151
    1534    1132.3124
    1535    1132.7995
    1536    1133.6433
    1537    1135.2810
    1538    1137.9290
    1539    1141.4470
    1540    1145.2254
    1541    1148.1444
    1542    1148.7171
    1543    1145.4987
    1544    1137.6949
    1545    1125.7296
    1546    1111.4712
    1547    1097.9229
    1548    1088.4234
    1549    1085.5998
    1550    1090.4376
    1551    1101.7979
    1552    1116.5933
    1553    1130.6443
    1554    1140.0015
    1555    1142.2941
    1556    1137.5812
    1557    1128.3500
    1558    1118.6017
    1559    1112.2972
    1560    1111.6702
    1561    1116.0912
    1562    1122.0429
    1563    1124.3486
    1564    1118.2246
    1565    1101.3175
    1566    1074.8950
    1567    1043.7115
    1568    1014.5843
    1569     994.1675
    1570     986.7026
    1571     992.6165
    1572    1008.5494
    1573    1028.8289
    1574    1047.7738
    1575    1061.8661
    1576    1070.9154
    1577    1077.7491
    1578    1086.5834
    1579    1100.7818
    1580    1120.9933
    1581    1144.5339
    1582    1166.3467
    1583    1181.1158
    1584    1185.5751
    1585    1179.9791
    1586    1168.1073
    1587    1155.8295
    1588    1148.8279
    1589    1150.3895
    1590    1160.1359
    1591    1174.1842
    1592    1186.6588
    1593    1191.9342
    1594    1186.6851
    1595    1170.9796
    1596    1148.0818
    1597    1123.1715
    1598    1101.5514
    1599    1086.9882
    1600    1080.7124
    1601    1081.3280
    1602    1085.5557
    1603    1089.4799
    1604    1089.8225
    1605    1084.8488
    1606    1074.7091
    1607    1061.2826
    1608    1047.6948
    1609    1037.6731
    1610    1034.7839
    1611    1041.5725
    1612    1058.7111
    1613    1084.3979
    1614    1114.3229
    1615    1142.4116
    1616    1162.3300
    1617    1169.3885
    1618    1162.2004
    1619    1143.3972
    1620    1118.9902
    1621    1096.4781
    1622    1082.3458
    1623    1079.8810
    1624    1088.1011
    1625    1102.1927
    1626    1115.3472
    1627    1121.3800
    1628    1117.1708
    1629    1103.9500
    1630    1086.8648
    1631    1072.9403
    1632    1068.2471
    1633    1075.4460
    1634    1092.7462
    1635    1114.7120
    1636    1134.5707
    1637    1147.0600
    1638    1150.6305
    1639    1148.0601
    1640    1145.2050
    1641    1148.3887
    1642    1161.5161
    1643    1184.1480
    1644    1211.3686
    1645    1235.5222
    1646    1249.1258
    1647    1247.7780
    1648    1231.8849
    1649    1206.5112
    1650    1179.4198
    1651    1158.0992
    1652    1147.0041
    1653    1146.1425
    1654    1151.5484
    1655    1157.3142
    1656    1158.2121
    1657    1151.7548
    1658    1138.9078
    1659    1123.2937
    1660    1109.3758
    1661    1100.4984
    1662    1097.6380
    1663    1099.3207
    1664    1102.6047
    1665    1104.5714
    1666    1103.6173
    1667    1099.9723
    1668    1095.2170
    1669    1091.0409
    1670    1087.9780
    1671    1084.9677
    1672    1080.0431
    1673    1071.6931
    1674    1060.1167
    1675    1047.7374
    1676    1038.6602
    1677    1037.1939
    1678    1045.9944
    1679    1064.6440
    1680    1089.3430
    1681    1113.9312
    1682    1131.9033
    1683    1138.6739
    1684    1133.2243
    1685    1118.4759
    1686    1100.2281
    1687    1085.0488
    1688    1077.8793
    1689    1080.1857
    1690    1089.3414
    1691    1099.5753
    1692    1104.2751
    1693    1098.8190
    1694    1082.7160
    1695    1060.0638
    1696    1038.1033
    1697    1024.4911
    1698    1024.4096
    1699    1038.6645
    1700    1063.4748
    1701    1091.9436
    1702    1116.5210
    1703    1131.4654
    1704    1134.4594
    1705    1126.9485
    1706    1113.2765
    1707    1099.0578
    1708    1089.3611
    1709    1087.2230
    1710    1092.8322
    1711    1103.5490
    1712    1114.7488
    1713    1121.2417
    1714    1118.8663
    1715    1105.7980
    1716    1083.2507
    1717    1055.3981
    1718    1028.5087
    1719    1009.4437
    1720    1003.8444
    1721    1014.4366
    1722    1039.9521
    1723    1075.0882
    1724    1111.7031
    1725    1141.0523
    1726    1156.4564
    1727    1155.5235
    1728    1141.0559
    1729    1120.1656
    1730    1101.7539
    1731    1093.2181
    1732    1097.6316
    1733    1112.5269
    1734    1130.7931
    1735    1143.3717
    1736    1142.7271
    1737    1125.7686
    1738    1095.0955
    1739    1058.1013
    1740    1024.2920
    1741    1001.8598
    1742     994.8184
    1743    1001.7623
    1744    1016.6576
    1745    1031.3076
    1746    1038.5165
    1747    1034.7503
    1748    1021.3195
    1749    1003.7061
    1750     989.3779
    1751     984.9670
    1752     993.8801
    1753    1015.1589
    1754    1043.8999
    1755    1072.9754
    1756    1095.3624
    1757    1106.2680
    1758    1104.4004
    1759    1092.1089
    1760    1074.4940
    1761    1057.8993
    1762    1048.2486
    1763    1049.6501
    1764    1063.4971
    1765    1088.1723
    1766    1119.3561
    1767    1150.9054
    1768    1176.2108
    1769    1189.8450
    1770    1189.1451
    1771    1175.2482
    1772    1153.0906
    1773    1130.1330
    1774    1114.0399
    1775    1110.0233
    1776    1118.8258
    1777    1136.1689
    1778    1153.9753
    1779    1163.0568
    1780    1156.4085
    1781    1131.9636
    1782    1093.7845
    1783    1051.1270
    1784    1015.5613
    1785     997.0708
    1786    1000.4917
    1787    1023.6287
    1788    1057.8176
    1789    1090.8099
    1790    1110.9591
    1791    1111.1812
    1792    1091.2526
    1793    1057.6499
    1794    1021.0893
    1795     992.7381
    1796     980.5179
    1797     986.7811
    1798    1008.0638
    1799    1036.8163
    1800    1064.3196
    1801    1083.6414
    1802    1091.6229
    1803    1089.3273
    1804    1081.0240
    1805    1072.2723
    1806    1067.9276
    1807    1070.7689
    1808    1081.0614
    1809    1096.9252
    1810    1115.1088
    1811    1131.7784
    1812    1143.1304
    1813    1145.8867
    1814    1137.8433
    1815    1118.5671
    1816    1090.0977
    1817    1057.2821
    1818    1027.2846
    1819    1008.0446
    1820    1005.9048
    1821    1023.1577
    1822    1056.5243
    1823    1097.4067
    1824    1134.1334
    1825    1155.5849
    1826    1154.9668
    1827    1132.3336
    1828    1094.8639
    1829    1054.7027
    1830    1025.0318
    1831    1015.6989
    1832    1029.8963
    1833    1063.0388
    1834    1104.2330
    1835    1139.8575
    1836    1158.0637
    1837    1152.6839
    1838    1125.2207
    1839    1084.2383
    1840    1042.4195
    1841    1012.3514
    1842    1002.5051
    1843    1014.7243
    1844    1043.9399
    1845    1080.0471
    1846    1111.2051
    1847    1127.4480
    1848    1123.5156
    1849    1100.1605
    1850    1063.6998
    1851    1024.0904
    1852     992.1317
    1853     976.5540
    1854     981.6995
    1855    1006.3505
    1856    1043.9927
    1857    1084.4733
    1858    1116.6978
    1859    1131.7176
    1860    1125.4268
    1861    1100.0536
    1862    1063.8735
    1863    1029.0139
    1864    1007.8474
    1865    1009.0121
    1866    1034.3815
    1867    1078.0815
    1868    1128.0418
    1869    1169.7174
    1870    1190.8417
    1871    1185.6383
    1872    1157.0034
    1873    1115.7550
    1874    1077.0600
    1875    1055.2188
    1876    1058.6692
    1877    1087.0578
    1878    1131.4545
    1879    1177.6051
    1880    1210.9744
    1881    1221.6679
    1882    1207.4301
    1883    1173.7440
    1884    1131.2471
    1885    1091.6527
    1886    1063.8236
    1887    1051.3708
    1888    1052.4089
    1889    1061.2438
    1890    1071.1278
    1891    1076.9476
    1892    1076.8212
    1893    1072.0946
    1894    1065.9828
    1895    1061.6825
    1896    1060.8878
    1897    1063.2881
    1898    1067.0961
    1899    1070.1878
    1900    1071.2394
    1901    1070.3275
    1902    1068.7603
    1903    1068.2913
    1904    1070.1405
    1905    1074.3206
    1906    1079.5681
    1907    1083.8816
    1908    1085.4054
    1909    1083.2604
    1910    1077.9687
    1911    1071.2980
    1912    1065.6126
    1913    1063.0364
    1914    1064.7662
    1915    1070.7412
    1916    1079.6697
    1917    1089.3238
    1918    1096.9969
    1919    1100.0742
    1920    1096.6570
    1921    1086.1464
    1922    1069.6303
    1923    1049.8899
    1924    1030.9256
    1925    1017.0551
    1926    1011.8080
    1927    1016.9029
    1928    1031.5873
    1929    1052.6064
    1930    1074.9574
    1931    1093.3569
    1932    1104.0118
    1933    1106.0418
    1934    1101.8968
    1935    1096.4649
    1936    1095.0676
    1937    1101.0716
    1938    1114.1159
    1939    1129.7954
    1940    1141.0981
    1941    1141.1107
    1942    1125.9377
    1943    1096.6119
    1944    1059.1732
    1945    1022.7938
    1946     996.6256
    1947     986.5747
    1948     993.2781
    1949    1012.1189
    1950    1035.2887
    1951    1055.0166
    1952    1066.5418
    1953    1069.5450
    1954    1067.5063
    1955    1065.4048
    1956    1066.9000
    1957    1072.3278
    1958    1078.4552
    1959    1080.1233
    1960    1073.0057
    1961    1056.1561
    1962    1033.0436
    1963    1010.4374
    1964     995.5759
    1965     992.9890
    1966    1002.5661
    1967    1019.7856
    1968    1037.9474
    1969    1051.3775
    1970    1058.1627
    1971    1061.1758
    1972    1066.9048
    1973    1082.5340
    1974    1112.4542
    1975    1155.6363
    1976    1204.9899
    1977    1249.0886
    1978    1275.7517
    1979    1276.2337
    1980    1248.4860
    1981    1198.2359
    1982    1137.4106
    1983    1080.4396
    1984    1039.7392
    1985    1021.9473
    1986    1026.1734
    1987    1044.8085
    1988    1066.5623
    1989    1080.6268
    1990    1080.5059
    1991    1066.2093
    1992    1044.1023
    1993    1024.5156
    1994    1017.9760
    1995    1031.3730
    1996    1065.3512
    1997    1113.7442
    1998    1165.1648
    1999    1206.1965
    2000    1225.2047
