#Frame              T
       1    2976.8858
       2    2857.3443
       3    2665.2076
       4    2437.4239
       5    2213.7782
       6    2026.4288
       7    1892.3822
       8    1811.2018
       9    1768.3355
      10    1742.3611
      11    1713.3986
      12    1670.0370
      13    1612.8074
      14    1553.3209
      15    1509.5591
      16    1498.9880
      17    1531.8244
      18    1606.6770
      19    1709.9515
      20    1819.1609
      21    1909.0625
      22    1958.7087
      23    1957.2837
      24    1907.0184
      25    1822.3910
      26    1725.9066
      27    1641.7329
      28    1589.0735
      29    1577.2260
      30    1603.7414
      31    1656.1163
      32    1716.3251
      33    1766.6421
      34    1794.8906
      35    1797.5555
      36    1779.9708
      37    1753.7213
      38    1732.2572
      39    1726.1857
      40    1739.7114
      41    1769.2566
      42    1804.6168
      43    1832.2310
      44    1839.5361
      45    1819.0108
      46    1770.6159
      47    1701.9298
      48    1626.1928
      49    1558.9923
      50    1514.3091
      51    1500.8390
      52    1519.6732
      53    1564.0388
      54    1621.1612
      55    1675.7089
      56    1713.8807
      57    1727.0503
      58    1713.9866
      59    1681.0554
      60    1640.3143
      61    1605.9892
      62    1590.2982
      63    1599.8312
      64    1633.5657
      65    1683.1676
      66    1735.5206
      67    1776.7476
      68    1796.5046
      69    1791.2172
      70    1765.2263
      71    1729.4312
      72    1697.7066
      73    1682.1075
      74    1688.4413
      75    1713.8586
      76    1747.4693
      77    1773.8601
      78    1778.3313
      79    1752.0735
      80    1695.5633
      81    1619.0524
      82    1539.9341
      83    1477.7576
      84    1448.3831
      85    1459.0277
      86    1505.7564
      87    1574.3298
      88    1644.3338
      89    1695.3544
      90    1713.1665
      91    1693.8926
      92    1644.8060
      93    1581.5392
      94    1522.6354
      95    1483.2912
      96    1470.4686
      97    1481.0627
      98    1503.6251
      99    1522.8326
     100    1525.0725
     101    1503.3334
     102    1459.9165
     103    1406.1045
     104    1358.7831
     105    1335.0172
     106    1346.3331
     107    1394.6188
     108    1471.0520
     109    1558.4454
     110    1636.2864
     111    1686.9131
     112    1700.8860
     113    1679.8312
     114    1635.7818
     115    1587.1411
     116    1552.5125
     117    1544.4144
     118    1565.0724
     119    1605.8025
     120    1650.1994
     121    1679.9364
     122    1681.1497
     123    1649.2245
     124    1590.3746
     125    1519.4934
     126    1455.0493
     127    1412.8118
     128    1400.5968
     129    1415.8700
     130    1447.0256
     131    1477.8876
     132    1493.7425
     133    1486.5815
     134    1457.6804
     135    1416.9358
     136    1379.4317
     137    1360.3073
     138    1369.5723
     139    1408.6849
     140    1470.0404
     141    1539.4564
     142    1600.7295
     143    1640.6716
     144    1652.9128
     145    1639.2903
     146    1608.5474
     147    1573.0039
     148    1544.4712
     149    1530.8209
     150    1534.2374
     151    1551.4655
     152    1575.5983
     153    1598.5349
     154    1613.3072
     155    1615.7568
     156    1605.2614
     157    1584.4296
     158    1558.0070
     159    1531.4228
     160    1509.3488
     161    1494.5607
     162    1487.3308
     163    1485.5166
     164    1485.3209
     165    1482.4164
     166    1472.9069
     167    1453.9448
     168    1424.5670
     169    1386.9709
     170    1347.1599
     171    1313.8174
     172    1295.6143
     173    1298.1225
     174    1321.5837
     175    1360.3716
     176    1404.4110
     177    1442.2382
     178    1464.7391
     179    1468.2297
     180    1455.7131
     181    1435.8362
     182    1419.9047
     183    1417.9428
     184    1435.0678
     185    1469.3896
     186    1512.2529
     187    1550.9464
     188    1573.0875
     189    1571.1300
     190    1545.3003
     191    1503.8379
     192    1460.3941
     193    1429.4543
     194    1421.3391
     195    1438.5119
     196    1474.5254
     197    1516.0305
     198    1547.2092
     199    1555.1097
     200    1534.0375
     201    1487.5133
     202    1427.1766
     203    1369.0744
     204    1328.6075
     205    1315.7776
     206    1332.2377
     207    1371.0740
     208    1419.3746
     209    1462.6959
     210    1489.8683
     211    1496.4831
     212    1485.9157
     213    1467.6483
     214    1453.5795
     215    1453.6313
     216    1472.1508
     217    1506.2851
     218    1546.8161
     219    1581.1248
     220    1597.2651
     221    1587.7997
     222    1552.1718
     223    1496.8880
     224    1433.5224
     225    1375.2538
     226    1333.1014
     227    1313.0438
     228    1314.8481
     229    1332.8319
     230    1358.1419
     231    1381.6683
     232    1396.6494
     233    1400.2644
     234    1393.9274
     235    1382.3052
     236    1371.3893
     237    1366.2255
     238    1369.0977
     239    1378.8508
     240    1391.5996
     241    1402.4627
     242    1407.5617
     243    1405.4972
     244    1397.8287
     245    1388.4984
     246    1382.4963
     247    1384.2629
     248    1396.3413
     249    1418.6281
     250    1448.3674
     251    1480.7831
     252    1510.1124
     253    1530.7521
     254    1538.3241
     255    1530.5192
     256    1507.6142
     257    1472.5327
     258    1430.3644
     259    1387.3634
     260    1349.6054
     261    1321.6230
     262    1305.4062
     263    1300.1080
     264    1302.6132
     265    1308.8571
     266    1315.4797
     267    1321.2254
     268    1327.5295
     269    1337.9817
     270    1356.7592
     271    1386.5394
     272    1426.6501
     273    1472.2584
     274    1515.0530
     275    1545.3685
     276    1555.1031
     277    1540.4425
     278    1503.4024
     279    1451.5915
     280    1396.2070
     281    1348.8957
     282    1318.4763
     283    1308.5752
     284    1316.9146
     285    1336.4560
     286    1358.0075
     287    1373.4048
     288    1378.1848
     289    1372.8618
     290    1362.3544
     291    1353.7562
     292    1353.2596
     293    1363.4265
     294    1381.9262
     295    1402.2360
     296    1415.9938
     297    1416.1127
     298    1399.5934
     299    1369.0471
     300    1332.3174
     301    1300.1737
     302    1282.7752
     303    1286.1760
     304    1310.2330
     305    1348.7154
     306    1391.5187
     307    1428.0971
     308    1450.8815
     309    1457.5323
     310    1451.3475
     311    1439.7474
     312    1431.3760
     313    1432.7962
     314    1445.9129
     315    1467.0658
     316    1488.1905
     317    1499.7204
     318    1494.2309
     319    1469.4846
     320    1429.6406
     321    1383.9835
     322    1343.6491
     323    1317.9062
     324    1311.5847
     325    1324.2621
     326    1351.0072
     327    1384.2788
     328    1416.4007
     329    1441.8132
     330    1458.3406
     331    1467.1271
     332    1471.4077
     333    1474.7242
     334    1479.3158
     335    1485.2868
     336    1490.7968
     337    1493.1028
     338    1489.9411
     339    1480.6415
     340    1466.5211
     341    1450.4217
     342    1435.6113
     343    1424.5281
     344    1417.9334
     345    1414.8432
     346    1413.2022
     347    1410.9415
     348    1406.9578
     349    1401.6441
     350    1396.7658
     351    1394.7253
     352    1397.4314
     353    1405.1930
     354    1416.2306
     355    1427.2531
     356    1434.8818
     357    1437.1382
     358    1434.2835
     359    1428.6958
     360    1423.8685
     361    1422.9301
     362    1427.2675
     363    1435.8138
     364    1445.3200
     365    1451.5732
     366    1451.0706
     367    1442.4306
     368    1426.9437
     369    1408.0823
     370    1390.2180
     371    1377.0325
     372    1370.1575
     373    1368.5343
     374    1368.8233
     375    1366.7894
     376    1359.1052
     377    1344.8482
     378    1326.1314
     379    1307.6544
     380    1295.3054
     381    1294.2691
     382    1307.2650
     383    1333.5338
     384    1368.9165
     385    1407.0237
     386    1441.1003
     387    1465.9564
     388    1479.3306
     389    1482.2690
     390    1478.4559
     391    1472.7536
     392    1469.4155
     393    1470.5814
     394    1475.6197
     395    1481.6146
     396    1484.7419
     397    1481.9359
     398    1472.1891
     399    1457.0486
     400    1440.1861
     401    1426.2166
     402    1419.1592
     403    1421.0615
     404    1431.2620
     405    1446.5489
     406    1462.1265
     407    1473.0388
     408    1475.5883
     409    1468.3305
     410    1452.3658
     411    1430.8611
     412    1407.9669
     413    1387.4799
     414    1371.7183
     415    1361.0017
     416    1353.9058
     417    1348.1627
     418    1341.8000
     419    1334.0602
     420    1325.7268
     421    1318.7560
     422    1315.3913
     423    1317.1523
     424    1324.1363
     425    1334.9372
     426    1347.2077
     427    1358.6196
     428    1367.7783
     429    1374.7097
     430    1380.7232
     431    1387.7750
     432    1397.5973
     433    1410.9015
     434    1426.9042
     435    1443.3543
     436    1457.1234
     437    1465.2020
     438    1465.7642
     439    1458.8969
     440    1446.6814
     441    1432.5570
     442    1420.1646
     443    1412.1054
     444    1409.1001
     445    1409.8959
     446    1411.9840
     447    1412.8468
     448    1411.2184
     449    1407.8021
     450    1405.1275
     451    1406.5566
     452    1414.8252
     453    1430.6801
     454    1452.1824
     455    1474.9602
     456    1493.3754
     457    1502.2049
     458    1498.2836
     459    1481.5488
     460    1455.1521
     461    1424.5902
     462    1396.1248
     463    1374.9791
     464    1363.8692
     465    1362.3385
     466    1367.0874
     467    1373.2167
     468    1375.9802
     469    1372.5065
     470    1362.9177
     471    1350.4365
     472    1340.3652
     473    1338.2085
     474    1347.5443
     475    1368.4057
     476    1396.8007
     477    1425.6281
     478    1446.7398
     479    1453.4855
     480    1442.8878
     481    1416.7010
     482    1380.9721
     483    1344.1964
     484    1314.6331
     485    1297.7421
     486    1294.7274
     487    1302.6939
     488    1316.1814
     489    1329.3308
     490    1337.9064
     491    1340.5472
     492    1338.8953
     493    1336.6448
     494    1337.9303
     495    1345.6954
     496    1360.6126
     497    1380.8569
     498    1402.6810
     499    1421.5082
     500    1433.2032
     501    1435.2509
     502    1427.5541
     503    1412.4414
     504    1393.6648
     505    1374.9167
     506    1358.9889
     507    1348.1225
     508    1344.7442
     509    1351.4773
     510    1370.2108
     511    1400.8079
     512    1440.1407
     513    1482.0321
     514    1518.5165
     515    1542.2500
     516    1549.0608
     517    1539.4041
     518    1518.0775
     519    1492.3740
     520    1469.4251
     521    1453.6875
     522    1445.3024
     523    1439.7055
     524    1428.9999
     525    1405.4017
     526    1365.5665
     527    1313.3244
     528    1259.2343
     529    1217.2661
     530    1200.0478
     531    1214.4208
     532    1258.8042
     533    1323.2501
     534    1392.1949
     535    1449.0195
     536    1480.9417
     537    1482.6775
     538    1457.8726
     539    1418.2686
     540    1381.0166
     541    1363.2226
     542    1372.8259
     543    1402.6794
     544    1436.0309
     545    1456.8451
     546    1455.9766
     547    1432.9907
     548    1395.3282
     549    1355.3783
     550    1326.1726
     551    1317.0201
     552    1330.5040
     553    1361.7759
     554    1400.2942
     555    1433.3361
     556    1450.1059
     557    1445.0979
     558    1419.5252
     559    1380.2141
     560    1336.4878
     561    1296.8185
     562    1266.8250
     563    1248.7359
     564    1241.6902
     565    1242.5415
     566    1247.0215
     567    1250.9886
     568    1251.4095
     569    1246.8273
     570    1237.3154
     571    1224.0996
     572    1209.1260
     573    1194.7490
     574    1183.5363
     575    1178.0708
     576    1180.5876
     577    1192.4139
     578    1213.3282
     579    1241.1054
     580    1271.5761
     581    1299.4483
     582    1319.8299
     583    1329.9742
     584    1330.5129
     585    1325.5432
     586    1321.3979
     587    1324.4384
     588    1338.5651
     589    1363.2878
     590    1393.1103
     591    1418.7177
     592    1429.8756
     593    1419.2253
     594    1385.7145
     595    1336.2594
     596    1284.0374
     597    1243.1651
     598    1223.2440
     599    1227.2823
     600    1251.8049
     601    1287.6353
     602    1322.0916
     603    1342.8322
     604    1342.1255
     605    1319.8588
     606    1284.0460
     607    1248.4703
     608    1228.1009
     609    1233.7557
     610    1267.9212
     611    1323.3568
     612    1385.1334
     613    1435.4244
     614    1459.3212
     615    1449.6211
     616    1409.0026
     617    1349.0215
     618    1286.4339
     619    1238.0682
     620    1215.7848
     621    1223.0296
     622    1254.0545
     623    1296.0546
     624    1333.5216
     625    1353.3855
     626    1349.2817
     627    1323.5689
     628    1286.4073
     629    1252.1626
     630    1234.3234
     631    1240.7680
     632    1271.1031
     633    1316.8831
     634    1364.4021
     635    1399.0180
     636    1409.7074
     637    1392.5703
     638    1352.1535
     639    1300.0139
     640    1250.8858
     641    1217.7700
     642    1207.6724
     643    1219.4593
     644    1244.5211
     645    1269.9752
     646    1283.2919
     647    1276.7315
     648    1250.0178
     649    1210.3024
     650    1169.5426
     651    1140.4199
     652    1132.3374
     653    1148.7572
     654    1186.5118
     655    1237.0693
     656    1289.2316
     657    1332.3924
     658    1359.3850
     659    1368.1308
     660    1361.7153
     661    1347.0046
     662    1332.2188
     663    1324.0474
     664    1325.2738
     665    1334.0944
     666    1345.4650
     667    1353.5064
     668    1353.7725
     669    1344.6662
     670    1327.7334
     671    1306.8862
     672    1286.9551
     673    1272.1501
     674    1264.9457
     675    1265.6519
     676    1272.6849
     677    1283.3602
     678    1294.8378
     679    1304.7926
     680    1311.5646
     681    1313.9411
     682    1310.9349
     683    1301.8381
     684    1286.5812
     685    1266.1890
     686    1243.0434
     687    1220.7131
     688    1203.2209
     689    1193.8425
     690    1193.7981
     691    1201.4144
     692    1212.2899
     693    1220.6071
     694    1221.2096
     695    1211.6840
     696    1193.6354
     697    1172.5834
     698    1156.3862
     699    1152.6102
     700    1165.7365
     701    1195.2221
     702    1235.2354
     703    1276.2763
     704    1308.1867
     705    1323.4703
     706    1319.7298
     707    1300.3633
     708    1273.2958
     709    1248.2107
     710    1233.2728
     711    1232.4923
     712    1244.6166
     713    1263.8489
     714    1282.0408
     715    1291.5511
     716    1287.8296
     717    1270.9333
     718    1245.5376
     719    1219.4556
     720    1201.1189
     721    1196.8144
     722    1208.5679
     723    1233.3956
     724    1264.2050
     725    1292.0825
     726    1309.2298
     727    1311.5877
     728    1300.2782
     729    1281.3695
     730    1264.0137
     731    1257.4895
     732    1268.0510
     733    1296.6539
     734    1338.4573
     735    1384.3902
     736    1424.1677
     737    1449.4994
     738    1456.3672
     739    1445.9690
     740    1424.2825
     741    1400.1742
     742    1382.3715
     743    1376.3265
     744    1382.2315
     745    1394.9840
     746    1406.1017
     747    1406.8675
     748    1391.5493
     749    1359.5604
     750    1315.8220
     751    1269.2402
     752    1229.8618
     753    1205.6844
     754    1200.1951
     755    1211.4496
     756    1232.9720
     757    1256.1355
     758    1273.1367
     759    1279.4730
     760    1275.0826
     761    1263.8589
     762    1251.8489
     763    1244.8733
     764    1246.4275
     765    1256.5491
     766    1271.9465
     767    1287.2458
     768    1296.8353
     769    1296.6583
     770    1285.3969
     771    1264.7337
     772    1238.7263
     773    1212.5725
     774    1191.2009
     775    1178.1139
     776    1174.8017
     777    1180.8282
     778    1194.4270
     779    1213.2563
     780    1234.9791
     781    1257.5405
     782    1279.1972
     783    1298.4502
     784    1314.0098
     785    1324.8690
     786    1330.4672
     787    1330.8528
     788    1326.7414
     789    1319.3792
     790    1310.2160
     791    1300.4568
     792    1290.6514
     793    1280.4660
     794    1268.7745
     795    1254.0773
     796    1235.1533
     797    1211.7855
     798    1185.3384
     799    1158.9526
     800    1137.1854
     801    1125.0658
     802    1126.7756
     803    1144.3089
     804    1176.5448
     805    1219.0972
     806    1265.1138
     807    1306.8845
     808    1337.8108
     809    1354.1218
     810    1355.7534
     811    1346.0699
     812    1330.4929
     813    1314.5084
     814    1301.8004
     815    1293.3285
     816    1287.8464
     817    1283.4321
     818    1278.3483
     819    1270.2960
     820    1256.5142
     821    1236.3041
     822    1212.8264
     823    1192.0867
     824    1180.4250
     825    1182.1658
     826    1198.2039
     827    1225.7408
     828    1259.1282
     829    1291.5176
     830    1316.7925
     831    1331.1795
     832    1334.0357
     833    1327.6455
     834    1316.1723
     835    1304.1703
     836    1295.1786
     837    1290.8266
     838    1290.6581
     839    1292.6192
     840    1293.9432
     841    1292.1013
     842    1285.5462
     843    1274.0924
     844    1258.9086
     845    1242.1808
     846    1226.5673
     847    1214.6164
     848    1208.2999
     849    1208.7544
     850    1216.2293
     851    1230.1570
     852    1249.2310
     853    1271.4444
     854    1294.1759
     855    1314.4859
     856    1329.6499
     857    1337.7391
     858    1338.0220
     859    1331.0750
     860    1318.6079
     861    1303.0641
     862    1287.0673
     863    1272.8319
     864    1261.6850
     865    1253.8533
     866    1248.5892
     867    1244.5968
     868    1240.6032
     869    1235.8794
     870    1230.5428
     871    1225.5649
     872    1222.4803
     873    1222.8704
     874    1227.7708
     875    1237.1976
     876    1249.9802
     877    1263.9821
     878    1276.6307
     879    1285.5620
     880    1289.1632
     881    1286.9072
     882    1279.4606
     883    1268.5637
     884    1256.6657
     885    1246.3270
     886    1239.5447
     887    1237.2725
     888    1239.3764
     889    1245.0275
     890    1253.2568
     891    1263.3097
     892    1274.6541
     893    1286.7687
     894    1298.9255
     895    1310.0593
     896    1318.7604
     897    1323.4930
     898    1323.0667
     899    1317.2043
     900    1306.8863
     901    1294.2115
     902    1281.7569
     903    1271.6908
     904    1265.0144
     905    1261.2648
     906    1258.8058
     907    1255.6132
     908    1250.2801
     909    1242.8442
     910    1235.0397
     911    1229.7764
     912    1229.9712
     913    1237.1576
     914    1250.4515
     915    1266.3504
     916    1279.5626
     917    1284.6737
     918    1278.1063
     919    1259.6664
     920    1233.0590
     921    1205.0533
     922    1183.4206
     923    1174.3083
     924    1180.1228
     925    1198.8082
     926    1224.6776
     927    1250.3231
     928    1268.9445
     929    1276.4339
     930    1272.6121
     931    1261.2207
     932    1248.6389
     933    1241.6897
     934    1245.2076
     935    1260.1840
     936    1283.1693
     937    1307.2435
     938    1324.2699
     939    1327.6835
     940    1314.8506
     941    1288.1743
     942    1254.5494
     943    1223.2973
     944    1203.2324
     945    1199.8172
     946    1213.3806
     947    1239.0129
     948    1268.1788
     949    1291.5088
     950    1301.8452
     951    1296.5436
     952    1278.2671
     953    1253.9978
     954    1232.6032
     955    1221.7957
     956    1225.5487
     957    1242.8125
     958    1267.9101
     959    1292.4286
     960    1307.9507
     961    1308.7161
     962    1293.3805
     963    1265.4816
     964    1232.5800
     965    1204.2093
     966    1189.0508
     967    1192.1601
     968    1213.2392
     969    1246.5805
     970    1282.7278
     971    1311.2961
     972    1324.0320
     973    1317.1291
     974    1292.0706
     975    1254.7920
     976    1213.5408
     977    1176.2466
     978    1148.3222
     979    1131.5925
     980    1124.5225
     981    1123.4418
     982    1124.2047
     983    1123.7188
     984    1120.9274
     985    1117.0316
     986    1114.9692
     987    1118.3891
     988    1130.4453
     989    1152.7735
     990    1184.9220
     991    1224.3488
     992    1266.9063
     993    1307.6294
     994    1341.6259
     995    1364.9180
     996    1375.1211
     997    1371.8729
     998    1356.9327
     999    1333.8887
    1000    1307.4285
    1001    1282.4230
    1002    1262.7069
    1003    1250.3113
    1004    1245.0534
    1005    1244.7294
    1006    1245.8427
    1007    1244.7009
    1008    1238.6185
    1009    1226.9097
    1010    1211.3476
    1011    1195.8693
    1012    1185.4881
    1013    1184.6840
    1014    1195.7917
    1015    1217.9758
    1016    1247.2153
    1017    1277.3507
    1018    1301.8479
    1019    1315.7216
    1020    1317.0182
    1021    1307.4030
    1022    1291.6690
    1023    1276.2847
    1024    1267.4097
    1025    1268.9749
    1026    1281.3974
    1027    1301.3326
    1028    1322.5659
    1029    1337.7769
    1030    1340.6648
    1031    1327.8198
    1032    1299.8054
    1033    1261.1408
    1034    1219.1882
    1035    1182.2574
    1036    1157.4388
    1037    1148.7473
    1038    1156.1002
    1039    1175.4410
    1040    1199.9870
    1041    1222.2449
    1042    1236.1895
    1043    1238.9746
    1044    1231.6873
    1045    1218.8895
    1046    1207.0427
    1047    1202.2613
    1048    1208.1423
    1049    1224.4022
    1050    1246.8149
    1051    1268.4909
    1052    1282.0714
    1053    1282.1106
    1054    1266.8495
    1055    1238.7860
    1056    1203.8879
    1057    1169.7475
    1058    1143.3332
    1059    1129.1007
    1060    1128.0111
    1061    1137.6757
    1062    1153.4642
    1063    1170.1408
    1064    1183.4995
    1065    1191.4629
    1066    1194.3353
    1067    1194.2390
    1068    1194.1203
    1069    1196.7720
    1070    1204.0705
    1071    1216.4421
    1072    1232.6031
    1073    1249.7135
    1074    1264.0550
    1075    1272.1300
    1076    1271.8494
    1077    1263.3743
    1078    1249.2840
    1079    1233.9826
    1080    1222.4976
    1081    1219.0014
    1082    1225.5017
    1083    1241.1175
    1084    1262.2081
    1085    1283.3502
    1086    1298.8993
    1087    1304.6478
    1088    1299.0520
    1089    1283.6067
    1090    1262.2367
    1091    1239.9281
    1092    1221.0875
    1093    1208.1893
    1094    1201.1385
    1095    1197.5208
    1096    1193.6470
    1097    1186.0549
    1098    1172.9591
    1099    1155.1257
    1100    1135.8688
    1101    1120.1635
    1102    1113.1759
    1103    1118.6778
    1104    1137.8264
    1105    1168.6570
    1106    1206.4274
    1107    1244.7428
    1108    1277.1901
    1109    1299.0330
    1110    1308.4344
    1111    1306.7922
    1112    1298.0999
    1113    1287.5806
    1114    1280.0486
    1115    1278.4689
    1116    1283.0812
    1117    1291.3160
    1118    1298.5567
    1119    1299.5787
    1120    1290.3057
    1121    1269.3570
    1122    1238.8746
    1123    1204.2976
    1124    1173.0625
    1125    1152.5807
    1126    1148.0620
    1127    1160.7750
    1128    1187.2476
    1129    1219.7632
    1130    1248.2257
    1131    1263.0555
    1132    1258.3576
    1133    1234.3565
    1134    1198.0151
    1135    1160.9075
    1136    1134.5759
    1137    1126.0585
    1138    1136.2885
    1139    1160.8684
    1140    1191.8107
    1141    1219.9638
    1142    1237.8482
    1143    1242.0868
    1144    1234.5377
    1145    1221.6453
    1146    1212.1337
    1147    1213.8074
    1148    1230.5843
    1149    1260.8360
    1150    1297.6405
    1151    1330.9045
    1152    1350.6602
    1153    1350.4517
    1154    1329.6300
    1155    1293.7351
    1156    1252.8034
    1157    1218.2181
    1158    1199.2154
    1159    1200.1153
    1160    1218.9721
    1161    1248.0932
    1162    1276.6115
    1163    1294.4642
    1164    1296.1121
    1165    1282.3392
    1166    1259.5442
    1167    1237.0390
    1168    1223.4975
    1169    1223.8236
    1170    1237.4919
    1171    1258.8990
    1172    1279.6106
    1173    1291.6533
    1174    1290.2935
    1175    1274.8731
    1176    1248.0492
    1177    1214.8870
    1178    1181.7801
    1179    1154.6426
    1180    1137.0626
    1181    1129.4269
    1182    1129.3191
    1183    1132.8373
    1184    1136.2188
    1185    1137.1906
    1186    1135.6553
    1187    1133.5438
    1188    1133.9287
    1189    1139.7374
    1190    1152.5515
    1191    1171.9636
    1192    1195.7266
    1193    1220.6099
    1194    1243.5585
    1195    1262.5854
    1196    1276.9860
    1197    1286.9732
    1198    1293.1723
    1199    1296.2094
    1200    1296.3631
    1201    1293.3481
    1202    1286.4172
    1203    1274.8008
    1204    1258.3034
    1205    1237.7664
    1206    1215.1500
    1207    1193.1078
    1208    1174.1348
    1209    1159.6700
    1210    1149.6428
    1211    1142.7514
    1212    1137.3343
    1213    1132.4048
    1214    1128.3655
    1215    1127.0491
    1216    1131.0002
    1217    1142.2245
    1218    1160.9061
    1219    1184.6640
    1220    1208.7688
    1221    1227.3929
    1222    1235.5464
    1223    1231.0026
    1224    1215.4326
    1225    1194.1834
    1226    1174.6363
    1227    1163.6588
    1228    1165.0956
    1229    1178.2997
    1230    1198.3303
    1231    1217.7926
    1232    1229.6367
    1233    1229.8406
    1234    1218.9413
    1235    1201.8391
    1236    1185.9449
    1237    1178.3884
    1238    1183.3300
    1239    1200.3866
    1240    1224.7374
    1241    1248.8524
    1242    1265.1776
    1243    1268.7774
    1244    1258.9692
    1245    1239.3939
    1246    1216.5355
    1247    1197.2722
    1248    1186.3637
    1249    1184.8088
    1250    1189.6764
    1251    1195.4538
    1252    1196.3713
    1253    1188.7902
    1254    1172.7341
    1255    1152.0058
    1256    1132.8549
    1257    1121.7101
    1258    1122.8087
    1259    1136.5814
    1260    1159.3733
    1261    1184.6032
    1262    1204.9346
    1263    1214.6950
    1264    1211.7233
    1265    1198.0423
    1266    1179.1465
    1267    1162.1448
    1268    1153.3599
    1269    1156.2060
    1270    1170.0586
    1271    1190.4883
    1272    1210.7532
    1273    1224.0407
    1274    1225.7215
    1275    1214.8632
    1276    1194.4901
    1277    1170.5419
    1278    1149.9330
    1279    1138.3727
    1280    1138.5979
    1281    1149.5288
    1282    1166.6288
    1283    1183.3929
    1284    1193.5118
    1285    1192.9966
    1286    1181.5232
    1287    1162.5093
    1288    1141.9075
    1289    1126.1603
    1290    1120.0528
    1291    1125.2048
    1292    1139.6953
    1293    1158.9626
    1294    1177.6528
    1295    1191.7219
    1296    1199.9543
    1297    1204.2369
    1298    1208.5189
    1299    1217.0335
    1300    1232.5765
    1301    1255.3750
    1302    1282.7907
    1303    1309.9435
    1304    1331.1314
    1305    1341.6155
    1306    1339.1542
    1307    1324.7209
    1308    1302.1418
    1309    1276.7751
    1310    1253.7284
    1311    1236.2637
    1312    1224.9689
    1313    1217.9573
    1314    1211.9731
    1315    1203.9359
    1316    1192.3239
    1317    1177.8712
    1318    1163.3443
    1319    1152.4815
    1320    1148.5027
    1321    1152.7821
    1322    1164.2266
    1323    1179.6215
    1324    1194.8021
    1325    1206.1665
    1326    1211.9310
    1327    1212.6637
    1328    1210.9444
    1329    1210.3142
    1330    1213.8958
    1331    1223.1545
    1332    1237.2212
    1333    1253.0483
    1334    1266.3964
    1335    1273.3415
    1336    1271.7787
    1337    1262.3598
    1338    1248.5024
    1339    1235.4075
    1340    1228.3640
    1341    1230.8688
    1342    1243.1853
    1343    1261.8730
    1344    1280.5490
    1345    1291.7480
    1346    1289.3248
    1347    1270.5925
    1348    1237.3804
    1349    1195.5600
    1350    1153.1853
    1351    1117.9631
    1352    1094.9732
    1353    1085.3837
    1354    1086.5109
    1355    1093.1715
    1356    1099.8640
    1357    1103.0310
    1358    1102.5798
    1359    1102.0954
    1360    1107.6135
    1361    1125.3554
    1362    1159.1711
    1363    1208.6014
    1364    1268.3250
    1365    1329.2948
    1366    1381.2237
    1367    1415.5428
    1368    1427.8219
    1369    1418.8982
    1370    1394.3747
    1371    1362.6434
    1372    1332.0814
    1373    1308.3897
    1374    1293.0120
    1375    1283.1589
    1376    1273.3840
    1377    1258.0829
    1378    1233.9767
    1379    1201.6503
    1380    1165.5882
    1381    1132.7111
    1382    1109.9711
    1383    1101.8757
    1384    1108.7960
    1385    1126.6539
    1386    1148.1319
    1387    1165.0254
    1388    1170.9184
    1389    1163.2345
    1390    1143.9814
    1391    1118.9789
    1392    1095.8837
    1393    1081.6891
    1394    1080.5372
    1395    1092.5586
    1396    1114.1090
    1397    1139.2758
    1398    1162.0807
    1399    1178.5680
    1400    1188.0199
    1401    1192.8933
    1402    1197.5704
    1403    1206.4388
    1404    1222.0420
    1405    1243.9629
    1406    1268.8025
    1407    1291.2173
    1408    1305.6409
    1409    1308.0752
    1410    1297.3182
    1411    1275.1722
    1412    1245.6014
    1413    1213.2213
    1414    1181.7701
    1415    1153.1640
    1416    1127.4547
    1417    1103.6380
    1418    1080.9076
    1419    1059.7536
    1420    1042.3657
    1421    1032.0818
    1422    1032.0409
    1423    1043.5488
    1424    1064.8811
    1425    1091.1573
    1426    1115.5439
    1427    1131.4671
    1428    1135.0127
    1429    1126.5424
    1430    1110.8080
    1431    1095.4166
    1432    1088.1471
    1433    1094.0798
    1434    1113.6298
    1435    1142.2745
    1436    1172.1330
    1437    1194.8360
    1438    1204.6077
    1439    1200.4257
    1440    1186.4388
    1441    1170.4405
    1442    1160.9080
    1443    1163.6927
    1444    1179.6416
    1445    1204.0866
    1446    1228.3851
    1447    1242.9259
    1448    1240.5039
    1449    1218.8797
    1450    1181.6702
    1451    1137.2902
    1452    1096.3404
    1453    1068.3453
    1454    1058.9357
    1455    1068.3866
    1456    1091.9397
    1457    1121.7229
    1458    1149.5332
    1459    1169.4765
    1460    1179.5403
    1461    1181.6125
    1462    1180.0651
    1463    1179.5469
    1464    1182.8984
    1465    1189.9892
    1466    1197.8895
    1467    1202.2347
    1468    1199.1325
    1469    1186.7893
    1470    1166.2677
    1471    1141.2473
    1472    1116.9940
    1473    1098.8332
    1474    1090.5514
    1475    1093.2699
    1476    1105.2422
    1477    1122.6632
    1478    1141.1394
    1479    1157.2213
    1480    1169.4156
    1481    1178.3249
    1482    1185.9018
    1483    1194.1480
    1484    1203.8215
    1485    1213.7198
    1486    1220.8738
    1487    1221.5788
    1488    1212.8531
    1489    1193.7673
    1490    1166.1434
    1491    1134.3267
    1492    1104.0126
    1493    1080.4430
    1494    1066.6933
    1495    1062.8814
    1496    1066.6630
    1497    1074.5762
    1498    1083.4703
    1499    1091.4786
    1500    1098.3420
    1501    1105.1000
    1502    1113.3390
    1503    1124.2867
    1504    1138.1053
    1505    1153.6411
    1506    1168.7195
    1507    1180.8394
    1508    1187.9981
    1509    1189.3349
    1510    1185.3611
    1511    1177.6968
    1512    1168.4062
    1513    1159.2477
    1514    1151.2115
    1515    1144.5957
    1516    1139.5578
    1517    1136.7944
    1518    1137.7346
    1519    1143.7373
    1520    1154.7463
    1521    1168.8363
    1522    1183.1048
    1523    1194.8172
    1524    1202.0333
    1525    1203.8603
    1526    1200.5835
    1527    1193.6237
    1528    1185.2205
    1529    1177.8472
    1530    1173.5097
    1531    1173.1360
    1532    1176.2653
    1533    1181.1497
    1534    1185.2652
    1535    1186.1075
    1536    1182.0501
    1537    1173.0003
    1538    1160.5966
    1539    1147.7989
    1540    1137.9267
    1541    1133.4158
    1542    1134.7440
    1543    1139.9737
    1544    1145.1939
    1545    1145.8149
    1546    1138.2892
    1547    1121.6143
    1548    1098.0254
    1549    1072.5743
    1550    1051.6718
    1551    1041.0436
    1552    1043.7481
    1553    1058.9149
    1554    1081.6732
    1555    1104.3912
    1556    1118.9400
    1557    1119.3523
    1558    1104.0510
    1559    1076.8651
    1560    1046.3602
    1561    1023.5192
    1562    1018.3612
    1563    1036.5232
    1564    1076.9712
    1565    1131.7285
    1566    1187.8944
    1567    1231.4364
    1568    1251.5948
    1569    1244.4361
    1570    1214.2899
    1571    1172.4677
    1572    1133.5686
    1573    1110.5604
    1574    1110.3053
    1575    1131.1338
    1576    1163.3941
    1577    1192.8670
    1578    1205.8745
    1579    1194.2425
    1580    1158.3239
    1581    1107.0983
    1582    1055.4067
    1583    1019.2482
    1584    1010.5545
    1585    1033.0849
    1586    1080.8632
    1587    1139.8071
    1588    1192.1079
    1589    1221.9228
    1590    1220.4943
    1591    1188.9767
    1592    1138.0127
    1593    1084.1895
    1594    1044.5603
    1595    1031.0999
    1596    1046.9915
    1597    1085.9784
    1598    1134.9075
    1599    1178.4670
    1600    1204.4133
    1601    1207.4886
    1602    1190.7719
    1603    1164.1336
    1604    1140.4448
    1605    1130.9138
    1606    1141.1651
    1607    1169.3477
    1608    1206.8331
    1609    1241.1483
    1610    1260.0681
    1611    1255.4777
    1612    1225.7914
    1613    1176.2640
    1614    1117.2292
    1615    1060.9264
    1616    1017.9370
    1617     994.3238
    1618     990.3400
    1619    1001.0843
    1620    1018.7771
    1621    1035.7052
    1622    1046.6409
    1623    1049.9823
    1624    1047.6201
    1625    1043.9352
    1626    1044.2065
    1627    1052.7232
    1628    1071.1533
    1629    1097.7990
    1630    1128.0372
    1631    1155.7569
    1632    1175.2587
    1633    1182.9648
    1634    1178.4034
    1635    1164.2131
    1636    1145.2340
    1637    1127.0305
    1638    1114.3353
    1639    1109.8781
    1640    1113.8981
    1641    1124.3964
    1642    1137.9577
    1643    1150.8354
    1644    1159.9406
    1645    1163.4581
    1646    1161.0188
    1647    1153.5141
    1648    1142.7337
    1649    1130.9799
    1650    1120.7302
    1651    1114.2948
    1652    1113.3754
    1653    1118.5109
    1654    1128.5954
    1655    1140.7709
    1656    1150.9176
    1657    1154.7697
    1658    1149.3929
    1659    1134.5255
    1660    1113.1740
    1661    1091.1062
    1662    1075.3080
    1663    1071.8494
    1664    1083.8066
    1665    1109.9000
    1666    1144.3958
    1667    1178.4786
    1668    1202.8214
    1669    1210.5754
    1670    1199.7574
    1671    1174.1227
    1672    1142.1036
    1673    1114.0798
    1674    1098.8706
    1675    1100.6853
    1676    1117.6589
    1677    1142.5781
    1678    1165.5898
    1679    1177.8910
    1680    1174.9891
    1681    1158.2867
    1682    1134.4037
    1683    1112.5681
    1684    1101.1209
    1685    1104.4460
    1686    1121.4047
    1687    1145.7668
    1688    1168.4366
    1689    1180.6563
    1690    1177.0302
    1691    1157.2939
    1692    1126.2360
    1693    1091.8838
    1694    1062.7003
    1695    1044.8524
    1696    1040.5085
    1697    1047.6662
    1698    1061.3967
    1699    1075.9163
    1700    1086.6941
    1701    1091.8758
    1702    1092.6099
    1703    1092.2349
    1704    1094.6932
    1705    1102.8381
    1706    1117.3382
    1707    1136.5142
    1708    1156.9498
    1709    1174.4729
    1710    1185.1577
    1711    1186.1685
    1712    1176.3662
    1713    1156.6012
    1714    1129.6367
    1715    1099.6593
    1716    1071.4117
    1717    1049.1065
    1718    1035.4014
    1719    1030.7523
    1720    1033.4018
    1721    1040.0487
    1722    1047.0280
    1723    1051.6121
    1724    1052.9749
    1725    1052.4399
    1726    1052.8839
    1727    1057.4999
    1728    1068.3864
    1729    1085.5210
    1730    1106.4944
    1731    1127.0831
    1732    1142.4646
    1733    1148.7035
    1734    1144.0615
    1735    1129.6929
    1736    1109.4437
    1737    1088.7550
    1738    1073.0035
    1739    1065.8281
    1740    1068.0475
    1741    1077.5792
    1742    1090.4040
    1743    1102.2075
    1744    1110.0670
    1745    1113.5327
    1746    1114.6689
    1747    1116.9913
    1748    1123.6929
    1749    1135.9122
    1750    1151.8793
    1751    1167.4054
    1752    1177.5164
    1753    1178.5036
    1754    1169.5305
    1755    1153.1188
    1756    1134.3017
    1757    1118.7555
    1758    1110.6549
    1759    1111.1293
    1760    1117.9557
    1761    1126.6226
    1762    1132.3277
    1763    1132.0931
    1764    1126.1268
    1765    1117.8572
    1766    1112.5955
    1767    1115.3375
    1768    1128.5596
    1769    1150.8789
    1770    1177.1508
    1771    1200.0518
    1772    1212.6478
    1773    1211.0032
    1774    1195.8048
    1775    1172.2899
    1776    1148.4037
    1777    1131.8166
    1778    1126.9007
    1779    1132.8485
    1780    1143.7278
    1781    1150.5743
    1782    1144.8315
    1783    1121.8931
    1784    1083.4060
    1785    1037.3720
    1786     995.8671
    1787     971.0838
    1788     971.0669
    1789     996.6795
    1790    1040.9744
    1791    1091.3034
    1792    1133.5033
    1793    1156.7023
    1794    1157.0303
    1795    1138.8875
    1796    1113.2672
    1797    1093.6750
    1798    1091.0832
    1799    1109.7475
    1800    1145.4605
    1801    1186.9316
    1802    1219.8190
    1803    1231.9141
    1804    1217.5612
    1805    1179.7238
    1806    1129.0037
    1807    1080.0028
    1808    1046.3628
    1809    1036.2327
    1810    1049.7206
    1811    1079.1551
    1812    1111.9787
    1813    1135.1965
    1814    1139.8180
    1815    1123.8100
    1816    1092.6136
    1817    1057.1108
    1818    1029.7654
    1819    1020.2950
    1820    1032.4161
    1821    1062.7916
    1822    1102.4753
    1823    1140.2125
    1824    1166.3063
    1825    1175.6460
    1826    1168.8897
    1827    1151.5615
    1828    1131.6021
    1829    1116.4312
    1830    1110.6233
    1831    1114.9283
    1832    1126.7676
    1833    1141.7714
    1834    1155.6105
    1835    1165.4094
    1836    1170.3022
    1837    1171.1010
    1838    1169.3960
    1839    1166.6018
    1840    1163.4169
    1841    1159.8843
    1842    1155.8525
    1843    1151.4361
    1844    1147.1623
    1845    1143.7208
    1846    1141.4749
    1847    1139.9883
    1848    1137.8243
    1849    1132.7977
    1850    1122.7035
    1851    1106.3347
    1852    1084.3892
    1853    1059.8024
    1854    1037.2243
    1855    1021.7139
    1856    1017.0796
    1857    1024.4752
    1858    1041.7978
    1859    1064.1490
    1860    1085.2612
    1861    1099.4454
    1862    1103.4306
    1863    1097.4777
    1864    1085.3454
    1865    1073.0762
    1866    1066.9754
    1867    1071.4525
    1868    1087.4610
    1869    1112.0737
    1870    1139.3595
    1871    1162.3012
    1872    1175.1363
    1873    1175.3242
    1874    1164.4476
    1875    1147.6950
    1876    1132.0612
    1877    1123.8845
    1878    1126.6037
    1879    1139.5259
    1880    1158.0299
    1881    1175.1194
    1882    1183.7860
    1883    1179.3789
    1884    1161.1806
    1885    1132.6763
    1886    1100.4452
    1887    1072.0540
    1888    1053.6624
    1889    1048.1401
    1890    1054.3300
    1891    1067.6752
    1892    1081.9431
    1893    1091.4104
    1894    1092.7566
    1895    1086.0528
    1896    1074.5646
    1897    1063.4643
    1898    1057.9125
    1899    1061.1702
    1900    1073.4020
    1901    1091.6017
    1902    1110.6646
    1903    1125.1992
    1904    1131.4109
    1905    1128.3809
    1906    1118.3086
    1907    1105.6560
    1908    1095.5123
    1909    1091.7717
    1910    1095.7716
    1911    1105.8727
    1912    1118.1150
    1913    1127.6817
    1914    1130.6144
    1915    1125.1384
    1916    1112.1387
    1917    1094.6685
    1918    1076.7538
    1919    1061.9614
    1920    1052.2514
    1921    1047.5036
    1922    1045.8597
    1923    1044.7289
    1924    1042.0250
    1925    1037.1202
    1926    1031.1315
    1927    1026.4406
    1928    1025.6742
    1929    1030.5683
    1930    1041.1535
    1931    1055.5716
    1932    1070.5869
    1933    1082.6252
    1934    1088.9765
    1935    1088.7360
    1936    1083.1470
    1937    1075.2005
    1938    1068.6264
    1939    1066.6482
    1940    1070.9733
    1941    1081.3743
    1942    1095.9537
    1943    1111.9009
    1944    1126.4085
    1945    1137.4387
    1946    1144.1457
    1947    1146.9027
    1948    1146.9684
    1949    1145.9176
    1950    1145.0300
    1951    1144.8621
    1952    1145.1478
    1953    1145.0312
    1954    1143.4946
    1955    1139.7808
    1956    1133.6719
    1957    1125.5619
    1958    1116.3664
    1959    1107.3319
    1960    1099.8207
    1961    1095.1080
    1962    1094.1856
    1963    1097.5533
    1964    1105.0231
    1965    1115.6116
    1966    1127.6115
    1967    1138.8759
    1968    1147.2769
    1969    1151.2232
    1970    1150.0846
    1971    1144.4029
    1972    1135.8061
    1973    1126.6216
    1974    1119.2406
    1975    1115.3516
    1976    1115.2727
    1977    1117.6879
    1978    1120.0071
    1979    1119.2541
    1980    1113.1250
    1981    1100.8540
    1982    1083.6464
    1983    1064.5530
    1984    1047.7417
    1985    1037.2967
    1986    1035.8716
    1987    1043.6400
    1988    1057.9378
    1989    1073.8045
    1990    1085.3623
    1991    1087.6797
    1992    1078.5355
    1993    1059.4447
    1994    1035.5062
    1995    1013.9909
    1996    1002.0566
    1997    1004.3163
    1998    1021.1181
    1999    1048.1944
    2000    1077.8872
