#Frame              T
       1    1154.3078
       2    1247.6884
       3    1096.0235
       4    1070.8953
       5    1085.2633
       6    1144.5200
       7    1123.7681
       8    1135.5800
       9    1067.9125
      10    1140.3981
      11    1135.9802
      12    1012.3288
      13    1035.7345
      14     960.0214
      15    1016.9648
      16    1000.9846
      17    1038.1626
      18    1010.1134
      19    1009.8958
      20    1048.6217
      21    1067.0974
      22    1047.6411
      23     995.0897
      24     997.7475
      25    1003.2933
      26     870.0924
      27     885.2184
      28     858.7881
      29     868.0063
      30     873.2576
      31     835.3141
      32     857.1364
      33     847.3121
      34     884.8577
      35     898.3844
      36     855.9037
      37     892.2099
      38     826.8983
      39     926.0022
      40     800.6706
      41     790.2205
      42     810.9829
      43     787.2144
      44     828.5412
      45     800.1233
      46     729.6707
      47     771.2094
      48     837.9633
      49     794.7448
      50     791.2534
      51     775.3581
      52     853.5104
      53     794.7136
      54     709.8380
      55     861.5524
      56     828.3123
      57     789.5410
      58     796.0436
      59     722.9920
      60     764.0722
      61     772.7087
      62     733.3867
      63     805.2324
      64     823.2514
      65     813.2479
      66     793.4789
      67     788.7749
      68     711.7160
      69     764.7894
      70     799.9828
      71     727.6024
      72     719.8886
      73     729.0408
      74     710.1418
      75     705.2620
      76     668.9867
      77     690.3575
      78     685.7580
      79     718.0103
      80     650.1017
      81     618.6355
      82     664.6224
      83     651.5202
      84     712.4260
      85     702.7187
      86     652.2665
      87     633.1997
      88     654.3812
      89     654.8453
      90     619.4101
      91     612.4249
      92     560.4674
      93     649.9795
      94     660.7937
      95     625.5908
      96     577.0243
      97     597.4729
      98     623.5875
      99     625.4351
     100     638.8699
     101     620.8565
     102     566.5295
     103     667.8357
     104     540.8066
     105     609.8542
     106     628.8301
     107     592.8201
     108     676.6671
     109     594.6262
     110     576.1497
     111     610.5316
     112     567.1842
     113     578.6645
     114     579.5860
     115     611.7489
     116     555.6727
     117     601.9076
     118     567.2861
     119     541.8226
     120     541.9825
     121     534.7255
     122     570.7770
     123     543.1055
     124     537.3321
     125     570.4925
     126     543.9423
     127     533.9258
     128     550.2261
     129     573.1715
     130     564.8636
     131     562.1317
     132     603.6606
     133     546.9917
     134     555.5102
     135     503.5884
     136     537.0856
     137     546.3791
     138     485.0649
     139     507.6935
     140     485.5118
     141     510.0162
     142     542.4659
     143     550.1780
     144     535.5489
     145     545.2678
     146     544.8754
     147     500.6631
     148     538.8576
     149     479.0528
     150     540.8865
     151     522.1573
     152     524.0908
     153     460.4867
     154     491.8942
     155     507.3776
     156     504.1291
     157     516.7250
     158     501.2705
     159     489.0521
     160     453.2904
     161     459.4215
     162     529.8635
     163     446.4116
     164     438.0418
     165     455.5896
     166     472.5682
     167     467.5219
     168     439.6693
     169     506.7032
     170     469.5132
     171     471.3031
     172     415.6692
     173     496.3990
     174     449.9751
     175     428.9867
     176     434.3216
     177     436.3536
     178     465.0395
     179     455.3637
     180     485.9027
     181     427.5431
     182     468.5698
     183     510.3151
     184     489.9447
     185     488.3804
     186     445.4337
     187     472.2742
     188     474.7185
     189     467.3329
     190     462.5153
     191     494.7425
     192     443.9681
     193     446.9943
     194     454.2384
     195     436.0348
     196     448.3666
     197     448.8344
     198     457.1368
     199     420.6873
     200     404.0308
     201     469.5473
     202     408.2537
     203     406.4577
     204     418.2634
     205     373.1189
     206     434.5309
     207     439.5665
     208     480.2232
     209     457.6215
     210     433.3032
     211     416.5549
     212     464.7956
     213     514.9561
     214     465.5585
     215     506.0033
     216     499.4647
     217     484.8424
     218     487.0159
     219     491.3762
     220     451.4210
     221     476.1351
     222     464.6531
     223     477.2580
     224     439.4685
     225     425.2945
     226     444.0406
     227     409.2402
     228     464.0019
     229     446.2340
     230     480.5631
     231     439.6564
     232     440.4835
     233     445.6230
     234     446.4884
     235     470.1757
     236     440.0161
     237     451.8357
     238     440.4298
     239     431.7866
     240     454.5325
     241     428.9316
     242     445.6168
     243     420.2264
     244     416.9456
     245     425.8444
     246     436.4092
     247     434.0535
     248     415.6683
     249     417.8546
     250     384.7102
     251     416.6736
     252     373.0923
     253     422.2829
     254     438.4389
     255     437.3115
     256     407.8595
     257     458.3219
     258     398.5104
     259     419.7209
     260     432.6431
     261     428.1737
     262     420.5531
     263     437.1618
     264     419.0832
     265     406.5379
     266     402.9339
     267     387.0616
     268     437.6452
     269     414.6228
     270     405.7972
     271     439.5984
     272     426.5947
     273     415.5468
     274     453.0384
     275     449.3545
     276     451.8761
     277     431.1889
     278     421.0495
     279     412.3059
     280     437.7569
     281     403.5896
     282     378.4521
     283     370.6669
     284     390.2151
     285     423.2792
     286     410.6093
     287     430.7161
     288     418.3278
     289     413.9959
     290     425.8401
     291     416.7092
     292     408.5901
     293     395.4873
     294     380.3247
     295     391.7694
     296     421.5748
     297     409.3753
     298     412.7233
     299     430.2886
     300     424.6255
     301     413.9169
     302     406.5102
     303     428.8863
     304     435.0936
     305     409.3745
     306     382.3328
     307     419.2581
     308     419.6474
     309     401.2735
     310     400.8253
     311     399.8837
     312     399.5937
     313     392.4860
     314     437.5338
     315     429.6693
     316     436.0221
     317     377.0599
     318     462.7497
     319     406.4208
     320     420.4572
     321     366.3469
     322     418.0106
     323     384.1235
     324     436.6368
     325     397.2010
     326     387.3705
     327     434.0849
     328     404.3533
     329     380.6932
     330     413.8644
     331     412.5436
     332     426.2930
     333     429.3018
     334     420.4182
     335     416.1066
     336     383.1843
     337     398.4935
     338     414.3392
     339     398.8249
     340     413.1808
     341     422.5740
     342     424.4808
     343     392.6266
     344     400.1289
     345     409.9978
     346     433.3103
     347     379.8217
     348     367.7454
     349     363.5675
     350     423.5723
     351     409.5078
     352     392.8469
     353     350.3768
     354     375.9316
     355     418.2164
     356     390.3703
     357     353.8099
     358     381.7240
     359     372.4882
     360     389.2825
     361     398.7822
     362     371.4961
     363     371.3039
     364     423.2931
     365     363.6370
     366     416.9855
     367     394.6581
     368     390.4143
     369     406.0073
     370     407.2602
     371     399.6639
     372     373.0634
     373     426.4151
     374     366.0515
     375     368.1346
     376     360.7457
     377     388.0360
     378     346.3435
     379     366.8137
     380     405.4117
     381     363.7158
     382     381.0068
     383     381.0351
     384     396.8056
     385     409.4462
     386     407.0538
     387     419.9882
     388     379.0203
     389     404.4830
     390     393.2945
     391     378.0000
     392     409.1497
     393     373.6593
     394     393.7707
     395     419.1938
     396     369.5064
     397     349.7839
     398     391.5349
     399     410.6635
     400     408.0598
