#Frame              T
       1    1153.5812
       2    1050.8797
       3    1077.2055
       4    1156.6437
       5    1110.3531
       6     980.3167
       7     958.6486
       8     987.7676
       9     981.1490
      10     937.8098
      11     943.6603
      12     960.6688
      13    1159.1518
      14    1065.7082
      15     935.1378
      16     951.9730
      17     996.7151
      18     940.6684
      19    1034.2418
      20     962.5936
      21     985.6442
      22    1032.1063
      23    1006.9684
      24     910.6275
      25     919.5478
      26     976.9048
      27     840.8813
      28    1015.4613
      29     979.1522
      30     914.7461
      31     897.4938
      32     818.4519
      33     908.0535
      34     927.2833
      35     831.1681
      36     954.0369
      37     823.6854
      38     888.3820
      39     865.8071
      40     823.3714
      41     922.0332
      42     817.0575
      43     863.2393
      44     858.7511
      45     826.2703
      46     761.8992
      47     805.0951
      48     823.8325
      49     814.3933
      50     783.4434
      51     870.1094
      52     807.2407
      53     792.0184
      54     767.6469
      55     823.5492
      56     728.6435
      57     829.8149
      58     777.3111
      59     853.9339
      60     833.1052
      61     794.5679
      62     784.0147
      63     835.4685
      64     768.2407
      65     838.8247
      66     794.3791
      67     777.4141
      68     752.9687
      69     726.6800
      70     774.6756
      71     679.8647
      72     635.2245
      73     652.1624
      74     771.0208
      75     691.7663
      76     680.4404
      77     697.5691
      78     689.0786
      79     763.5891
      80     650.9925
      81     709.0098
      82     655.6038
      83     709.4698
      84     670.1003
      85     637.0752
      86     664.7667
      87     667.7726
      88     709.1971
      89     636.3804
      90     638.4992
      91     647.9317
      92     638.5359
      93     678.9544
      94     662.3448
      95     625.0299
      96     622.8299
      97     622.9699
      98     554.0976
      99     639.2006
     100     584.3633
     101     550.7638
     102     562.0044
     103     652.6547
     104     625.4104
     105     614.9557
     106     614.7204
     107     598.1426
     108     569.0090
     109     629.7448
     110     614.2897
     111     608.2403
     112     548.8722
     113     624.7414
     114     600.2405
     115     587.5868
     116     615.6300
     117     612.6829
     118     617.9908
     119     577.1957
     120     595.2779
     121     578.7670
     122     582.8076
     123     601.1756
     124     597.8587
     125     584.4751
     126     572.5980
     127     537.9223
     128     555.6391
     129     561.9774
     130     531.5147
     131     554.9039
     132     532.6220
     133     487.8917
     134     517.7143
     135     539.0055
     136     517.7536
     137     525.5727
     138     476.3411
     139     530.5023
     140     521.5079
     141     515.7771
     142     511.1276
     143     525.3407
     144     504.6031
     145     516.3632
     146     532.9147
     147     511.1613
     148     485.6526
     149     491.6744
     150     509.5937
     151     508.6613
     152     506.5280
     153     479.7437
     154     491.8269
     155     522.6753
     156     485.2115
     157     512.4686
     158     474.1406
     159     510.2594
     160     516.9538
     161     450.1104
     162     495.1971
     163     519.8833
     164     457.3260
     165     459.1356
     166     491.6187
     167     505.8220
     168     452.0811
     169     478.3176
     170     485.6808
     171     494.1743
     172     458.5666
     173     476.8074
     174     482.8169
     175     516.3803
     176     492.5322
     177     493.5454
     178     515.5929
     179     424.9082
     180     441.7131
     181     462.8771
     182     442.9317
     183     419.0954
     184     432.5995
     185     398.9749
     186     443.0364
     187     455.0325
     188     465.1497
     189     441.9240
     190     466.2339
     191     468.3954
     192     455.8030
     193     414.1115
     194     444.7590
     195     487.8264
     196     467.9910
     197     411.1187
     198     467.9559
     199     476.0519
     200     471.0008
     201     461.6135
     202     422.9929
     203     497.4771
     204     420.1463
     205     469.8550
     206     428.6969
     207     462.2154
     208     363.9901
     209     449.0715
     210     420.0532
     211     439.7182
     212     433.1873
     213     404.2424
     214     396.3296
     215     403.4078
     216     429.9466
     217     420.2224
     218     396.5891
     219     420.8294
     220     441.8544
     221     478.2369
     222     416.0138
     223     434.3407
     224     458.0101
     225     461.4191
     226     439.4029
     227     401.2830
     228     437.5281
     229     473.8075
     230     386.7998
     231     388.8465
     232     387.6548
     233     414.7476
     234     410.1040
     235     359.6718
     236     416.9971
     237     404.9850
     238     408.7844
     239     368.6634
     240     412.4157
     241     398.5239
     242     401.1695
     243     381.2354
     244     366.6788
     245     400.0910
     246     395.6044
     247     408.4177
     248     385.8387
     249     381.9165
     250     417.4503
     251     390.3501
     252     401.2226
     253     410.6209
     254     405.5759
     255     414.9383
     256     432.3356
     257     426.8266
     258     407.7969
     259     448.9880
     260     435.3818
     261     394.6034
     262     419.0546
     263     400.3280
     264     363.2801
     265     385.7067
     266     412.6528
     267     379.0296
     268     436.2437
     269     381.3035
     270     379.7974
     271     378.7331
     272     410.7228
     273     382.0528
     274     371.0636
     275     372.3233
     276     344.9953
     277     407.8656
     278     369.1518
     279     379.9439
     280     402.2988
     281     373.5135
     282     367.9211
     283     378.9188
     284     386.4616
     285     376.1922
     286     358.2699
     287     353.4916
     288     366.9972
     289     348.7086
     290     339.8070
     291     360.7038
     292     312.2218
     293     337.4721
     294     334.0706
     295     333.6997
     296     359.8739
     297     350.0251
     298     357.8731
     299     352.4656
     300     360.7260
     301     366.5340
     302     387.3636
     303     353.5234
     304     333.6424
     305     349.6505
     306     372.1995
     307     365.3977
     308     347.1363
     309     363.3673
     310     345.7764
     311     347.0611
     312     406.3325
     313     367.7208
     314     349.6064
     315     354.3253
     316     371.3063
     317     348.5694
     318     351.3690
     319     338.1688
     320     334.9105
     321     369.0055
     322     350.3646
     323     373.7294
     324     377.0190
     325     368.9474
     326     362.2802
     327     386.1883
     328     382.0800
     329     356.0367
     330     365.7526
     331     347.4823
     332     341.4877
     333     379.6196
     334     334.6627
     335     371.5137
     336     383.3415
     337     356.9644
     338     373.6118
     339     358.0831
     340     395.2164
     341     369.5320
     342     375.8269
     343     348.3601
     344     356.5817
     345     324.7567
     346     328.4925
     347     337.7520
     348     326.5465
     349     328.6496
     350     344.5792
     351     318.4823
     352     343.1638
     353     372.2915
     354     367.4193
     355     372.2977
     356     365.6974
     357     389.2875
     358     361.8353
     359     349.2217
     360     350.3384
     361     380.5931
     362     366.4000
     363     380.2213
     364     351.3026
     365     398.0963
     366     376.5461
     367     356.8348
     368     368.5409
     369     346.9651
     370     360.6108
     371     331.8722
     372     362.1044
     373     318.2570
     374     362.1199
     375     341.6133
     376     363.6608
     377     364.7555
     378     365.9887
     379     326.3551
     380     350.6048
     381     336.4328
     382     346.1519
     383     368.0364
     384     332.9216
     385     365.3479
     386     327.6656
     387     335.7395
     388     341.9325
     389     323.1601
     390     310.9156
     391     309.7097
     392     307.5041
     393     363.2812
     394     341.5020
     395     286.6499
     396     334.5144
     397     309.3809
     398     331.1532
     399     348.2714
     400     327.4000
