#Frame              T
       1    1193.5135
       2    1159.6609
       3    1022.6944
       4    1055.7668
       5    1094.3865
       6    1122.3859
       7    1030.1967
       8    1095.2536
       9     962.7958
      10    1010.4529
      11    1015.8657
      12    1042.0160
      13     994.3849
      14     937.1090
      15     974.1544
      16     971.8019
      17     975.3907
      18     955.0603
      19     959.9930
      20     903.3732
      21     848.4275
      22     910.8425
      23     938.5467
      24     844.1739
      25     873.8930
      26     891.4583
      27     862.8630
      28     833.1206
      29     941.3634
      30     899.5476
      31     906.4747
      32     913.8622
      33     883.5458
      34     784.9084
      35     728.6325
      36     843.2949
      37     898.8138
      38     887.1686
      39     758.6803
      40     770.0578
      41     813.6412
      42     777.8734
      43     872.5557
      44     836.5459
      45     766.5765
      46     759.8093
      47     768.6045
      48     743.3849
      49     687.1176
      50     762.2762
      51     729.1894
      52     781.1585
      53     765.0921
      54     744.6626
      55     780.0635
      56     758.3184
      57     723.9854
      58     724.4335
      59     745.7750
      60     830.2516
      61     759.0414
      62     716.3793
      63     787.5084
      64     711.2100
      65     702.1115
      66     700.4735
      67     712.1512
      68     684.3103
      69     622.0017
      70     668.9978
      71     681.6001
      72     703.1760
      73     710.5307
      74     646.1204
      75     704.5917
      76     652.9916
      77     656.9986
      78     617.1767
      79     647.3510
      80     646.7660
      81     667.8956
      82     646.6179
      83     698.2884
      84     654.4214
      85     629.3688
      86     616.5093
      87     671.0596
      88     618.4746
      89     614.7994
      90     644.8176
      91     658.4597
      92     695.5545
      93     604.6216
      94     617.0596
      95     616.2706
      96     629.4322
      97     594.4312
      98     594.4968
      99     547.1026
     100     584.8984
     101     595.9174
     102     582.0622
     103     653.0233
     104     629.1361
     105     615.8000
     106     595.2791
     107     582.7827
     108     637.1018
     109     590.7528
     110     637.6629
     111     600.1797
     112     538.7878
     113     641.0814
     114     571.5472
     115     589.2181
     116     595.7794
     117     526.5349
     118     586.6144
     119     567.3276
     120     580.8434
     121     494.4156
     122     574.8034
     123     519.7015
     124     525.2857
     125     561.1529
     126     562.9191
     127     563.9480
     128     556.9631
     129     552.7166
     130     537.4611
     131     522.9642
     132     507.9927
     133     533.6088
     134     533.2273
     135     526.4655
     136     541.9121
     137     551.8810
     138     481.9659
     139     548.1965
     140     524.5162
     141     541.2002
     142     484.0727
     143     531.4716
     144     556.6625
     145     513.8474
     146     565.4041
     147     499.3499
     148     514.9972
     149     489.8869
     150     511.1410
     151     514.4501
     152     505.0673
     153     493.6575
     154     502.7226
     155     503.7199
     156     532.1400
     157     524.5541
     158     561.5328
     159     526.8077
     160     556.9334
     161     505.5040
     162     494.7652
     163     520.9863
     164     465.8021
     165     455.1935
     166     473.5603
     167     473.8209
     168     508.0250
     169     533.7524
     170     487.6146
     171     476.6670
     172     512.5146
     173     473.7091
     174     513.9791
     175     460.1441
     176     497.8177
     177     464.5977
     178     480.9346
     179     448.4640
     180     450.2983
     181     467.7634
     182     446.0610
     183     428.0088
     184     496.6016
     185     491.2974
     186     449.3387
     187     446.8807
     188     438.7375
     189     451.8806
     190     483.9625
     191     440.1645
     192     426.4664
     193     440.8198
     194     474.6125
     195     464.5813
     196     469.9483
     197     452.4152
     198     423.0082
     199     419.4389
     200     457.5178
     201     456.5854
     202     453.7174
     203     428.6339
     204     420.9862
     205     397.7572
     206     414.4669
     207     422.6364
     208     409.5388
     209     366.3923
     210     394.0555
     211     415.2361
     212     420.2719
     213     415.3233
     214     456.3844
     215     419.8088
     216     432.7631
     217     445.7423
     218     448.2874
     219     409.3489
     220     456.4954
     221     426.6119
     222     440.5443
     223     444.6027
     224     404.1276
     225     426.4723
     226     462.1885
     227     414.4998
     228     408.2965
     229     380.6139
     230     429.9753
     231     431.1669
     232     410.8162
     233     405.5551
     234     388.2524
     235     407.8077
     236     418.3708
     237     393.9846
     238     425.9709
     239     403.0879
     240     395.0845
     241     402.8475
     242     424.5614
     243     396.0115
     244     425.3575
     245     416.3727
     246     402.1509
     247     388.1104
     248     389.5950
     249     384.0441
     250     408.2283
     251     387.0105
     252     395.8926
     253     384.0315
     254     410.2816
     255     411.3924
     256     422.8821
     257     427.9585
     258     386.5662
     259     403.9360
     260     409.9915
     261     430.0344
     262     429.4595
     263     419.1101
     264     409.5796
     265     355.7422
     266     370.9442
     267     376.3777
     268     403.0689
     269     402.1244
     270     388.3104
     271     360.4838
     272     351.1112
     273     390.0844
     274     412.2899
     275     396.7886
     276     377.9147
     277     383.2122
     278     381.6897
     279     377.2418
     280     399.6248
     281     389.9048
     282     347.2013
     283     355.5491
     284     368.2446
     285     343.8160
     286     356.4667
     287     380.9000
     288     368.3903
     289     344.5923
     290     361.2548
     291     347.0297
     292     383.8597
     293     389.1509
     294     389.8056
     295     373.4016
     296     360.2777
     297     399.1125
     298     388.5837
     299     380.6979
     300     381.8213
     301     369.9643
     302     333.2142
     303     324.6026
     304     329.6678
     305     364.0941
     306     361.0491
     307     391.0314
     308     365.7140
     309     369.7845
     310     357.9259
     311     332.7015
     312     367.3657
     313     355.8150
     314     340.7650
     315     357.2732
     316     336.4903
     317     354.3884
     318     361.1738
     319     356.5336
     320     358.8435
     321     342.5388
     322     343.4969
     323     356.4866
     324     330.8072
     325     365.1861
     326     335.2707
     327     357.2885
     328     341.3766
     329     371.0814
     330     359.0872
     331     373.0195
     332     379.8977
     333     370.7053
     334     375.4481
     335     404.4093
     336     352.6633
     337     371.1225
     338     339.0991
     339     365.2301
     340     363.9943
     341     349.3440
     342     368.5767
     343     345.1292
     344     383.1812
     345     362.9111
     346     373.4081
     347     337.9856
     348     342.1631
     349     318.5540
     350     330.3562
     351     338.5417
     352     360.5587
     353     359.7640
     354     373.9539
     355     386.8765
     356     374.5142
     357     399.8670
     358     357.8988
     359     384.3226
     360     336.1567
     361     383.0841
     362     339.9602
     363     337.7299
     364     333.9271
     365     321.7766
     366     343.6385
     367     312.3652
     368     320.3656
     369     371.1915
     370     334.5950
     371     308.7231
     372     328.4743
     373     366.7239
     374     381.7833
     375     352.2746
     376     331.1869
     377     393.6123
     378     359.8911
     379     354.4469
     380     340.5822
     381     353.2343
     382     356.3150
     383     303.5965
     384     319.2541
     385     316.7433
     386     328.2178
     387     303.0195
     388     318.1066
     389     311.6445
     390     328.7372
     391     336.1375
     392     308.3523
     393     308.5680
     394     317.7950
     395     354.8532
     396     367.2173
     397     351.3462
     398     346.0197
     399     346.3902
     400     353.1473
