#Frame              T
       1    1094.1597
       2    1069.4009
       3    1029.3428
       4    1083.5429
       5    1087.9599
       6     930.8494
       7     888.3629
       8     961.0819
       9     987.5484
      10     963.0223
      11     997.8603
      12     943.6051
      13     957.3546
      14    1064.5106
      15     996.8882
      16     982.8242
      17     920.4306
      18     888.7804
      19     928.8485
      20     877.0899
      21     920.6555
      22     851.4524
      23     838.4073
      24     782.1973
      25     818.3226
      26     816.8441
      27     876.8340
      28     797.5985
      29     840.3540
      30     844.4414
      31     730.6475
      32     688.5627
      33     808.1499
      34     768.3146
      35     721.7862
      36     710.9326
      37     743.0921
      38     718.3784
      39     780.8520
      40     658.5678
      41     715.4657
      42     700.4808
      43     657.2468
      44     701.0177
      45     742.3832
      46     655.3456
      47     640.1352
      48     717.3883
      49     665.1863
      50     643.2626
      51     673.3651
      52     676.7931
      53     610.9751
      54     695.1038
      55     654.5564
      56     646.3655
      57     588.1061
      58     723.7890
      59     675.3622
      60     678.0197
      61     632.3923
      62     564.6707
      63     597.5839
      64     690.3251
      65     673.7931
      66     623.9708
      67     621.3887
      68     626.6256
      69     605.0712
      70     640.9478
      71     594.4817
      72     680.4185
      73     643.3189
      74     640.7084
      75     555.5047
      76     598.6681
      77     634.0703
      78     610.0598
      79     585.2576
      80     576.3202
      81     572.4108
      82     636.9235
      83     579.7592
      84     564.6697
      85     604.5944
      86     618.8613
      87     608.4580
      88     617.2329
      89     574.5440
      90     631.9519
      91     594.6823
      92     567.1944
      93     593.4623
      94     594.5373
      95     664.8729
      96     570.5187
      97     660.5414
      98     564.3822
      99     538.3951
     100     516.4899
     101     566.8534
     102     595.3155
     103     577.4937
     104     578.2553
     105     580.5403
     106     560.6454
     107     556.1534
     108     577.7221
     109     595.6004
     110     548.2326
     111     604.3296
     112     553.6716
     113     521.7346
     114     542.0156
     115     562.6323
     116     573.5988
     117     614.7014
     118     582.9596
     119     530.9919
     120     540.8107
     121     558.2996
     122     508.2562
     123     567.7502
     124     543.1371
     125     516.3621
     126     518.0983
     127     508.6692
     128     538.4450
     129     479.3292
     130     545.3134
     131     523.9419
     132     567.1391
     133     597.5984
     134     562.4732
     135     505.7379
     136     525.4077
     137     516.4867
     138     542.5172
     139     532.8039
     140     528.3627
     141     526.2826
     142     473.4812
     143     510.4576
     144     496.0421
     145     545.2527
     146     507.3039
     147     520.2231
     148     497.8144
     149     479.7859
     150     477.2084
     151     504.1444
     152     491.7179
     153     471.2797
     154     489.3775
     155     461.7511
     156     421.1768
     157     501.7419
     158     501.2792
     159     553.8135
     160     487.1654
     161     515.4454
     162     473.7015
     163     474.7685
     164     507.4741
     165     487.9577
     166     541.8769
     167     497.0965
     168     518.5125
     169     501.0180
     170     523.6835
     171     465.0708
     172     537.0511
     173     466.0039
     174     512.5060
     175     453.4101
     176     492.8581
     177     450.6676
     178     507.4371
     179     477.7959
     180     507.0553
     181     521.5046
     182     478.1144
     183     515.2585
     184     484.2985
     185     441.2246
     186     512.0261
     187     484.6085
     188     455.7032
     189     518.8624
     190     491.5859
     191     457.3523
     192     478.8947
     193     494.1208
     194     448.5348
     195     519.1336
     196     433.6473
     197     419.1580
     198     441.4170
     199     459.0273
     200     498.1249
     201     459.8125
     202     475.3314
     203     498.1231
     204     451.9420
     205     483.6356
     206     507.9823
     207     469.4281
     208     439.1731
     209     478.0665
     210     459.9665
     211     449.0038
     212     463.8834
     213     470.3402
     214     488.5048
     215     460.2032
     216     432.2310
     217     440.4240
     218     425.6046
     219     410.1201
     220     447.7626
     221     431.3744
     222     401.5654
     223     426.2115
     224     438.3749
     225     453.8409
     226     422.0152
     227     422.0254
     228     429.2469
     229     443.8984
     230     417.8056
     231     466.4184
     232     437.1227
     233     431.2964
     234     471.9484
     235     465.6697
     236     474.4415
     237     466.4157
     238     435.1927
     239     440.2048
     240     399.3304
     241     425.4304
     242     414.0031
     243     425.6269
     244     451.8422
     245     454.8750
     246     396.2468
     247     366.4431
     248     397.2187
     249     404.1663
     250     408.4303
     251     391.1919
     252     430.1819
     253     410.5307
     254     456.6892
     255     421.2218
     256     414.2890
     257     409.7685
     258     434.2626
     259     428.6833
     260     407.9681
     261     362.5865
     262     382.9881
     263     371.4608
     264     424.5828
     265     382.0948
     266     371.9285
     267     375.6832
     268     380.6796
     269     399.9357
     270     435.8699
     271     396.5629
     272     421.9563
     273     438.5270
     274     448.9747
     275     452.1376
     276     381.8685
     277     399.3274
     278     376.4968
     279     408.3191
     280     389.9364
     281     389.8816
     282     390.5476
     283     413.3224
     284     386.2885
     285     397.4373
     286     386.5184
     287     378.6252
     288     402.1378
     289     375.6081
     290     395.4500
     291     406.9388
     292     412.3292
     293     375.2039
     294     396.9488
     295     381.7813
     296     349.6405
     297     330.5796
     298     385.8529
     299     408.4547
     300     369.7827
     301     391.5056
     302     419.5902
     303     379.3201
     304     425.7127
     305     390.1016
     306     418.1706
     307     360.4231
     308     427.9373
     309     381.2320
     310     375.4684
     311     373.6813
     312     374.2344
     313     360.5112
     314     397.7658
     315     355.5259
     316     368.9880
     317     407.4809
     318     376.1332
     319     358.1269
     320     388.8208
     321     384.1913
     322     385.2931
     323     372.3975
     324     356.9670
     325     336.6940
     326     374.4702
     327     388.1515
     328     342.6195
     329     376.2093
     330     351.7036
     331     386.2182
     332     386.4241
     333     412.4969
     334     371.2353
     335     373.7771
     336     372.2910
     337     344.8574
     338     386.5425
     339     364.8978
     340     379.2454
     341     385.4440
     342     389.5987
     343     364.0461
     344     361.9675
     345     376.7735
     346     353.2800
     347     398.6819
     348     356.7124
     349     366.2534
     350     360.9563
     351     375.9116
     352     378.4874
     353     410.5030
     354     362.4767
     355     372.2609
     356     366.2340
     357     376.3021
     358     353.4610
     359     347.9106
     360     339.4934
     361     413.6082
     362     397.2801
     363     383.4168
     364     397.8323
     365     379.8569
     366     342.9842
     367     337.9231
     368     347.4689
     369     354.5094
     370     355.1956
     371     367.0810
     372     347.9328
     373     328.7578
     374     352.3366
     375     349.0938
     376     366.4592
     377     375.0074
     378     349.3268
     379     361.8417
     380     395.9987
     381     398.2529
     382     368.3835
     383     352.8742
     384     362.7192
     385     365.0739
     386     370.3449
     387     354.2418
     388     382.5004
     389     358.1785
     390     373.4714
     391     397.3818
     392     333.0470
     393     371.0580
     394     334.5620
     395     348.1617
     396     351.2547
     397     365.6877
     398     379.2219
     399     357.4154
     400     397.8893
