#Frame              T
       1    2976.2991
       2    2834.3875
       3    2608.4919
       4    2351.3665
       5    2118.2795
       6    1950.7035
       7    1865.0673
       8    1850.1134
       9    1873.4064
      10    1894.3970
      11    1879.3594
      12    1813.1671
      13    1704.1449
      14    1580.6873
      15    1481.0293
      16    1439.7819
      17    1475.7757
      18    1585.1963
      19    1742.1294
      20    1906.1416
      21    2034.2811
      22    2093.6382
      23    2070.6755
      24    1974.6401
      25    1834.0339
      26    1687.3023
      27    1571.0718
      28    1509.9090
      29    1510.2603
      30    1559.9556
      31    1633.4707
      32    1701.0811
      33    1738.5682
      34    1734.4132
      35    1692.5691
      36    1630.3009
      37    1571.8990
      38    1540.3439
      39    1549.7674
      40    1601.2409
      41    1682.9373
      42    1774.1159
      43    1851.4246
      44    1895.5947
      45    1896.6470
      46    1856.2182
      47    1786.5361
      48    1706.5497
      49    1636.4626
      50    1592.2486
      51    1581.6219
      52    1602.4711
      53    1644.0276
      54    1690.2356
      55    1724.2424
      56    1732.8342
      57    1709.8300
      58    1657.6855
      59    1586.9484
      60    1513.6646
      61    1455.2913
      62    1426.0452
      63    1432.8451
      64    1472.9786
      65    1534.2723
      66    1597.9825
      67    1643.9207
      68    1656.6034
      69    1630.5888
      70    1573.0186
      71    1502.0673
      72    1441.3850
      73    1412.1283
      74    1425.2475
      75    1476.9111
      76    1549.0501
      77    1615.1822
      78    1649.6420
      79    1636.9420
      80    1577.8393
      81    1489.7851
      82    1401.3913
      83    1342.6947
      84    1334.6286
      85    1381.5336
      86    1469.5245
      87    1571.3370
      88    1655.8338
      89    1698.6778
      90    1690.3558
      91    1638.8219
      92    1566.0044
      93    1499.6203
      94    1463.3194
      95    1468.6870
      96    1511.8608
      97    1575.7535
      98    1636.7838
      99    1673.4297
     100    1673.5073
     101    1637.7878
     102    1579.0358
     103    1517.1157
     104    1472.0427
     105    1457.4154
     106    1476.3708
     107    1521.2055
     108    1576.4631
     109    1624.2326
     110    1649.8668
     111    1646.3672
     112    1616.2137
     113    1570.2339
     114    1523.9935
     115    1492.8921
     116    1487.4849
     117    1510.4332
     118    1555.9679
     119    1611.9465
     120    1663.7605
     121    1698.7675
     122    1709.8152
     123    1696.8211
     124    1666.0906
     125    1627.7597
     126    1592.2536
     127    1566.8868
     128    1553.6410
     129    1548.8125
     130    1544.7261
     131    1533.0623
     132    1508.6325
     133    1472.0739
     134    1430.2829
     135    1394.3313
     136    1375.6493
     137    1381.9177
     138    1414.1551
     139    1466.1247
     140    1526.4589
     141    1582.5903
     142    1624.6790
     143    1648.0538
     144    1653.5764
     145    1646.1249
     146    1632.0151
     147    1616.4925
     148    1602.2861
     149    1589.5902
     150    1577.1296
     151    1563.4945
     152    1547.9545
     153    1530.4708
     154    1511.3001
     155    1490.7999
     156    1469.7229
     157    1449.7710
     158    1433.9371
     159    1426.2113
     160    1430.5209
     161    1449.1525
     162    1481.2568
     163    1522.1624
     164    1564.0234
     165    1597.8105
     166    1616.0825
     167    1615.5969
     168    1598.7697
     169    1573.3270
     170    1550.0632
     171    1539.2977
     172    1547.2191
     173    1573.4626
     174    1610.9194
     175    1648.0034
     176    1672.6526
     177    1676.6506
     178    1658.6159
     179    1624.4899
     180    1585.3672
     181    1553.6776
     182    1539.2087
     183    1546.0338
     184    1570.9492
     185    1604.1015
     186    1632.2506
     187    1643.6683
     188    1632.3850
     189    1599.9668
     190    1554.5006
     191    1507.5931
     192    1470.6276
     193    1451.4954
     194    1452.6488
     195    1470.7981
     196    1498.1269
     197    1524.5812
     198    1540.6128
     199    1539.7517
     200    1520.4239
     201    1486.5470
     202    1446.6562
     203    1411.6848
     204    1391.9404
     205    1394.0972
     206    1419.0876
     207    1461.5923
     208    1511.3886
     209    1556.2429
     210    1585.5308
     211    1593.5015
     212    1581.1406
     213    1555.9373
     214    1529.4991
     215    1513.6652
     216    1516.3596
     217    1538.6079
     218    1573.8189
     219    1609.7118
     220    1632.3739
     221    1631.1144
     222    1602.4180
     223    1551.5777
     224    1491.3390
     225    1437.8393
     226    1405.2187
     227    1401.0454
     228    1424.2430
     229    1465.7840
     230    1511.7396
     231    1548.0908
     232    1565.6304
     233    1562.6924
     234    1544.6728
     235    1521.0458
     236    1501.3961
     237    1491.9912
     238    1493.9389
     239    1503.2991
     240    1512.8443
     241    1514.6931
     242    1502.9452
     243    1475.6094
     244    1435.3858
     245    1389.1554
     246    1346.3576
     247    1316.6713
     248    1307.5617
     249    1322.2708
     250    1358.7763
     251    1410.0622
     252    1465.7617
     253    1514.8358
     254    1548.5661
     255    1562.9596
     256    1559.7290
     257    1545.4515
     258    1529.1012
     259    1518.7686
     260    1518.7029
     261    1527.7685
     262    1539.8754
     263    1546.2606
     264    1538.8081
     265    1513.2140
     266    1470.8663
     267    1418.7655
     268    1367.5498
     269    1328.3586
     270    1309.6243
     271    1314.8522
     272    1341.9976
     273    1384.4259
     274    1432.9188
     275    1478.0035
     276    1512.0129
     277    1530.5344
     278    1533.0933
     279    1523.0103
     280    1506.4643
     281    1490.8819
     282    1482.9197
     283    1486.4800
     284    1501.2997
     285    1522.6488
     286    1542.4487
     287    1551.6745
     288    1543.3689
     289    1515.2795
     290    1471.1854
     291    1420.3353
     292    1375.0191
     293    1346.9341
     294    1343.4866
     295    1365.2737
     296    1405.6566
     297    1452.7111
     298    1493.0259
     299    1516.1090
     300    1517.8332
     301    1501.5970
     302    1476.7060
     303    1454.5724
     304    1444.2460
     305    1449.0583
     306    1465.6560
     307    1485.6878
     308    1499.2760
     309    1498.7100
     310    1481.1182
     311    1449.6507
     312    1412.7741
     313    1381.3865
     314    1364.5890
     315    1365.9892
     316    1382.2153
     317    1404.2263
     318    1420.8450
     319    1423.1118
     320    1407.8287
     321    1378.9814
     322    1346.5347
     323    1323.0432
     324    1319.2979
     325    1340.5415
     326    1384.5653
     327    1442.3292
     328    1500.8759
     329    1547.4842
     330    1573.6016
     331    1577.2367
     332    1563.0757
     333    1540.4152
     334    1519.6852
     335    1508.7746
     336    1510.3824
     337    1521.2541
     338    1533.5700
     339    1538.0188
     340    1527.5204
     341    1500.2769
     342    1460.9985
     343    1419.7553
     344    1388.7418
     345    1378.0194
     346    1391.7667
     347    1426.4619
     348    1471.7497
     349    1513.7820
     350    1539.9082
     351    1543.0710
     352    1524.3242
     353    1492.5413
     354    1461.3745
     355    1444.4854
     356    1450.6992
     357    1480.7769
     358    1526.9650
     359    1575.5081
     360    1611.2491
     361    1622.6950
     362    1605.7412
     363    1564.7759
     364    1510.8445
     365    1457.6682
     366    1417.0529
     367    1395.3509
     368    1392.1308
     369    1401.3433
     370    1414.3649
     371    1423.6358
     372    1425.4157
     373    1420.6266
     374    1413.6737
     375    1410.0216
     376    1413.7268
     377    1425.8856
     378    1444.4202
     379    1465.1476
     380    1483.7559
     381    1498.0896
     382    1509.4161
     383    1520.7827
     384    1533.2646
     385    1544.7829
     386    1552.3382
     387    1553.8001
     388    1548.1752
     389    1535.6049
     390    1517.4834
     391    1496.3310
     392    1475.1886
     393    1456.6766
     394    1442.1022
     395    1431.0189
     396    1421.5150
     397    1411.2271
     398    1398.7088
     399    1384.5617
     400    1371.7428
     401    1364.7995
     402    1368.2409
     403    1384.6496
     404    1413.2824
     405    1449.7430
     406    1486.9019
     407    1516.7765
     408    1532.7410
     409    1531.3466
     410    1513.2020
     411    1482.7425
     412    1447.0710
     413    1414.1955
     414    1390.9541
     415    1381.0470
     416    1383.8064
     417    1394.2943
     418    1404.9305
     419    1408.1576
     420    1399.1660
     421    1377.7217
     422    1348.6588
     423    1321.0173
     424    1305.8098
     425    1312.5997
     426    1345.8048
     427    1402.1867
     428    1470.7808
     429    1535.6649
     430    1580.8879
     431    1595.9232
     432    1579.5500
     433    1540.4600
     434    1494.1749
     435    1457.3990
     436    1441.9949
     437    1450.8970
     438    1477.4113
     439    1508.0674
     440    1527.9296
     441    1526.4510
     442    1501.6203
     443    1460.7517
     444    1417.6234
     445    1387.1387
     446    1379.6316
     447    1397.0876
     448    1432.7495
     449    1474.0964
     450    1507.8028
     451    1524.6139
     452    1522.2525
     453    1505.3865
     454    1482.9148
     455    1463.8736
     456    1453.7107
     457    1452.3569
     458    1454.7112
     459    1453.2416
     460    1441.6379
     461    1418.0854
     462    1386.7585
     463    1356.4827
     464    1336.6657
     465    1332.7868
     466    1344.4404
     467    1366.2393
     468    1390.0458
     469    1407.6883
     470    1413.6817
     471    1407.0848
     472    1391.6673
     473    1374.2417
     474    1361.7836
     475    1358.4944
     476    1363.9866
     477    1373.3017
     478    1378.8152
     479    1373.3219
     480    1353.1282
     481    1319.9497
     482    1280.8726
     483    1246.2645
     484    1226.1954
     485    1226.6925
     486    1247.5433
     487    1282.6434
     488    1322.4561
     489    1357.2704
     490    1380.0682
     491    1388.2781
     492    1384.0925
     493    1373.3647
     494    1363.4457
     495    1360.6305
     496    1368.0211
     497    1384.5267
     498    1405.3752
     499    1423.9764
     500    1434.4462
     501    1433.8616
     502    1423.4043
     503    1407.9423
     504    1394.1581
     505    1387.9360
     506    1392.0738
     507    1405.2598
     508    1422.7530
     509    1438.4901
     510    1447.6626
     511    1448.5782
     512    1443.0083
     513    1434.9370
     514    1428.3115
     515    1424.8472
     516    1422.9385
     517    1418.2466
     518    1405.8248
     519    1382.9136
     520    1351.1748
     521    1317.2291
     522    1290.9742
     523    1282.0735
     524    1295.8694
     525    1330.4391
     526    1376.2635
     527    1418.9748
     528    1444.3071
     529    1443.3787
     530    1416.2336
     531    1372.1789
     532    1326.6506
     533    1295.6753
     534    1289.9759
     535    1310.9917
     536    1350.4096
     537    1393.4456
     538    1424.6225
     539    1433.7788
     540    1419.9796
     541    1391.8583
     542    1364.3095
     543    1352.7940
     544    1367.3578
     545    1408.5886
     546    1467.1197
     547    1526.9485
     548    1571.2329
     549    1588.2373
     550    1575.2174
     551    1538.9894
     552    1493.1862
     553    1453.3642
     554    1431.7670
     555    1433.5551
     556    1455.6679
     557    1488.4951
     558    1519.5576
     559    1537.8243
     560    1537.2192
     561    1518.3025
     562    1487.7323
     563    1455.6861
     564    1431.9675
     565    1422.3086
     566    1426.7186
     567    1440.5020
     568    1456.7576
     569    1468.9367
     570    1472.7307
     571    1467.0124
     572    1453.7565
     573    1437.0767
     574    1421.7481
     575    1411.6957
     576    1408.9056
     577    1413.0370
     578    1421.7843
     579    1431.8289
     580    1440.0553
     581    1444.5823
     582    1445.2088
     583    1443.1133
     584    1439.9987
     585    1437.1413
     586    1434.8067
     587    1432.2681
     588    1428.3377
     589    1422.1147
     590    1413.5537
     591    1403.5707
     592    1393.6401
     593    1385.0908
     594    1378.5033
     595    1373.5585
     596    1369.4696
     597    1365.8087
     598    1363.2939
     599    1364.0512
     600    1371.0383
     601    1386.6849
     602    1411.2339
     603    1441.6134
     604    1471.5767
     605    1493.3092
     606    1499.9879
     607    1488.3562
     608    1460.3834
     609    1423.2701
     610    1387.4594
     611    1363.0146
     612    1355.7447
     613    1365.0023
     614    1384.2055
     615    1403.6028
     616    1414.0263
     617    1410.3369
     618    1393.4146
     619    1369.9290
     620    1349.8712
     621    1342.6977
     622    1353.5350
     623    1380.9200
     624    1416.9982
     625    1450.1709
     626    1469.2388
     627    1467.4969
     628    1445.2061
     629    1409.4597
     630    1371.4766
     631    1342.4557
     632    1329.7255
     633    1334.6493
     634    1352.8215
     635    1376.1584
     636    1395.9787
     637    1405.9623
     638    1404.0294
     639    1392.6180
     640    1377.4526
     641    1365.4005
     642    1362.2440
     643    1371.0993
     644    1391.8784
     645    1421.7683
     646    1456.3449
     647    1490.8040
     648    1520.8902
     649    1543.3472
     650    1555.9936
     651    1557.6763
     652    1548.2964
     653    1528.9574
     654    1502.0571
     655    1471.1542
     656    1440.6065
     657    1415.1033
     658    1398.7952
     659    1393.1867
     660    1394.6666
     661    1395.3817
     662    1387.8918
     663    1369.1566
     664    1341.3943
     665    1310.6668
     666    1284.5482
     667    1269.7582
     668    1270.3013
     669    1286.4665
     670    1314.8642
     671    1349.4469
     672    1383.1992
     673    1410.0293
     674    1426.3268
     675    1431.7640
     676    1429.1512
     677    1423.4026
     678    1419.8985
     679    1422.6822
     680    1433.0158
     681    1448.7580
     682    1464.8373
     683    1474.7662
     684    1472.7268
     685    1455.4852
     686    1423.4799
     687    1380.9032
     688    1334.9710
     689    1294.4862
     690    1267.7057
     691    1259.9450
     692    1271.8311
     693    1299.0906
     694    1334.0847
     695    1368.4953
     696    1396.0965
     697    1414.5964
     698    1425.8922
     699    1434.6789
     700    1445.9730
     701    1462.5516
     702    1483.3765
     703    1503.6605
     704    1516.5892
     705    1515.9913
     706    1498.8659
     707    1466.7427
     708    1425.3534
     709    1382.7765
     710    1346.8085
     711    1322.5723
     712    1311.2118
     713    1310.0256
     714    1313.8487
     715    1317.1621
     716    1316.2305
     717    1310.4894
     718    1302.6242
     719    1297.3224
     720    1299.2902
     721    1311.3863
     722    1333.5799
     723    1362.9938
     724    1394.8610
     725    1423.9263
     726    1445.7788
     727    1457.7623
     728    1459.3558
     729    1452.0865
     730    1439.1193
     731    1424.6088
     732    1412.8537
     733    1407.3355
     734    1409.8061
     735    1419.6906
     736    1434.0763
     737    1448.4243
     738    1457.8837
     739    1458.8237
     740    1450.0394
     741    1433.1585
     742    1412.0908
     743    1391.7562
     744    1376.5741
     745    1369.1854
     746    1369.7569
     747    1376.0522
     748    1384.2384
     749    1390.1688
     750    1390.7125
     751    1384.6986
     752    1373.1854
     753    1358.9883
     754    1345.6614
     755    1336.3263
     756    1332.7583
     757    1334.9997
     758    1341.5517
     759    1350.0228
     760    1357.9515
     761    1363.4854
     762    1365.7253
     763    1364.7133
     764    1361.1645
     765    1356.1352
     766    1350.8313
     767    1346.6031
     768    1344.9698
     769    1347.4367
     770    1355.0044
     771    1367.5142
     772    1383.1788
     773    1398.6556
     774    1409.8449
     775    1413.2430
     776    1407.3752
     777    1393.6748
     778    1376.3172
     779    1360.9257
     780    1352.5422
     781    1353.6272
     782    1362.9785
     783    1376.1518
     784    1387.2356
     785    1391.1848
     786    1385.6877
     787    1371.8749
     788    1353.6886
     789    1336.2767
     790    1324.0956
     791    1319.4382
     792    1321.8620
     793    1328.6301
     794    1335.9461
     795    1340.5083
     796    1340.7756
     797    1337.4789
     798    1333.2465
     799    1331.5951
     800    1335.7300
     801    1347.5570
     802    1367.1273
     803    1392.5421
     804    1420.2149
     805    1445.3873
     806    1462.8216
     807    1467.6478
     808    1456.3300
     809    1427.6211
     810    1383.2745
     811    1328.2093
     812    1269.8921
     813    1216.8738
     814    1176.7220
     815    1153.9181
     816    1148.5198
     817    1156.3245
     818    1170.6707
     819    1185.2123
     820    1196.5162
     821    1205.4182
     822    1216.5847
     823    1236.4229
     824    1270.1521
     825    1319.1954
     826    1379.9474
     827    1444.4106
     828    1502.4554
     829    1544.8335
     830    1565.8176
     831    1564.5345
     832    1544.6195
     833    1512.4896
     834    1475.0776
     835    1437.9449
     836    1404.3379
     837    1375.1911
     838    1349.7404
     839    1326.4774
     840    1304.2457
     841    1283.0580
     842    1264.2195
     843    1249.7938
     844    1241.8404
     845    1241.8346
     846    1250.4164
     847    1267.3627
     848    1291.5963
     849    1321.1058
     850    1352.8180
     851    1382.6096
     852    1405.6878
     853    1417.4638
     854    1414.7867
     855    1397.1327
     856    1367.2370
     857    1330.7710
     858    1294.9898
     859    1266.7113
     860    1250.3005
     861    1246.4021
     862    1251.9186
     863    1261.2792
     864    1268.5776
     865    1269.8203
     866    1264.4081
     867    1255.2356
     868    1247.3752
     869    1245.9295
     870    1253.9947
     871    1271.5518
     872    1295.6311
     873    1321.5384
     874    1344.5323
     875    1361.2626
     876    1370.4359
     877    1372.5358
     878    1368.8598
     879    1360.5337
     880    1348.1388
     881    1332.0597
     882    1313.0753
     883    1292.6471
     884    1272.7044
     885    1255.0633
     886    1240.7986
     887    1229.9370
     888    1221.6925
     889    1215.1979
     890    1210.3952
     891    1208.6354
     892    1212.6300
     893    1225.6756
     894    1250.3951
     895    1287.4868
     896    1335.0103
     897    1388.4930
     898    1441.8087
     899    1488.5143
     900    1523.2822
     901    1543.0494
     902    1547.4598
     903    1538.3664
     904    1518.6424
     905    1490.9898
     906    1457.3983
     907    1419.4547
     908    1379.1238
     909    1339.2922
     910    1303.5554
     911    1275.3038
     912    1256.6387
     913    1247.6375
     914    1246.2807
     915    1249.1872
     916    1253.0274
     917    1256.1017
     918    1259.3185
     919    1265.9343
     920    1279.8967
     921    1303.3406
     922    1334.4912
     923    1367.3008
     924    1393.2801
     925    1404.6788
     926    1397.5034
     927    1373.1185
     928    1337.8813
     929    1301.0105
     930    1271.4955
     931    1255.1643
     932    1252.9701
     933    1261.0880
     934    1272.7411
     935    1280.9915
     936    1281.3983
     937    1273.5182
     938    1260.7402
     939    1248.6400
     940    1242.6217
     941    1245.8452
     942    1258.2260
     943    1276.7877
     944    1297.0748
     945    1314.9021
     946    1327.6410
     947    1334.5109
     948    1335.9522
     949    1332.7235
     950    1325.4602
     951    1314.8863
     952    1302.2928
     953    1289.8699
     954    1280.7668
     955    1278.7259
     956    1286.9893
     957    1306.5738
     958    1334.8520
     959    1365.6195
     960    1390.9162
     961    1403.8012
     962    1400.9440
     963    1384.0616
     964    1359.6136
     965    1336.7232
     966    1323.9859
     967    1326.2910
     968    1342.8587
     969    1367.2886
     970    1389.6847
     971    1400.1722
     972    1392.5623
     973    1366.8335
     974    1329.4638
     975    1291.3900
     976    1264.2763
     977    1256.4172
     978    1269.7764
     979    1299.2304
     980    1334.2972
     981    1362.7291
     982    1374.6779
     983    1365.9551
     984    1339.3002
     985    1303.3176
     986    1269.5530
     987    1248.7539
     988    1247.5404
     989    1266.4951
     990    1300.1537
     991    1338.7824
     992    1371.3447
     993    1388.7925
     994    1386.7722
     995    1366.8273
     996    1335.5019
     997    1301.7593
     998    1274.2335
     999    1259.3259
    1000    1260.0314
    1001    1274.9639
    1002    1298.9699
    1003    1324.2939
    1004    1342.9566
    1005    1349.2009
    1006    1341.2527
    1007    1321.8472
    1008    1297.3650
    1009    1275.7978
    1010    1264.1097
    1011    1265.8618
    1012    1279.9871
    1013    1301.2044
    1014    1321.9031
    1015    1334.7876
    1016    1335.3173
    1017    1323.1075
    1018    1301.8510
    1019    1277.8764
    1020    1257.9486
    1021    1247.1714
    1022    1247.7362
    1023    1258.7909
    1024    1277.2401
    1025    1298.9652
    1026    1319.9793
    1027    1337.1877
    1028    1348.6855
    1029    1353.7494
    1030    1352.7649
    1031    1347.2185
    1032    1339.6865
    1033    1333.6039
    1034    1332.6229
    1035    1339.5699
    1036    1355.2800
    1037    1377.7967
    1038    1402.4203
    1039    1422.8301
    1040    1433.0665
    1041    1429.7179
    1042    1413.4513
    1043    1389.1669
    1044    1364.5257
    1045    1347.2595
    1046    1342.2307
    1047    1349.4300
    1048    1363.7934
    1049    1376.9741
    1050    1380.3899
    1051    1368.3845
    1052    1340.3855
    1053    1301.3580
    1054    1260.3981
    1055    1227.8219
    1056    1211.6827
    1057    1215.0147
    1058    1234.9118
    1059    1263.7719
    1060    1292.1411
    1061    1312.0127
    1062    1319.3784
    1063    1315.1977
    1064    1304.5564
    1065    1294.4671
    1066    1291.2334
    1067    1298.3827
    1068    1315.8134
    1069    1340.2152
    1070    1366.3573
    1071    1388.6855
    1072    1402.7702
    1073    1406.2591
    1074    1399.1315
    1075    1383.3150
    1076    1361.8997
    1077    1338.2393
    1078    1315.2017
    1079    1294.7428
    1080    1277.8243
    1081    1264.5657
    1082    1254.4864
    1083    1246.7741
    1084    1240.5628
    1085    1235.2221
    1086    1230.6113
    1087    1227.2063
    1088    1226.0141
    1089    1228.2722
    1090    1235.0303
    1091    1246.7926
    1092    1263.3836
    1093    1284.0624
    1094    1307.7739
    1095    1333.3394
    1096    1359.4667
    1097    1384.6042
    1098    1406.8016
    1099    1423.7785
    1100    1433.3102
    1101    1433.8712
    1102    1425.2943
    1103    1409.1124
    1104    1388.3253
    1105    1366.5727
    1106    1346.9776
    1107    1331.1088
    1108    1318.4811
    1109    1306.8191
    1110    1293.0753
    1111    1274.9441
    1112    1252.3355
    1113    1228.1020
    1114    1207.4927
    1115    1196.4021
    1116    1199.0838
    1117    1216.3177
    1118    1244.8213
    1119    1278.1928
    1120    1309.0525
    1121    1331.5950
    1122    1343.5767
    1123    1346.9403
    1124    1346.7764
    1125    1348.9882
    1126    1357.5573
    1127    1372.5028
    1128    1389.4131
    1129    1400.8407
    1130    1399.0976
    1131    1379.3999
    1132    1342.1282
    1133    1293.3131
    1134    1243.0982
    1135    1202.6796
    1136    1180.8071
    1137    1181.1484
    1138    1201.5032
    1139    1234.9831
    1140    1272.3036
    1141    1304.1877
    1142    1323.7155
    1143    1328.4841
    1144    1321.3684
    1145    1309.0333
    1146    1298.9448
    1147    1296.3780
    1148    1302.6056
    1149    1314.7734
    1150    1327.3125
    1151    1334.2325
    1152    1331.3908
    1153    1317.9443
    1154    1296.5612
    1155    1272.4754
    1156    1251.8260
    1157    1239.8985
    1158    1239.7834
    1159    1251.7296
    1160    1273.2153
    1161    1299.6166
    1162    1325.2835
    1163    1344.8208
    1164    1354.3182
    1165    1352.2665
    1166    1339.9136
    1167    1320.9231
    1168    1300.3800
    1169    1283.3635
    1170    1273.4544
    1171    1271.6305
    1172    1275.9475
    1173    1282.2023
    1174    1285.4382
    1175    1281.7902
    1176    1269.9849
    1177    1251.9082
    1178    1232.0401
    1179    1216.0548
    1180    1209.0887
    1181    1213.9308
    1182    1229.5005
    1183    1250.8494
    1184    1271.5163
    1185    1286.6335
    1186    1294.5763
    1187    1296.7122
    1188    1296.0490
    1189    1295.6637
    1190    1297.5700
    1191    1302.3346
    1192    1309.4212
    1193    1317.9414
    1194    1327.3500
    1195    1337.6711
    1196    1349.1269
    1197    1361.3877
    1198    1372.9290
    1199    1380.9575
    1200    1382.0870
    1201    1373.5564
    1202    1354.4742
    1203    1326.5133
    1204    1293.6805
    1205    1261.1645
    1206    1233.6822
    1207    1213.9890
    1208    1202.1908
    1209    1196.1678
    1210    1192.9288
    1211    1190.2846
    1212    1188.0642
    1213    1188.2921
    1214    1194.2378
    1215    1208.7418
    1216    1232.5185
    1217    1263.1144
    1218    1295.0051
    1219    1321.0361
    1220    1334.8577
    1221    1333.3525
    1222    1317.8756
    1223    1293.7144
    1224    1268.0534
    1225    1247.3646
    1226    1235.2968
    1227    1231.8567
    1228    1234.0889
    1229    1237.8667
    1230    1239.9704
    1231    1239.5792
    1232    1238.5784
    1233    1240.6035
    1234    1249.2579
    1235    1266.2805
    1236    1290.4416
    1237    1317.6334
    1238    1342.0967
    1239    1358.2606
    1240    1362.4613
    1241    1353.9204
    1242    1334.7059
    1243    1308.8274
    1244    1280.8921
    1245    1254.8287
    1246    1233.0738
    1247    1216.3820
    1248    1204.1915
    1249    1195.3355
    1250    1188.8132
    1251    1184.3734
    1252    1182.7471
    1253    1185.4882
    1254    1194.4941
    1255    1211.3405
    1256    1236.6018
    1257    1269.3207
    1258    1306.7849
    1259    1344.7262
    1260    1377.9856
    1261    1401.5533
    1262    1411.7706
    1263    1407.3479
    1264    1389.8433
    1265    1363.3474
    1266    1333.3882
    1267    1305.3505
    1268    1282.9370
    1269    1267.2107
    1270    1256.5920
    1271    1247.8121
    1272    1237.4773
    1273    1223.6260
    1274    1206.6462
    1275    1189.1640
    1276    1174.9320
    1277    1167.1991
    1278    1167.2849
    1279    1174.0019
    1280    1184.1646
    1281    1193.9257
    1282    1200.3300
    1283    1202.3988
    1284    1201.2998
    1285    1199.5696
    1286    1199.7831
    1287    1203.3095
    1288    1209.7412
    1289    1217.2385
    1290    1223.5924
    1291    1227.4663
    1292    1229.2025
    1293    1230.7724
    1294    1234.8557
    1295    1243.4495
    1296    1256.6458
    1297    1272.1765
    1298    1285.9861
    1299    1293.6596
    1300    1292.1617
    1301    1281.1728
    1302    1263.4428
    1303    1243.9509
    1304    1228.1333
    1305    1219.8210
    1306    1219.7310
    1307    1225.2305
    1308    1231.5708
    1309    1234.0909
    1310    1230.3639
    1311    1221.2855
    1312    1210.6395
    1313    1203.3778
    1314    1203.4166
    1315    1211.9176
    1316    1226.7835
    1317    1243.5372
    1318    1257.1686
    1319    1264.1396
    1320    1263.7374
    1321    1258.2675
    1322    1252.0616
    1323    1249.7225
    1324    1254.3077
    1325    1266.1637
    1326    1282.8369
    1327    1300.0358
    1328    1313.1973
    1329    1318.9898
    1330    1316.1910
    1331    1305.6875
    1332    1289.7616
    1333    1271.0971
    1334    1251.9715
    1335    1233.9282
    1336    1217.9382
    1337    1204.8261
    1338    1195.5980
    1339    1191.4168
    1340    1193.2114
    1341    1201.1838
    1342    1214.5278
    1343    1231.5125
    1344    1249.9160
    1345    1267.7031
    1346    1283.6399
    1347    1297.3383
    1348    1308.5498
    1349    1316.4699
    1350    1320.0331
    1351    1318.9919
    1352    1314.7417
    1353    1310.2651
    1354    1309.1974
    1355    1314.3327
    1356    1326.1633
    1357    1342.1848
    1358    1357.5113
    1359    1366.6832
    1360    1365.8779
    1361    1354.5487
    1362    1335.8260
    1363    1315.5139
    1364    1300.0046
    1365    1293.8156
    1366    1297.6565
    1367    1307.8186
    1368    1317.2571
    1369    1318.1088
    1370    1304.8249
    1371    1276.7683
    1372    1239.2095
    1373    1202.1564
    1374    1177.2373
    1375    1173.6563
    1376    1194.6947
    1377    1236.1067
    1378    1287.1080
    1379    1333.6953
    1380    1363.1576
    1381    1368.1598
    1382    1348.9122
    1383    1312.6590
    1384    1270.7435
    1385    1234.4248
    1386    1211.0548
    1387    1202.0302
    1388    1203.1882
    1389    1207.3206
    1390    1207.5982
    1391    1200.3999
    1392    1186.4632
    1393    1170.2142
    1394    1157.9248
    1395    1155.5972
    1396    1167.1257
    1397    1193.0427
    1398    1230.2001
    1399    1272.6001
    1400    1313.1322
    1401    1345.5632
    1402    1366.0556
    1403    1373.7389
    1404    1370.2786
    1405    1358.7713
    1406    1342.4933
    1407    1323.9668
    1408    1304.5894
    1409    1284.7845
    1410    1264.4596
    1411    1243.5087
    1412    1222.1889
    1413    1201.3031
    1414    1182.1887
    1415    1166.5512
    1416    1156.1928
    1417    1152.6975
    1418    1157.1225
    1419    1169.7165
    1420    1189.6925
    1421    1215.1213
    1422    1243.0554
    1423    1269.9577
    1424    1292.3901
    1425    1307.7705
    1426    1314.9302
    1427    1314.2747
    1428    1307.5406
    1429    1297.3256
    1430    1286.5897
    1431    1278.2583
    1432    1274.8773
    1433    1278.2215
    1434    1288.7934
    1435    1305.3210
    1436    1324.5358
    1437    1341.5330
    1438    1350.8189
    1439    1347.8507
    1440    1330.5944
    1441    1300.5144
    1442    1262.5016
    1443    1223.6043
    1444    1190.9009
    1445    1169.2622
    1446    1159.8285
    1447    1159.7837
    1448    1163.5493
    1449    1165.0292
    1450    1160.1463
    1451    1148.7279
    1452    1134.9433
    1453    1125.9822
    1454    1129.3601
    1455    1149.8483
    1456    1187.2738
    1457    1236.1479
    1458    1287.3731
    1459    1331.3900
    1460    1361.5019
    1461    1376.0054
    1462    1378.2707
    1463    1374.7521
    1464    1371.7853
    1465    1372.5565
    1466    1375.5900
    1467    1375.4538
    1468    1365.4166
    1469    1340.9124
    1470    1302.3079
    1471    1255.7392
    1472    1211.5879
    1473    1181.1921
    1474    1173.0394
    1475    1189.7053
    1476    1226.4394
    1477    1272.2137
    1478    1313.5726
    1479    1339.8502
    1480    1347.0593
    1481    1338.7443
    1482    1323.8432
    1483    1312.7263
    1484    1312.9969
    1485    1326.5973
    1486    1349.1938
    1487    1371.9283
    1488    1384.7679
    1489    1380.1625
    1490    1355.7250
    1491    1315.0593
    1492    1266.5293
    1493    1220.4883
    1494    1185.9898
    1495    1168.1261
    1496    1166.8569
    1497    1177.5944
    1498    1193.1828
    1499    1206.4876
    1500    1212.7006
    1501    1210.6658
    1502    1202.9027
    1503    1194.4266
    1504    1190.8122
    1505    1196.1629
    1506    1211.6503
    1507    1235.0765
    1508    1261.5601
    1509    1285.0945
    1510    1300.4787
    1511    1305.0121
    1512    1299.4034
    1513    1287.5418
    1514    1275.1076
    1515    1267.3776
    1516    1266.9815
    1517    1272.7017
    1518    1280.1354
    1519    1283.9455
    1520    1280.4994
    1521    1269.6413
    1522    1254.8421
    1523    1241.6857
    1524    1235.5087
    1525    1239.3012
    1526    1252.5342
    1527    1271.1353
    1528    1288.6973
    1529    1298.6845
    1530    1296.9024
    1531    1283.2023
    1532    1261.6213
    1533    1238.7997
    1534    1221.2827
    1535    1212.8178
    1536    1212.7838
    1537    1216.4459
    1538    1217.0034
    1539    1208.6380
    1540    1189.3214
    1541    1162.1771
    1542    1134.7440
    1543    1116.3454
    1544    1114.5601
    1545    1132.2052
    1546    1166.0675
    1547    1207.9231
    1548    1247.4804
    1549    1276.1164
    1550    1289.9573
    1551    1291.0878
    1552    1286.3871
    1553    1284.4576
    1554    1291.9180
    1555    1310.6205
    1556    1336.9273
    1557    1363.2697
    1558    1381.2570
    1559    1384.9912
    1560    1373.2511
    1561    1349.7146
    1562    1321.2386
    1563    1294.9989
    1564    1275.7377
    1565    1264.2468
    1566    1257.6201
    1567    1251.0306
    1568    1240.2105
    1569    1223.5725
    1570    1203.0936
    1571    1183.6107
    1572    1170.8509
    1573    1169.0419
    1574    1179.0917
    1575    1198.0733
    1576    1220.2134
    1577    1238.9831
    1578    1249.4755
    1579    1250.1330
    1580    1243.1587
    1581    1233.4688
    1582    1226.6459
    1583    1226.7473
    1584    1234.8265
    1585    1248.6696
    1586    1263.7523
    1587    1274.9776
    1588    1278.5354
    1589    1273.2165
    1590    1260.7456
    1591    1245.0647
    1592    1230.8862
    1593    1222.0711
    1594    1220.3810
    1595    1224.9721
    1596    1232.7537
    1597    1239.4843
    1598    1241.2934
    1599    1236.1503
    1600    1224.7191
    1601    1210.2221
    1602    1197.3892
    1603    1190.9726
    1604    1194.2496
    1605    1207.8008
    1606    1228.9719
    1607    1252.4914
    1608    1272.2601
    1609    1283.6575
    1610    1285.3236
    1611    1279.6145
    1612    1271.5153
    1613    1266.4514
    1614    1267.8608
    1615    1275.5044
    1616    1285.2439
    1617    1290.4927
    1618    1284.8717
    1619    1265.0529
    1620    1232.5959
    1621    1193.9145
    1622    1158.2567
    1623    1134.4183
    1624    1127.5195
    1625    1137.1881
    1626    1157.9086
    1627    1181.3812
    1628    1199.9523
    1629    1209.7608
    1630    1212.3445
    1631    1213.9916
    1632    1223.0181
    1633    1246.0169
    1634    1284.5586
    1635    1333.6752
    1636    1382.7722
    1637    1418.7617
    1638    1430.3959
    1639    1412.2630
    1640    1366.8770
    1641    1303.9056
    1642    1236.6889
    1643    1177.4455
    1644    1133.2825
    1645    1104.6200
    1646    1086.3156
    1647    1070.7428
    1648    1051.6063
    1649    1027.0840
    1650    1001.0707
    1651     981.9806
    1652     979.5640
    1653    1000.9951
    1654    1047.7624
    1655    1114.5517
    1656    1190.5424
    1657    1262.6252
    1658    1319.2800
    1659    1353.6425
    1660    1364.7162
    1661    1356.5539
    1662    1336.0313
    1663    1310.2154
    1664    1284.2586
    1665    1260.3945
    1666    1238.1510
    1667    1215.4918
    1668    1190.3575
    1669    1162.0163
    1670    1131.7754
    1671    1102.8552
    1672    1079.5480
    1673    1066.0146
    1674    1065.1574
    1675    1077.9048
    1676    1103.0513
    1677    1137.5932
    1678    1177.3843
    1679    1217.8846
    1680    1254.8219
    1681    1284.6578
    1682    1304.8513
    1683    1313.9875
    1684    1311.8452
    1685    1299.4278
    1686    1278.9215
    1687    1253.5039
    1688    1226.9509
    1689    1203.0474
    1690    1184.8906
    1691    1174.2465
    1692    1171.1798
    1693    1174.1656
    1694    1180.7525
    1695    1188.5784
    1696    1196.3202
    1697    1204.1691
    1698    1213.6579
    1699    1226.9324
    1700    1245.6817
    1701    1270.0081
    1702    1297.5777
    1703    1323.4805
    1704    1341.0845
    1705    1343.8398
    1706    1327.5328
    1707    1292.2303
    1708    1243.1360
    1709    1189.8678
    1710    1144.1335
    1711    1116.3746
    1712    1112.4594
    1713    1131.6312
    1714    1166.5213
    1715    1205.3311
    1716    1235.5528
    1717    1248.0936
    1718    1240.4548
    1719    1217.7793
    1720    1191.2119
    1721    1173.9433
    1722    1176.2381
    1723    1201.2700
    1724    1243.4384
    1725    1289.9758
    1726    1325.3072
    1727    1336.5130
    1728    1317.9311
    1729    1273.4463
    1730    1215.6328
    1731    1161.7155
    1732    1127.5803
    1733    1122.1017
    1734    1143.9979
    1735    1182.3953
    1736    1220.8331
    1737    1243.2113
    1738    1239.5329
    1739    1209.3870
    1740    1161.9583
    1741    1112.6443
    1742    1077.6256
    1743    1068.4509
    1744    1088.5524
    1745    1132.7384
    1746    1189.5201
    1747    1245.1761
    1748    1287.9992
    1749    1311.3376
    1750    1314.6393
    1751    1302.5592
    1752    1282.7841
    1753    1263.4834
    1754    1251.1664
    1755    1249.3979
    1756    1258.4457
    1757    1275.6378
    1758    1296.1407
    1759    1313.9916
    1760    1323.3194
    1761    1319.6354
    1762    1300.9430
    1763    1268.4027
    1764    1226.3850
    1765    1181.8650
    1766    1143.1371
    1767    1117.9666
    1768    1111.5642
    1769    1124.9686
    1770    1154.4307
    1771    1192.1461
    1772    1228.2696
    1773    1253.6942
    1774    1262.7594
    1775    1255.0105
    1776    1235.3751
    1777    1212.6322
    1778    1196.6171
    1779    1195.0351
    1780    1210.9012
    1781    1241.4389
    1782    1278.8117
    1783    1312.4836
    1784    1332.4926
    1785    1332.6155
    1786    1312.3880
    1787    1277.3021
    1788    1237.1215
    1789    1202.8453
    1790    1183.2604
    1791    1182.1569
    1792    1197.1011
    1793    1220.2112
    1794    1240.7107
    1795    1248.4375
    1796    1237.1847
    1797    1206.8251
    1798    1163.5714
    1799    1118.2518
    1800    1083.0789
    1801    1067.8472
    1802    1076.7553
    1803    1106.9179
    1804    1149.1448
    1805    1190.8189
    1806    1219.9619
    1807    1229.1075
    1808    1217.6300
    1809    1191.6832
    1810    1161.7617
    1811    1138.7691
    1812    1130.0383
    1813    1136.7945
    1814    1154.0161
    1815    1172.7155
    1816    1183.7265
    1817    1181.4974
    1818    1166.4081
    1819    1144.7324
    1820    1126.2569
    1821    1120.4659
    1822    1132.7956
    1823    1162.4794
    1824    1202.8167
    1825    1243.6153
    1826    1274.7239
    1827    1289.3190
    1828    1285.8552
    1829    1268.1272
    1830    1243.5527
    1831    1220.3951
    1832    1204.9653
    1833    1199.7557
    1834    1203.0111
    1835    1209.7326
    1836    1213.6873
    1837    1209.7539
    1838    1195.8202
    1839    1173.5927
    1840    1148.0630
    1841    1125.8722
    1842    1113.1675
    1843    1113.6731
    1844    1127.5607
    1845    1151.4091
    1846    1179.1887
    1847    1203.9347
    1848    1219.6490
    1849    1222.9519
    1850    1214.0737
    1851    1196.8946
    1852    1177.9334
    1853    1164.4374
    1854    1162.0600
    1855    1172.8866
    1856    1194.5850
    1857    1221.0621
    1858    1244.4339
    1859    1257.6496
    1860    1256.8629
    1861    1242.6649
    1862    1219.7672
    1863    1195.4037
    1864    1177.0697
    1865    1170.1823
    1866    1176.2788
    1867    1192.4290
    1868    1212.1816
    1869    1227.7389
    1870    1232.5336
    1871    1223.2726
    1872    1200.7826
    1873    1169.5189
    1874    1136.0516
    1875    1107.1167
    1876    1087.8769
    1877    1080.8855
    1878    1085.9382
    1879    1100.6855
    1880    1121.6372
    1881    1145.0741
    1882    1167.5036
    1883    1185.7089
    1884    1196.7911
    1885    1198.5704
    1886    1190.3941
    1887    1173.9853
    1888    1153.7529
    1889    1136.1046
    1890    1127.6952
    1891    1133.1027
    1892    1152.8189
    1893    1182.4891
    1894    1213.9194
    1895    1237.6599
    1896    1246.3155
    1897    1237.3867
    1898    1214.5460
    1899    1186.7531
    1900    1165.3759
    1901    1160.1929
    1902    1175.5393
    1903    1208.0219
    1904    1247.1003
    1905    1278.7656
    1906    1290.7613
    1907    1276.9699
    1908    1239.3680
    1909    1187.1486
    1910    1133.5330
    1911    1091.4507
    1912    1069.5811
    1913    1070.0694
    1914    1088.5741
    1915    1116.4453
    1916    1144.1035
    1917    1164.3604
    1918    1174.5584
    1919    1176.9164
    1920    1177.1349
    1921    1181.9010
    1922    1196.2334
    1923    1221.5709
    1924    1255.1794
    1925    1290.9790
    1926    1321.4145
    1927    1339.6746
    1928    1341.5409
    1929    1326.3805
    1930    1297.1378
    1931    1259.4658
    1932    1220.2774
    1933    1186.0838
    1934    1161.5099
    1935    1148.3158
    1936    1145.1673
    1937    1148.2426
    1938    1152.5556
    1939    1153.6485
    1940    1149.1369
    1941    1139.5746
    1942    1128.3135
    1943    1120.3716
    1944    1120.6665
    1945    1132.1803
    1946    1154.6727
    1947    1184.4428
    1948    1215.2941
    1949    1240.3765
    1950    1254.1357
    1951    1253.6705
    1952    1239.3749
    1953    1214.9460
    1954    1186.5014
    1955    1160.7701
    1956    1143.0170
    1957    1135.5834
    1958    1137.5622
    1959    1145.5890
    1960    1155.2917
    1961    1162.7563
    1962    1165.5140
    1963    1162.8782
    1964    1155.7440
    1965    1146.1043
    1966    1136.4949
    1967    1129.4789
    1968    1127.1763
    1969    1130.8264
    1970    1140.4055
    1971    1154.3923
    1972    1169.8446
    1973    1182.9507
    1974    1190.0892
    1975    1189.1434
    1976    1180.5720
    1977    1167.6865
    1978    1155.8494
    1979    1150.7171
    1980    1156.0985
    1981    1172.2459
    1982    1195.3511
    1983    1218.6142
    1984    1234.5816
    1985    1237.8571
    1986    1227.1020
    1987    1205.5421
    1988    1179.8019
    1989    1157.4957
    1990    1144.4411
    1991    1142.5392
    1992    1149.1974
    1993    1158.5721
    1994    1164.1289
    1995    1161.4266
    1996    1149.9379
    1997    1133.1239
    1998    1116.7967
    1999    1106.5701
    2000    1105.5206
