#Frame              T
       1    2999.0180
       2    2877.7692
       3    2669.1047
       4    2424.9201
       5    2199.3241
       6    2031.8502
       7    1936.4479
       8    1899.8515
       9    1889.5169
      10    1867.8764
      11    1807.5138
      12    1701.7745
      13    1567.2029
      14    1437.2188
      15    1349.6130
      16    1332.6110
      17    1394.6294
      18    1521.1872
      19    1679.6037
      20    1829.3656
      21    1934.3718
      22    1973.0495
      23    1943.3769
      24    1861.7339
      25    1756.5069
      26    1658.8746
      27    1593.8035
      28    1573.8548
      29    1597.2834
      30    1650.4876
      31    1713.5942
      32    1767.1084
      33    1797.4244
      34    1799.7939
      35    1778.5993
      36    1745.3750
      37    1715.0126
      38    1700.9064
      39    1710.4330
      40    1742.2848
      41    1786.5865
      42    1827.7999
      43    1849.5144
      44    1839.6043
      45    1794.1146
      46    1718.6611
      47    1626.9367
      48    1536.8531
      49    1465.5568
      50    1424.8921
      51    1418.6932
      52    1442.6363
      53    1486.4691
      54    1537.6092
      55    1584.7237
      56    1620.1862
      57    1640.9656
      58    1648.1741
      59    1645.8423
      60    1639.4581
      61    1634.6328
      62    1635.9961
      63    1646.2986
      64    1665.7216
      65    1691.5344
      66    1718.3691
      67    1739.3218
      68    1747.8491
      69    1740.0571
      70    1716.6395
      71    1683.5661
      72    1650.8929
      73    1629.7114
      74    1628.1027
      75    1647.5939
      76    1681.6508
      77    1717.1090
      78    1738.3468
      79    1732.8763
      80    1696.2910
      81    1634.5544
      82    1562.5034
      83    1498.9148
      84    1459.9297
      85    1453.3500
      86    1476.0211
      87    1515.3031
      88    1554.1036
      89    1577.6179
      90    1579.1865
      91    1562.8575
      92    1541.4991
      93    1531.1494
      94    1543.9439
      95    1582.6236
      96    1638.9161
      97    1696.3871
      98    1736.5722
      99    1746.0010
     100    1721.4135
     101    1671.1083
     102    1611.8526
     103    1562.5935
     104    1537.4902
     105    1540.9434
     106    1566.3717
     107    1599.0601
     108    1621.9343
     109    1622.0771
     110    1595.5390
     111    1548.6631
     112    1495.4988
     113    1452.4303
     114    1432.2177
     115    1439.7367
     116    1470.7845
     117    1514.0062
     118    1554.9810
     119    1580.9666
     120    1584.7679
     121    1566.5870
     122    1533.4561
     123    1496.6696
     124    1468.2063
     125    1457.3005
     126    1468.0888
     127    1498.7914
     128    1542.4242
     129    1588.7057
     130    1626.6359
     131    1647.1599
     132    1645.3577
     133    1621.7742
     134    1582.6483
     135    1538.7328
     136    1502.5197
     137    1484.3926
     138    1489.0629
     139    1513.7799
     140    1549.1103
     141    1582.0505
     142    1600.3842
     143    1596.8001
     144    1571.3685
     145    1531.4931
     146    1489.3608
     147    1457.7966
     148    1446.0246
     149    1456.8158
     150    1485.8920
     151    1523.5125
     152    1557.4917
     153    1576.8285
     154    1575.0803
     155    1552.3270
     156    1514.9064
     157    1473.0886
     158    1437.7098
     159    1417.0162
     160    1414.6708
     161    1429.2923
     162    1455.3554
     163    1484.9840
     164    1510.0913
     165    1524.4039
     166    1524.9993
     167    1513.0361
     168    1493.4460
     169    1473.5778
     170    1461.1716
     171    1462.1734
     172    1478.8638
     173    1508.7987
     174    1545.0303
     175    1577.7460
     176    1597.0021
     177    1595.8115
     178    1572.5830
     179    1531.9552
     180    1483.5425
     181    1438.8451
     182    1407.3443
     183    1393.2356
     184    1394.1248
     185    1402.2926
     186    1408.1521
     187    1404.6465
     188    1390.7578
     189    1372.2204
     190    1358.7692
     191    1359.6559
     192    1380.1270
     193    1419.8551
     194    1473.1495
     195    1530.8657
     196    1583.4277
     197    1623.6960
     198    1648.5173
     199    1658.5148
     200    1656.4714
     201    1645.2148
     202    1626.0496
     203    1598.4269
     204    1560.9136
     205    1512.8778
     206    1455.9919
     207    1394.7640
     208    1335.7851
     209    1285.9502
     210    1250.3562
     211    1230.7388
     212    1225.1643
     213    1229.3596
     214    1239.2885
     215    1253.5664
     216    1274.1622
     217    1304.9069
     218    1348.5865
     219    1404.0615
     220    1464.8778
     221    1520.2774
     222    1558.4847
     223    1571.0082
     224    1556.1216
     225    1520.0026
     226    1474.9559
     227    1435.2863
     228    1412.3462
     229    1410.6849
     230    1426.7272
     231    1450.3523
     232    1468.8982
     233    1472.4824
     234    1458.5607
     235    1433.3446
     236    1409.1847
     237    1399.1504
     238    1411.2583
     239    1444.7366
     240    1489.7659
     241    1530.7172
     242    1551.6098
     243    1541.7471
     244    1499.5032
     245    1432.9881
     246    1357.4794
     247    1290.6261
     248    1247.1069
     249    1234.4806
     250    1251.4435
     251    1288.8783
     252    1333.1935
     253    1370.7813
     254    1392.1678
     255    1394.6139
     256    1382.5130
     257    1365.5988
     258    1355.5813
     259    1362.2136
     260    1389.9505
     261    1436.2088
     262    1491.8206
     263    1543.6433
     264    1578.5870
     265    1587.8013
     266    1569.6722
     267    1530.6216
     268    1483.3638
     269    1443.0523
     270    1422.4621
     271    1427.7921
     272    1456.6145
     273    1498.7714
     274    1539.8866
     275    1566.1845
     276    1568.9349
     277    1547.0210
     278    1506.7923
     279    1459.3741
     280    1416.5118
     281    1386.6147
     282    1372.5122
     283    1371.5424
     284    1377.2410
     285    1381.6035
     286    1377.9901
     287    1364.3523
     288    1344.6151
     289    1326.9038
     290    1319.7546
     291    1328.3604
     292    1352.4376
     293    1386.4169
     294    1421.6967
     295    1449.9036
     296    1465.7704
     297    1468.4882
     298    1461.1118
     299    1448.4480
     300    1434.5096
     301    1420.7245
     302    1405.6922
     303    1386.5155
     304    1361.0078
     305    1329.6770
     306    1296.5074
     307    1268.0824
     308    1251.3437
     309    1250.8825
     310    1266.9443
     311    1295.1029
     312    1327.8575
     313    1357.5042
     314    1379.0026
     315    1391.5718
     316    1398.3508
     317    1404.3304
     318    1413.5100
     319    1426.5625
     320    1440.1094
     321    1448.0146
     322    1444.1969
     323    1425.7095
     324    1394.6604
     325    1358.0412
     326    1325.4668
     327    1305.7679
     328    1303.8571
     329    1319.1432
     330    1346.0740
     331    1376.4958
     332    1402.7944
     333    1420.5539
     334    1429.7398
     335    1434.0598
     336    1438.8722
     337    1448.5449
     338    1464.3330
     339    1483.6221
     340    1500.8577
     341    1509.7370
     342    1505.7063
     343    1487.7034
     344    1458.4889
     345    1423.5669
     346    1389.2877
     347    1360.9780
     348    1341.7418
     349    1332.1070
     350    1330.3399
     351    1333.3149
     352    1337.8554
     353    1342.0320
     354    1345.7432
     355    1350.3758
     356    1357.9168
     357    1370.0160
     358    1387.3103
     359    1409.0979
     360    1433.3337
     361    1456.8874
     362    1476.0462
     363    1487.2394
     364    1487.9151
     365    1477.3765
     366    1457.2880
     367    1431.5850
     368    1405.6385
     369    1384.7956
     370    1372.6749
     371    1369.7997
     372    1373.1409
     373    1376.9593
     374    1374.9042
     375    1362.7035
     376    1340.3343
     377    1312.6022
     378    1287.7212
     379    1274.3452
     380    1278.2429
     381    1299.9803
     382    1334.5838
     383    1373.3043
     384    1406.7474
     385    1428.1313
     386    1435.4497
     387    1431.7878
     388    1423.7158
     389    1418.4098
     390    1420.6798
     391    1431.1994
     392    1446.6389
     393    1461.3826
     394    1469.8557
     395    1468.4620
     396    1456.5022
     397    1435.9286
     398    1410.2558
     399    1383.2283
     400    1357.8344
     401    1335.9998
     402    1318.8692
     403    1307.2746
     404    1301.9412
     405    1303.2061
     406    1310.3845
     407    1321.1884
     408    1331.6905
     409    1337.1393
     410    1333.5619
     411    1319.6288
     412    1297.9401
     413    1274.9413
     414    1259.1658
     415    1258.2431
     416    1275.7603
     417    1309.2949
     418    1350.6161
     419    1388.2474
     420    1411.5610
     421    1414.8022
     422    1399.3264
     423    1373.0618
     424    1347.4042
     425    1332.8561
     426    1335.1812
     427    1353.5432
     428    1381.2185
     429    1408.4319
     430    1426.1201
     431    1429.1438
     432    1417.7607
     433    1396.9120
     434    1373.7528
     435    1354.5655
     436    1342.3966
     437    1336.4009
     438    1333.0803
     439    1328.6827
     440    1321.3177
     441    1311.4697
     442    1300.8710
     443    1291.1523
     444    1283.3462
     445    1277.9431
     446    1275.0693
     447    1274.8176
     448    1277.6993
     449    1284.8499
     450    1297.6590
     451    1316.8828
     452    1341.7402
     453    1369.5543
     454    1396.1880
     455    1417.1403
     456    1428.9111
     457    1430.1471
     458    1422.0946
     459    1408.1145
     460    1392.4083
     461    1378.4636
     462    1367.8558
     463    1359.8818
     464    1352.1745
     465    1342.0770
     466    1328.2323
     467    1311.6998
     468    1296.0487
     469    1286.3008
     470    1287.1097
     471    1300.9298
     472    1326.9179
     473    1360.9592
     474    1396.7081
     475    1427.2217
     476    1446.7039
     477    1451.9655
     478    1443.2476
     479    1424.1427
     480    1400.6057
     481    1379.3561
     482    1366.1448
     483    1364.3574
     484    1374.2687
     485    1393.0667
     486    1415.5975
     487    1435.6704
     488    1447.6920
     489    1448.3044
     490    1437.5955
     491    1419.4205
     492    1400.5008
     493    1388.3401
     494    1388.4861
     495    1402.0570
     496    1424.5532
     497    1446.6542
     498    1457.0136
     499    1446.2524
     500    1410.7776
     501    1354.9426
     502    1290.5405
     503    1233.5024
     504    1198.7995
     505    1195.4142
     506    1223.3365
     507    1273.7253
     508    1332.0980
     509    1383.3764
     510    1417.1226
     511    1431.1587
     512    1432.0441
     513    1431.9772
     514    1443.2596
     515    1472.5992
     516    1517.6197
     517    1567.0657
     518    1604.6752
     519    1615.2108
     520    1590.3013
     521    1531.8662
     522    1451.8621
     523    1368.5135
     524    1300.4859
     525    1261.1376
     526    1254.7949
     527    1276.1619
     528    1312.8767
     529    1350.1288
     530    1375.5904
     531    1382.9664
     532    1373.1160
     533    1352.6737
     534    1330.9693
     535    1316.5180
     536    1314.2987
     537    1324.5661
     538    1343.2927
     539    1363.7972
     540    1378.8518
     541    1382.6137
     542    1371.9797
     543    1347.2599
     544    1312.2418
     545    1273.7013
     546    1240.3327
     547    1221.0697
     548    1222.9717
     549    1249.1524
     550    1297.4304
     551    1360.3159
     552    1426.5863
     553    1484.1561
     554    1523.4278
     555    1540.0578
     556    1536.1369
     557    1519.2623
     558    1499.7099
     559    1486.6339
     560    1484.6492
     561    1492.0838
     562    1501.6155
     563    1503.1353
     564    1487.8180
     565    1451.8626
     566    1398.4474
     567    1337.1274
     568    1280.8866
     569    1241.9358
     570    1227.7842
     571    1238.9574
     572    1269.0917
     573    1307.2334
     574    1341.3994
     575    1362.1090
     576    1364.7784
     577    1350.3861
     578    1324.4911
     579    1295.1445
     580    1270.4619
     581    1256.5320
     582    1256.1128
     583    1268.2959
     584    1289.1177
     585    1312.8932
     586    1333.8908
     587    1347.8904
     588    1353.2277
     589    1351.1320
     590    1345.3435
     591    1341.1065
     592    1343.6360
     593    1356.3066
     594    1379.0859
     595    1407.8802
     596    1435.2667
     597    1452.5798
     598    1452.7454
     599    1432.8896
     600    1395.7316
     601    1349.1508
     602    1303.9743
     603    1270.6931
     604    1256.2382
     605    1261.9627
     606    1283.5377
     607    1312.7516
     608    1340.4802
     609    1359.7232
     610    1367.6482
     611    1365.9586
     612    1359.5398
     613    1354.0321
     614    1353.3846
     615    1358.4216
     616    1366.9208
     617    1375.0082
     618    1379.0892
     619    1377.3746
     620    1370.3309
     621    1359.9801
     622    1348.5698
     623    1337.4304
     624    1326.6527
     625    1315.7151
     626    1304.6358
     627    1294.8974
     628    1289.4497
     629    1291.5582
     630    1302.9090
     631    1321.9188
     632    1343.2850
     633    1359.3177
     634    1362.7257
     635    1349.7679
     636    1322.3568
     637    1288.0599
     638    1257.7806
     639    1241.8893
     640    1246.2737
     641    1269.8858
     642    1304.8695
     643    1339.3474
     644    1361.8361
     645    1365.5691
     646    1351.0329
     647    1325.6984
     648    1301.0378
     649    1288.0017
     650    1292.7631
     651    1314.3825
     652    1345.2650
     653    1374.1618
     654    1390.5005
     655    1388.3465
     656    1368.5092
     657    1338.0995
     658    1307.8431
     659    1288.2313
     660    1285.9423
     661    1301.7562
     662    1330.5593
     663    1363.2498
     664    1389.7394
     665    1402.0035
     666    1396.2453
     667    1373.6670
     668    1339.7946
     669    1302.7050
     670    1270.6874
     671    1249.9652
     672    1243.0827
     673    1248.4220
     674    1260.9749
     675    1274.1401
     676    1282.0119
     677    1281.5269
     678    1273.7958
     679    1264.0786
     680    1260.2349
     681    1270.0259
     682    1298.1122
     683    1343.8206
     684    1400.5589
     685    1457.2825
     686    1501.6658
     687    1523.9461
     688    1520.0801
     689    1493.0985
     690    1452.1460
     691    1409.4687
     692    1376.3416
     693    1359.3432
     694    1358.3195
     695    1366.7790
     696    1374.5855
     697    1371.9697
     698    1353.4052
     699    1319.9368
     700    1279.0590
     701    1242.0989
     702    1220.0491
     703    1219.4804
     704    1240.2033
     705    1275.5361
     706    1314.8949
     707    1347.5542
     708    1366.1453
     709    1368.6958
     710    1358.6449
     711    1343.0175
     712    1329.6040
     713    1324.2400
     714    1329.1223
     715    1342.5757
     716    1360.1126
     717    1376.2073
     718    1386.0761
     719    1386.8929
     720    1378.2002
     721    1361.6333
     722    1340.3094
     723    1318.2213
     724    1299.7718
     725    1289.3166
     726    1290.4494
     727    1304.9885
     728    1332.0183
     729    1367.5558
     730    1405.1850
     731    1437.5157
     732    1458.0197
     733    1462.6955
     734    1451.0327
     735    1425.9365
     736    1392.5963
     737    1356.7023
     738    1322.6772
     739    1292.5855
     740    1266.0906
     741    1241.3957
     742    1216.7174
     743    1191.6669
     744    1167.9740
     745    1149.2564
     746    1139.9160
     747    1143.6240
     748    1162.0400
     749    1194.2759
     750    1237.1938
     751    1286.2279
     752    1336.2713
     753    1382.3286
     754    1419.9084
     755    1445.3082
     756    1455.9747
     757    1451.0246
     758    1431.7871
     759    1401.9991
     760    1367.2086
     761    1333.2893
     762    1304.6392
     763    1282.9830
     764    1267.2794
     765    1254.6008
     766    1241.6376
     767    1226.4069
     768    1209.5979
     769    1194.9849
     770    1188.5813
     771    1196.6095
     772    1222.8710
     773    1266.5238
     774    1321.3171
     775    1376.8259
     776    1421.4459
     777    1446.1540
     778    1447.6128
     779    1429.3773
     780    1400.6032
     781    1372.6510
     782    1354.8918
     783    1351.4893
     784    1360.4453
     785    1375.0725
     786    1387.0416
     787    1389.7424
     788    1380.7181
     789    1362.2977
     790    1340.2615
     791    1321.1747
     792    1309.6448
     793    1306.7305
     794    1310.0027
     795    1314.9140
     796    1316.7771
     797    1312.6900
     798    1302.7028
     799    1289.6059
     800    1277.4328
     801    1269.5641
     802    1267.4428
     803    1270.4357
     804    1276.7001
     805    1284.4372
     806    1292.8086
     807    1302.0663
     808    1312.9397
     809    1325.7663
     810    1339.9350
     811    1353.9446
     812    1366.0110
     813    1374.8717
     814    1380.3233
     815    1383.1821
     816    1384.6998
     817    1385.7635
     818    1386.3060
     819    1385.2457
     820    1381.0275
     821    1372.5528
     822    1360.0741
     823    1345.5849
     824    1332.4247
     825    1324.1313
     826    1322.9668
     827    1328.8029
     828    1338.9976
     829    1349.4254
     830    1356.1739
     831    1357.0799
     832    1352.3796
     833    1344.2371
     834    1335.4615
     835    1328.0925
     836    1322.5384
     837    1317.6285
     838    1311.4687
     839    1302.6420
     840    1291.2002
     841    1279.0238
     842    1269.3361
     843    1265.4710
     844    1269.3878
     845    1280.6476
     846    1296.4163
     847    1312.5786
     848    1325.5022
     849    1333.6572
     850    1338.3309
     851    1343.0337
     852    1351.7761
     853    1366.9209
     854    1387.5997
     855    1409.4935
     856    1426.2173
     857    1431.8185
     858    1423.3580
     859    1402.4384
     860    1374.9711
     861    1349.1810
     862    1332.5693
     863    1328.9905
     864    1337.0139
     865    1350.2810
     866    1359.8759
     867    1357.8708
     868    1340.5877
     869    1310.1321
     870    1273.5626
     871    1240.1511
     872    1217.9883
     873    1211.3343
     874    1219.6207
     875    1238.2857
     876    1260.9274
     877    1281.8519
     878    1298.0241
     879    1309.7261
     880    1319.8027
     881    1332.0007
     882    1349.2157
     883    1372.3489
     884    1400.0299
     885    1429.0742
     886    1455.3624
     887    1474.8339
     888    1484.3250
     889    1482.0951
     890    1467.9913
     891    1443.3147
     892    1410.5164
     893    1372.8094
     894    1333.7289
     895    1296.6179
     896    1264.0650
     897    1237.4336
     898    1216.7386
     899    1200.9993
     900    1188.8662
     901    1179.2323
     902    1171.7944
     903    1167.5044
     904    1168.4787
     905    1177.0594
     906    1194.3972
     907    1219.3384
     908    1248.2375
     909    1275.8244
     910    1296.8348
     911    1307.8150
     912    1308.4093
     913    1301.5805
     914    1292.5978
     915    1287.1620
     916    1289.3752
     917    1300.3263
     918    1317.8128
     919    1337.2650
     920    1353.4883
     921    1362.5391
     922    1363.0513
     923    1356.5637
     924    1346.8107
     925    1338.3433
     926    1335.0412
     927    1339.0159
     928    1350.1386
     929    1366.1916
     930    1383.4649
     931    1397.5663
     932    1404.2322
     933    1400.0288
     934    1382.9680
     935    1353.1178
     936    1313.1435
     937    1268.4552
     938    1226.5464
     939    1195.3403
     940    1180.8837
     941    1185.1641
     942    1204.9442
     943    1232.3370
     944    1257.3227
     945    1271.4931
     946    1271.4697
     947    1260.4258
     948    1246.9489
     949    1241.5748
     950    1252.3323
     951    1281.0952
     952    1322.2640
     953    1364.3894
     954    1394.1765
     955    1401.3701
     956    1382.6510
     957    1343.0352
     958    1294.2271
     959    1250.5253
     960    1223.8533
     961    1219.7999
     962    1236.0962
     963    1263.9657
     964    1291.6903
     965    1308.9724
     966    1310.5016
     967    1297.4822
     968    1276.6808
     969    1257.5006
     970    1248.3288
     971    1253.5923
     972    1272.5327
     973    1299.8959
     974    1328.0087
     975    1349.3029
     976    1358.3982
     977    1353.1849
     978    1334.8578
     979    1307.1943
     980    1275.5347
     981    1245.8087
     982    1223.7189
     983    1213.9635
     984    1219.3909
     985    1240.1709
     986    1273.3117
     987    1312.8876
     988    1351.1328
     989    1380.2637
     990    1394.6098
     991    1392.4024
     992    1376.4855
     993    1353.4757
     994    1331.5006
     995    1317.3045
     996    1313.8381
     997    1319.2803
     998    1327.8674
     999    1332.2267
    1000    1326.4410
    1001    1308.2298
    1002    1280.5542
    1003    1250.5071
    1004    1227.0166
    1005    1217.7652
    1006    1226.5604
    1007    1252.0838
    1008    1288.3677
    1009    1326.7153
    1010    1358.3494
    1011    1376.9167
    1012    1380.0886
    1013    1369.8393
    1014    1351.3928
    1015    1331.2703
    1016    1315.1143
    1017    1306.0077
    1018    1303.7714
    1019    1305.3982
    1020    1306.3903
    1021    1302.5105
    1022    1291.3917
    1023    1273.5615
    1024    1252.6085
    1025    1234.4029
    1026    1225.4943
    1027    1231.0658
    1028    1253.0119
    1029    1288.7889
    1030    1331.5703
    1031    1371.8657
    1032    1400.2372
    1033    1410.2383
    1034    1400.4710
    1035    1374.9755
    1036    1341.9045
    1037    1310.9425
    1038    1290.0980
    1039    1282.8802
    1040    1287.1232
    1041    1296.0555
    1042    1301.1638
    1043    1295.6955
    1044    1277.4510
    1045    1249.8281
    1046    1220.7687
    1047    1199.9836
    1048    1195.4129
    1049    1210.1993
    1050    1241.3652
    1051    1280.7620
    1052    1317.9385
    1053    1343.7905
    1054    1353.5747
    1055    1348.1663
    1056    1333.1694
    1057    1316.3238
    1058    1304.3036
    1059    1300.2318
    1060    1302.9125
    1061    1307.9818
    1062    1310.3324
    1063    1306.6148
    1064    1296.6762
    1065    1283.3623
    1066    1270.8958
    1067    1262.6958
    1068    1259.7183
    1069    1260.1149
    1070    1260.3584
    1071    1257.2639
    1072    1249.8545
    1073    1240.0490
    1074    1231.7399
    1075    1228.6800
    1076    1232.2590
    1077    1240.3691
    1078    1248.0815
    1079    1249.9358
    1080    1242.7788
    1081    1227.7329
    1082    1210.2591
    1083    1198.1473
    1084    1198.2460
    1085    1213.3647
    1086    1240.7206
    1087    1272.6269
    1088    1299.1717
    1089    1311.8633
    1090    1306.8346
    1091    1286.3353
    1092    1257.8749
    1093    1231.3263
    1094    1215.1417
    1095    1213.1937
    1096    1223.4696
    1097    1239.0548
    1098    1250.9611
    1099    1251.6572
    1100    1237.9112
    1101    1211.8853
    1102    1180.2035
    1103    1151.4968
    1104    1133.4209
    1105    1130.2158
    1106    1141.5901
    1107    1163.2346
    1108    1188.6421
    1109    1211.4547
    1110    1227.4457
    1111    1235.5373
    1112    1237.7141
    1113    1238.0343
    1114    1241.1566
    1115    1250.8347
    1116    1268.7840
    1117    1294.1602
    1118    1323.7218
    1119    1352.6194
    1120    1375.6387
    1121    1388.6091
    1122    1389.6018
    1123    1379.5343
    1124    1361.9376
    1125    1341.8961
    1126    1324.4623
    1127    1313.0734
    1128    1308.5374
    1129    1309.0111
    1130    1311.0330
    1131    1311.2416
    1132    1308.0671
    1133    1302.6265
    1134    1298.3529
    1135    1299.4245
    1136    1308.6321
    1137    1325.6173
    1138    1346.3323
    1139    1364.0997
    1140    1371.9869
    1141    1365.6289
    1142    1345.3195
    1143    1316.3947
    1144    1287.5193
    1145    1267.4095
    1146    1261.3171
    1147    1268.8534
    1148    1284.1616
    1149    1298.3752
    1150    1303.3076
    1151    1294.8688
    1152    1274.8779
    1153    1250.5400
    1154    1231.6911
    1155    1226.8038
    1156    1239.3271
    1157    1265.8891
    1158    1297.1812
    1159    1321.2781
    1160    1328.1776
    1161    1313.7987
    1162    1281.8391
    1163    1242.6745
    1164    1209.6493
    1165    1194.1240
    1166    1201.2069
    1167    1227.8461
    1168    1264.0164
    1169    1296.4858
    1170    1313.6596
    1171    1309.6651
    1172    1286.2361
    1173    1251.8343
    1174    1218.4474
    1175    1197.2907
    1176    1194.9539
    1177    1211.3206
    1178    1239.9008
    1179    1270.3129
    1180    1291.9152
    1181    1297.2936
    1182    1284.4874
    1183    1257.3609
    1184    1224.1718
    1185    1194.9207
    1186    1178.3987
    1187    1179.7953
    1188    1199.4564
    1189    1232.9817
    1190    1272.4882
    1191    1308.6641
    1192    1333.1102
    1193    1340.4463
    1194    1329.6620
    1195    1304.3327
    1196    1271.5880
    1197    1240.0565
    1198    1217.3435
    1199    1207.7841
    1200    1211.1910
    1201    1223.0547
    1202    1236.2011
    1203    1243.4094
    1204    1240.1123
    1205    1226.2220
    1206    1206.3920
    1207    1188.5477
    1208    1181.1496
    1209    1190.1307
    1210    1216.5822
    1211    1255.9924
    1212    1299.3507
    1213    1335.7799
    1214    1355.8143
    1215    1354.1856
    1216    1331.1729
    1217    1292.1349
    1218    1245.5338
    1219    1200.2843
    1220    1163.3751
    1221    1138.4904
    1222    1125.8722
    1223    1123.2212
    1224    1127.1229
    1225    1134.4123
    1226    1143.0449
    1227    1152.3203
    1228    1162.6173
    1229    1174.9511
    1230    1190.5963
    1231    1210.8094
    1232    1236.5199
    1233    1267.8308
    1234    1303.3503
    1235    1339.6284
    1236    1371.1413
    1237    1391.1942
    1238    1393.7605
    1239    1375.7426
    1240    1338.7335
    1241    1289.3601
    1242    1237.8154
    1243    1194.9695
    1244    1169.0778
    1245    1163.2555
    1246    1174.6456
    1247    1195.6658
    1248    1216.9491
    1249    1230.8969
    1250    1234.4589
    1251    1230.0515
    1252    1224.2519
    1253    1224.8113
    1254    1237.1909
    1255    1262.0132
    1256    1294.4542
    1257    1325.8219
    1258    1346.7047
    1259    1350.4678
    1260    1335.7378
    1261    1306.9380
    1262    1272.7321
    1263    1243.0334
    1264    1225.7254
    1265    1224.2612
    1266    1236.9385
    1267    1258.0003
    1268    1280.0436
    1269    1296.6866
    1270    1304.4414
    1271    1303.2105
    1272    1295.5510
    1273    1285.2762
    1274    1276.0094
    1275    1270.1437
    1276    1268.4317
    1277    1270.1537
    1278    1273.6418
    1279    1276.8576
    1280    1277.8348
    1281    1274.9373
    1282    1267.0210
    1283    1253.6583
    1284    1235.4767
    1285    1214.4702
    1286    1194.0172
    1287    1178.3841
    1288    1171.6847
    1289    1176.4929
    1290    1192.5496
    1291    1216.1488
    1292    1240.6881
    1293    1258.4553
    1294    1263.1555
    1295    1252.2672
    1296    1228.2588
    1297    1198.0759
    1298    1170.9431
    1299    1155.2205
    1300    1155.4647
    1301    1170.8422
    1302    1195.5144
    1303    1220.8545
    1304    1238.6318
    1305    1243.9479
    1306    1236.8552
    1307    1222.1213
    1308    1207.3182
    1309    1199.9965
    1310    1204.9728
    1311    1222.6559
    1312    1248.9295
    1313    1276.5527
    1314    1297.5246
    1315    1305.5767
    1316    1297.9893
    1317    1276.2586
    1318    1245.5356
    1319    1213.1284
    1320    1186.5904
    1321    1171.9232
    1322    1172.2951
    1323    1187.4869
    1324    1214.1078
    1325    1246.4507
    1326    1277.7738
    1327    1301.7714
    1328    1314.0090
    1329    1312.9972
    1330    1300.5327
    1331    1281.0799
    1332    1260.3065
    1333    1243.2223
    1334    1232.5529
    1335    1227.9213
    1336    1226.1338
    1337    1222.5022
    1338    1212.7539
    1339    1194.8579
    1340    1170.1168
    1341    1143.1137
    1342    1120.5431
    1343    1109.3619
    1344    1114.8541
    1345    1139.1500
    1346    1180.6070
    1347    1234.2780
    1348    1293.2976
    1349    1350.5916
    1350    1400.2002
    1351    1437.8966
    1352    1461.2124
    1353    1469.1887
    1354    1462.1346
    1355    1441.4842
    1356    1409.6776
    1357    1369.9264
    1358    1325.8173
    1359    1280.8127
    1360    1237.7812
    1361    1198.6810
    1362    1164.5004
    1363    1135.5602
    1364    1112.1699
    1365    1095.3967
    1366    1087.4357
    1367    1091.1090
    1368    1108.4971
    1369    1139.3116
    1370    1179.8458
    1371    1223.1075
    1372    1260.2898
    1373    1283.2573
    1374    1287.2629
    1375    1272.8682
    1376    1246.1898
    1377    1217.1696
    1378    1196.3324
    1379    1191.1527
    1380    1203.3802
    1381    1228.3795
    1382    1256.8599
    1383    1278.5138
    1384    1286.2418
    1385    1279.1911
    1386    1263.2266
    1387    1248.5862
    1388    1245.7148
    1389    1261.0014
    1390    1294.0915
    1391    1337.7730
    1392    1380.3844
    1393    1409.6949
    1394    1416.7709
    1395    1398.5817
    1396    1358.7202
    1397    1306.1379
    1398    1252.3303
    1399    1207.9003
    1400    1179.6537
    1401    1169.0934
    1402    1172.6668
    1403    1183.5294
    1404    1194.1165
    1405    1198.5917
    1406    1194.4694
    1407    1183.1034
    1408    1169.0642
    1409    1158.6326
    1410    1157.7893
    1411    1170.1982
    1412    1195.7330
    1413    1230.0316
    1414    1265.3513
    1415    1292.5934
    1416    1303.9628
    1417    1295.4700
    1418    1268.4894
    1419    1229.7740
    1420    1189.7496
    1421    1159.4621
    1422    1147.0941
    1423    1155.2630
    1424    1180.1130
    1425    1212.6203
    1426    1241.7083
    1427    1258.1174
    1428    1257.6535
    1429    1242.6218
    1430    1220.8922
    1431    1202.9176
    1432    1197.8006
    1433    1209.8774
    1434    1237.0792
    1435    1271.6425
    1436    1302.9184
    1437    1321.2823
    1438    1321.6765
    1439    1305.3334
    1440    1278.9628
    1441    1251.8464
    1442    1232.1719
    1443    1224.1625
    1444    1227.0825
    1445    1236.3206
    1446    1245.8803
    1447    1251.0793
    1448    1250.2678
    1449    1244.8930
    1450    1238.0710
    1451    1232.5235
    1452    1228.9789
    1453    1225.8156
    1454    1220.0462
    1455    1209.0684
    1456    1192.2898
    1457    1171.8394
    1458    1152.0379
    1459    1137.8499
    1460    1132.9746
    1461    1138.3877
    1462    1151.9411
    1463    1169.2134
    1464    1185.2927
    1465    1196.7714
    1466    1203.0806
    1467    1206.5384
    1468    1211.0820
    1469    1220.2975
    1470    1235.6784
    1471    1255.8993
    1472    1277.3808
    1473    1295.7933
    1474    1307.7411
    1475    1311.8496
    1476    1308.8360
    1477    1300.6625
    1478    1289.2984
    1479    1275.7428
    1480    1259.7627
    1481    1240.3900
    1482    1216.8531
    1483    1189.4657
    1484    1160.0651
    1485    1131.7935
    1486    1108.3247
    1487    1092.9237
    1488    1087.7979
    1489    1093.9529
    1490    1111.4005
    1491    1139.3615
    1492    1176.1912
    1493    1219.0798
    1494    1263.8380
    1495    1305.1259
    1496    1337.2767
    1497    1355.6066
    1498    1357.8533
    1499    1345.2034
    1500    1322.3637
    1501    1296.3838
    1502    1274.4367
    1503    1261.2893
    1504    1257.4954
    1505    1259.1671
    1506    1259.5776
    1507    1252.0608
    1508    1233.0495
    1509    1203.9548
    1510    1171.0549
    1511    1143.3691
    1512    1129.3366
    1513    1133.6047
    1514    1155.1843
    1515    1187.6759
    1516    1221.4530
    1517    1246.9246
    1518    1257.6618
    1519    1252.2674
    1520    1234.4119
    1521    1211.1664
    1522    1190.3844
    1523    1178.1619
    1524    1177.2321
    1525    1186.6764
    1526    1202.8029
    1527    1220.6861
    1528    1235.7724
    1529    1245.0645
    1530    1247.6580
    1531    1244.6482
    1532    1238.5867
    1533    1232.6796
    1534    1229.8885
    1535    1232.0595
    1536    1239.2341
    1537    1249.3313
    1538    1258.4035
    1539    1261.5358
    1540    1254.2759
    1541    1234.2490
    1542    1202.4275
    1543    1163.4919
    1544    1124.9747
    1545    1095.3111
    1546    1081.3336
    1547    1086.0173
    1548    1107.2622
    1549    1138.2252
    1550    1169.2406
    1551    1190.8181
    1552    1196.7658
    1553    1186.2978
    1554    1164.2575
    1555    1139.3369
    1556    1121.0001
    1557    1116.2389
    1558    1127.2350
    1559    1150.7141
    1560    1179.2337
    1561    1203.9530
    1562    1217.8824
    1563    1218.4312
    1564    1208.3591
    1565    1194.8187
    1566    1186.8545
    1567    1192.2474
    1568    1214.7837
    1569    1252.8608
    1570    1299.7975
    1571    1345.6039
    1572    1379.5305
    1573    1392.6270
    1574    1379.7234
    1575    1340.5219
    1576    1279.7307
    1577    1206.2890
    1578    1131.7660
    1579    1068.0755
    1580    1024.8435
    1581    1007.0265
    1582    1013.5182
    1583    1037.3786
    1584    1067.8779
    1585    1093.9161
    1586    1107.7959
    1587    1108.0252
    1588    1100.0281
    1589    1094.2936
    1590    1102.4126
    1591    1132.3026
    1592    1184.3678
    1593    1250.1812
    1594    1314.4603
    1595    1359.8911
    1596    1373.1755
    1597    1350.0699
    1598    1297.4361
    1599    1231.3827
    1600    1172.0564
    1601    1136.9214
    1602    1134.9617
    1603    1163.8784
    1604    1211.2381
    1605    1259.0794
    1606    1290.2546
    1607    1294.2392
    1608    1270.4041
    1609    1227.7351
    1610    1181.2722
    1611    1146.6696
    1612    1134.8338
    1613    1148.4353
    1614    1181.3493
    1615    1221.0478
    1616    1252.9913
    1617    1265.4796
    1618    1253.3780
    1619    1219.6160
    1620    1174.1441
    1621    1130.8020
    1622    1103.0565
    1623    1099.7791
    1624    1122.3398
    1625    1164.1695
    1626    1213.0533
    1627    1255.1353
    1628    1279.0600
    1629    1279.0297
    1630    1256.1159
    1631    1217.6245
    1632    1174.7567
    1633    1139.2375
    1634    1119.8797
    1635    1120.0964
    1636    1137.1181
    1637    1163.1773
    1638    1188.2966
    1639    1203.7792
    1640    1205.2179
    1641    1194.0118
    1642    1176.8661
    1643    1163.3772
    1644    1162.4552
    1645    1178.7824
    1646    1210.6283
    1647    1249.9479
    1648    1284.8792
    1649    1303.8127
    1650    1299.5570
    1651    1272.0414
    1652    1228.5163
    1653    1181.1306
    1654    1142.7509
    1655    1122.5571
    1656    1123.0851
    1657    1139.8114
    1658    1163.3673
    1659    1183.4317
    1660    1192.7286
    1661    1189.5948
    1662    1178.2059
    1663    1166.5025
    1664    1162.7040
    1665    1171.8258
    1666    1193.6120
    1667    1222.6962
    1668    1250.7556
    1669    1269.5829
    1670    1273.8535
    1671    1262.6723
    1672    1239.5146
    1673    1210.7442
    1674    1183.3868
    1675    1163.0469
    1676    1152.6575
    1677    1152.2878
    1678    1159.7883
    1679    1171.8561
    1680    1185.1045
    1681    1196.8129
    1682    1205.2525
    1683    1209.7234
    1684    1210.5271
    1685    1208.9658
    1686    1207.2646
    1687    1208.2158
    1688    1214.3929
    1689    1227.0569
    1690    1245.1843
    1691    1265.2050
    1692    1281.7700
    1693    1289.4001
    1694    1284.4746
    1695    1266.8488
    1696    1240.4059
    1697    1212.1168
    1698    1189.7818
    1699    1179.2508
    1700    1182.2731
    1701    1195.8797
    1702    1213.5573
    1703    1227.7230
    1704    1232.5065
    1705    1225.7756
    1706    1209.6948
    1707    1189.6779
    1708    1172.2129
    1709    1162.4194
    1710    1162.2640
    1711    1170.0306
    1712    1181.1289
    1713    1189.8342
    1714    1191.2809
    1715    1183.0324
    1716    1165.7652
    1717    1142.9266
    1718    1119.5777
    1719    1100.8647
    1720    1090.6377
    1721    1090.5950
    1722    1100.1141
    1723    1116.6814
    1724    1136.7173
    1725    1156.5435
    1726    1173.2929
    1727    1185.6328
    1728    1194.1671
    1729    1201.3836
    1730    1211.0286
    1731    1226.9162
    1732    1251.3823
    1733    1283.8273
    1734    1319.9225
    1735    1351.9988
    1736    1370.7961
    1737    1368.2137
    1738    1340.2053
    1739    1288.7434
    1740    1221.9889
    1741    1152.3700
    1742    1093.0397
    1743    1053.8656
    1744    1038.3877
    1745    1042.8837
    1746    1057.9032
    1747    1071.7584
    1748    1074.8464
    1749    1063.3891
    1750    1041.1908
    1751    1018.5099
    1752    1008.2273
    1753    1020.7120
    1754    1059.4081
    1755    1118.8934
    1756    1186.1661
    1757    1244.7171
    1758    1279.9155
    1759    1283.8085
    1760    1257.6578
    1761    1211.3783
    1762    1160.1440
    1763    1119.4204
    1764    1100.1705
    1765    1105.8139
    1766    1131.8041
    1767    1167.7291
    1768    1201.0421
    1769    1221.1113
    1770    1222.3474
    1771    1205.5612
    1772    1177.3012
    1773    1147.5015
    1774    1126.1982
    1775    1120.2964
    1776    1131.3470
    1777    1155.0114
    1778    1182.4273
    1779    1203.1007
    1780    1208.4722
    1781    1195.0217
    1782    1165.8074
    1783    1129.7440
    1784    1098.7320
    1785    1083.6956
    1786    1090.9815
    1787    1120.2351
    1788    1164.2862
    1789    1211.1282
    1790    1247.5395
    1791    1263.2795
    1792    1254.4334
    1793    1224.6632
    1794    1183.8221
    1795    1144.3822
    1796    1117.0119
    1797    1106.9833
    1798    1112.7134
    1799    1126.8812
    1800    1139.6319
    1801    1142.6560
    1802    1132.5474
    1803    1111.9745
    1804    1088.1799
    1805    1069.7770
    1806    1063.5589
    1807    1072.4260
    1808    1094.7262
    1809    1125.0460
    1810    1156.2090
    1811    1181.7606
    1812    1197.9400
    1813    1204.3846
    1814    1203.4196
    1815    1198.4292
    1816    1192.1912
    1817    1185.9821
    1818    1179.7808
    1819    1173.2958
    1820    1167.1032
    1821    1163.1402
    1822    1164.1347
    1823    1172.1567
    1824    1187.0263
    1825    1205.4934
    1826    1221.7637
    1827    1229.3291
    1828    1223.4394
    1829    1203.2190
    1830    1172.4567
    1831    1138.5844
    1832    1110.0830
    1833    1093.2976
    1834    1089.9901
    1835    1096.7038
    1836    1106.2724
    1837    1110.9284
    1838    1105.7851
    1839    1091.2463
    1840    1073.2723
    1841    1061.2794
    1842    1064.4320
    1843    1087.7828
    1844    1129.7844
    1845    1182.1529
    1846    1232.1518
    1847    1266.4982
    1848    1275.5470
    1849    1256.3260
    1850    1213.4164
    1851    1157.4326
    1852    1101.6818
    1853    1058.1610
    1854    1034.2205
    1855    1030.9420
    1856    1043.6545
    1857    1064.2756
    1858    1084.5701
    1859    1099.1821
    1860    1107.4453
    1861    1113.4093
    1862    1124.0512
    1863    1146.2793
    1864    1183.8309
    1865    1235.2366
    1866    1293.5233
    1867    1347.6436
    1868    1385.2047
    1869    1395.8235
    1870    1374.2400
    1871    1322.2458
    1872    1248.7266
    1873    1167.6457
    1874    1094.4839
    1875    1042.1577
    1876    1017.6387
    1877    1020.3300
    1878    1042.7946
    1879    1073.7475
    1880    1102.3449
    1881    1122.1731
    1882    1133.3411
    1883    1141.8579
    1884    1156.5800
    1885    1184.9307
    1886    1229.0576
    1887    1283.9263
    1888    1338.1777
    1889    1377.5481
    1890    1389.6985
    1891    1368.7418
    1892    1317.7912
    1893    1248.5138
    1894    1177.6988
    1895    1121.9685
    1896    1092.4755
    1897    1091.5214
    1898    1112.3363
    1899    1142.0646
    1900    1166.7670
    1901    1176.5104
    1902    1168.6575
    1903    1148.2470
    1904    1125.5125
    1905    1111.6164
    1906    1114.2929
    1907    1135.0216
    1908    1168.7238
    1909    1205.9085
    1910    1236.2528
    1911    1252.1062
    1912    1250.6776
    1913    1234.3789
    1914    1209.5286
    1915    1184.0804
    1916    1165.1987
    1917    1157.4302
    1918    1161.8837
    1919    1176.4079
    1920    1196.4656
    1921    1216.3139
    1922    1230.2032
    1923    1233.4631
    1924    1223.4324
    1925    1200.1604
    1926    1166.6919
    1927    1128.6845
    1928    1093.1958
    1929    1066.7893
    1930    1053.5275
    1931    1053.6404
    1932    1063.4644
    1933    1076.7548
    1934    1086.9660
    1935    1089.7254
    1936    1084.5920
    1937    1075.3783
    1938    1068.8009
    1939    1071.8779
    1940    1088.9979
    1941    1119.7940
    1942    1158.7077
    1943    1196.5144
    1944    1223.2996
    1945    1231.7878
    1946    1219.7661
    1947    1190.7116
    1948    1152.4574
    1949    1114.5004
    1950    1085.0381
    1951    1068.8404
    1952    1066.6206
    1953    1075.8849
    1954    1092.6504
    1955    1113.1592
    1956    1134.8939
    1957    1156.6561
    1958    1177.9779
    1959    1198.4125
    1960    1217.1919
    1961    1233.4254
    1962    1246.6173
    1963    1257.0706
    1964    1265.7856
    1965    1273.7817
    1966    1281.1315
    1967    1286.2454
    1968    1285.9137
    1969    1276.3030
    1970    1254.6505
    1971    1220.9851
    1972    1179.0517
    1973    1135.8296
    1974    1099.5790
    1975    1077.0278
    1976    1070.8182
    1977    1078.3704
    1978    1092.7842
    1979    1105.5346
    1980    1109.9186
    1981    1103.8542
    1982    1090.8683
    1983    1078.8207
    1984    1076.8146
    1985    1091.4885
    1986    1124.1540
    1987    1169.9225
    1988    1219.1960
    1989    1260.9556
    1990    1286.5722
    1991    1292.6628
    1992    1281.9379
    1993    1261.7942
    1994    1241.2895
    1995    1227.7102
    1996    1224.0256
    1997    1228.1177
    1998    1233.9702
    1999    1234.2583
    2000    1223.3285
