#Frame              T
       1    1255.2343
       2    1253.3481
       3    1200.4871
       4    1111.5819
       5    1083.0598
       6    1114.2773
       7    1189.7485
       8    1052.7160
       9    1044.4383
      10    1182.1653
      11    1144.6196
      12    1045.4341
      13     944.2034
      14    1003.3296
      15     990.6191
      16     973.7841
      17     998.0220
      18    1050.3030
      19     981.0892
      20     994.5835
      21    1058.7744
      22     959.6054
      23     984.2208
      24     988.6043
      25    1002.1921
      26     927.4606
      27     971.1149
      28     944.5294
      29    1054.4257
      30     868.2257
      31     886.0198
      32     912.8370
      33     845.9973
      34     945.9215
      35     931.8622
      36     914.2278
      37     974.6868
      38     875.7031
      39     929.9010
      40     808.0355
      41     881.7015
      42     831.7506
      43     799.5127
      44     815.8124
      45     881.1295
      46     839.4862
      47     872.1883
      48     844.4518
      49     844.7141
      50     849.9498
      51     822.6597
      52     866.7108
      53     815.5970
      54     820.5901
      55     781.2008
      56     739.8187
      57     693.7633
      58     764.9785
      59     763.8214
      60     678.8088
      61     746.4961
      62     761.8633
      63     743.3258
      64     824.3362
      65     722.8096
      66     739.8335
      67     693.3861
      68     762.7311
      69     670.9123
      70     758.3209
      71     727.1969
      72     778.9555
      73     718.1125
      74     772.6017
      75     698.7100
      76     765.0173
      77     733.4952
      78     745.4783
      79     795.6327
      80     628.1259
      81     726.8058
      82     748.8588
      83     677.2568
      84     738.1571
      85     690.7184
      86     705.5662
      87     717.0400
      88     692.0112
      89     632.7350
      90     638.7058
      91     635.4348
      92     650.0668
      93     636.5183
      94     648.9348
      95     657.3224
      96     654.5420
      97     639.1287
      98     607.8246
      99     653.1492
     100     648.5591
     101     652.1134
     102     671.6964
     103     636.8865
     104     636.6171
     105     600.7850
     106     635.4264
     107     687.7745
     108     652.9903
     109     656.1620
     110     609.7163
     111     626.2203
     112     569.9447
     113     566.3371
     114     532.0785
     115     547.6434
     116     585.7701
     117     509.0243
     118     530.2150
     119     607.0279
     120     542.0137
     121     548.3398
     122     517.7352
     123     555.7727
     124     565.1843
     125     529.1554
     126     556.5658
     127     497.3451
     128     591.6002
     129     550.1039
     130     536.9248
     131     538.3393
     132     532.6747
     133     557.7848
     134     505.5321
     135     515.9708
     136     530.6197
     137     524.1875
     138     497.5320
     139     522.1845
     140     535.6772
     141     520.8617
     142     525.8274
     143     490.8039
     144     510.5609
     145     469.8157
     146     490.6472
     147     487.7147
     148     555.2604
     149     482.5932
     150     502.4765
     151     463.1134
     152     467.6724
     153     507.9549
     154     437.7792
     155     471.5142
     156     461.4059
     157     499.3466
     158     434.9446
     159     481.8220
     160     479.3500
     161     467.9740
     162     504.4238
     163     480.2071
     164     480.5891
     165     471.3917
     166     488.1151
     167     462.9744
     168     496.8600
     169     507.5562
     170     512.3395
     171     450.3003
     172     498.7009
     173     468.9083
     174     446.7065
     175     466.3950
     176     457.8215
     177     485.0663
     178     420.5300
     179     471.8944
     180     464.1110
     181     456.5112
     182     476.8364
     183     481.7999
     184     479.4544
     185     464.7622
     186     441.2402
     187     458.9126
     188     471.9927
     189     447.8158
     190     458.2020
     191     431.8777
     192     509.3352
     193     458.3246
     194     449.7258
     195     489.9032
     196     475.9453
     197     494.0617
     198     469.6310
     199     467.1477
     200     429.1860
     201     429.5440
     202     426.3757
     203     419.6337
     204     452.7471
     205     404.5545
     206     432.3769
     207     415.8168
     208     429.4308
     209     466.2707
     210     427.1420
     211     420.4238
     212     466.7197
     213     442.9449
     214     448.7555
     215     392.1735
     216     432.1412
     217     487.5828
     218     452.2619
     219     474.4657
     220     417.3014
     221     464.7501
     222     443.1412
     223     410.7709
     224     372.5914
     225     430.3436
     226     457.1556
     227     477.8368
     228     432.7869
     229     454.2485
     230     411.9858
     231     414.8094
     232     408.4509
     233     463.5692
     234     419.4080
     235     408.0704
     236     461.4022
     237     456.0677
     238     440.6006
     239     396.8752
     240     432.7670
     241     395.7381
     242     433.7597
     243     455.1843
     244     448.8728
     245     440.2842
     246     473.2756
     247     404.1231
     248     464.7901
     249     442.2164
     250     402.2713
     251     423.2238
     252     395.9415
     253     437.5663
     254     417.4017
     255     441.5847
     256     448.1856
     257     477.2249
     258     459.5016
     259     440.7784
     260     426.5160
     261     401.3791
     262     401.3604
     263     435.2721
     264     461.7591
     265     471.1441
     266     434.3263
     267     457.0113
     268     437.8079
     269     446.5751
     270     442.2316
     271     414.8236
     272     396.9584
     273     428.7434
     274     431.6910
     275     415.6296
     276     470.4029
     277     438.8474
     278     429.8358
     279     466.1223
     280     408.0995
     281     422.4732
     282     392.7720
     283     428.9000
     284     398.7024
     285     433.1610
     286     421.3883
     287     449.7101
     288     397.8680
     289     429.5707
     290     405.5117
     291     422.2017
     292     441.4793
     293     428.0417
     294     384.9737
     295     413.7565
     296     409.0464
     297     410.6474
     298     402.9803
     299     377.9122
     300     411.8618
     301     402.6375
     302     422.5508
     303     378.3774
     304     397.8053
     305     370.2708
     306     395.5844
     307     387.0350
     308     393.4038
     309     416.7620
     310     401.2234
     311     419.5998
     312     425.0846
     313     413.9649
     314     367.3593
     315     405.5691
     316     396.8733
     317     392.0170
     318     412.7145
     319     405.2331
     320     435.1882
     321     345.4942
     322     378.6700
     323     380.5244
     324     414.4103
     325     384.5728
     326     399.4803
     327     398.4384
     328     393.2681
     329     398.6243
     330     427.3725
     331     392.0137
     332     380.1269
     333     385.3965
     334     405.3630
     335     357.7105
     336     364.9705
     337     395.8010
     338     418.2785
     339     384.6836
     340     374.1269
     341     374.1711
     342     445.6434
     343     397.2706
     344     431.1797
     345     424.2462
     346     444.2361
     347     405.0022
     348     404.0378
     349     414.8754
     350     427.3627
     351     396.9154
     352     386.1018
     353     377.2281
     354     418.8728
     355     381.1835
     356     392.6464
     357     408.9132
     358     444.4383
     359     376.9255
     360     424.8695
     361     398.9459
     362     397.2663
     363     405.9270
     364     433.7415
     365     372.5815
     366     398.0950
     367     350.5586
     368     419.1810
     369     416.5458
     370     400.9933
     371     409.7974
     372     377.4431
     373     399.2938
     374     409.8715
     375     435.3524
     376     411.5481
     377     379.6520
     378     402.8403
     379     417.1911
     380     409.5360
     381     406.6811
     382     378.7386
     383     356.5328
     384     359.3218
     385     373.8728
     386     368.6393
     387     392.6261
     388     359.8059
     389     416.9474
     390     435.4338
     391     370.3211
     392     361.4002
     393     385.3941
     394     376.6900
     395     376.5783
     396     373.5527
     397     404.4240
     398     387.7779
     399     389.4247
     400     398.6324
