#Frame              T
       1    2975.7208
       2    2835.1319
       3    2616.2598
       4    2373.5268
       5    2160.2948
       6    2012.5684
       7    1939.4518
       8    1923.3944
       9    1929.6036
      10    1920.7203
      11    1871.1878
      12    1776.2824
      13    1653.0141
      14    1533.1585
      15    1451.3605
      16    1432.7049
      17    1484.0519
      18    1591.8887
      19    1727.0270
      20    1854.0616
      21    1942.0408
      22    1972.7662
      23    1944.4163
      24    1870.0601
      25    1772.3080
      26    1676.2362
      27    1602.7196
      28    1563.7439
      29    1560.6308
      30    1585.4226
      31    1624.7364
      32    1664.4980
      33    1693.8478
      34    1707.1219
      35    1703.8028
      36    1687.1084
      37    1662.3048
      38    1635.5286
      39    1613.0899
      40    1600.6762
      41    1602.0840
      42    1617.7332
      43    1643.6783
      44    1671.7961
      45    1691.4633
      46    1692.5031
      47    1668.6536
      48    1620.4436
      49    1556.2976
      50    1491.1183
      51    1442.4506
      52    1425.2988
      53    1447.2282
      54    1505.4168
      55    1586.7385
      56    1671.0447
      57    1736.8569
      58    1767.9377
      59    1758.6925
      60    1716.4064
      61    1659.2072
      62    1610.2010
      63    1589.6423
      64    1607.7023
      65    1660.2808
      66    1729.5107
      67    1789.1636
      68    1813.4400
      69    1786.2274
      70    1707.6136
      71    1595.3196
      72    1480.1972
      73    1396.3946
      74    1368.9309
      75    1404.2231
      76    1488.2733
      77    1592.2110
      78    1682.1882
      79    1730.6147
      80    1725.3418
      81    1673.5402
      82    1598.6688
      83    1531.5371
      84    1498.7799
      85    1513.1084
      86    1568.9710
      87    1645.0893
      88    1712.7062
      89    1746.3583
      90    1733.1761
      91    1677.3522
      92    1598.2333
      93    1522.8316
      94    1475.6289
      95    1469.5676
      96    1501.6633
      97    1554.8547
      98    1605.1671
      99    1631.1673
     100    1621.8959
     101    1580.3324
     102    1521.4014
     103    1465.6419
     104    1431.2221
     105    1427.4364
     106    1452.0214
     107    1492.9359
     108    1533.5774
     109    1559.3872
     110    1563.4238
     111    1548.7059
     112    1526.3479
     113    1510.3496
     114    1511.4185
     115    1532.5261
     116    1568.0312
     117    1606.5277
     118    1635.9016
     119    1648.2495
     120    1642.6460
     121    1624.8361
     122    1604.2778
     123    1589.9680
     124    1586.8227
     125    1594.0009
     126    1605.6552
     127    1613.6614
     128    1611.1421
     129    1595.3385
     130    1568.6884
     131    1537.7590
     132    1510.6068
     133    1493.7473
     134    1489.9473
     135    1497.6205
     136    1511.9343
     137    1527.0532
     138    1538.4927
     139    1544.5970
     140    1546.6354
     141    1547.6609
     142    1550.7100
     143    1557.0376
     144    1565.0750
     145    1570.6599
     146    1568.6212
     147    1555.0481
     148    1529.1692
     149    1494.0539
     150    1455.8942
     151    1422.1007
     152    1398.8166
     153    1388.7285
     154    1390.0062
     155    1396.8698
     156    1401.6996
     157    1398.0237
     158    1383.3139
     159    1360.4871
     160    1337.4198
     161    1324.4867
     162    1330.8518
     163    1360.7742
     164    1411.3229
     165    1472.5462
     166    1530.3067
     167    1570.9678
     168    1586.2859
     169    1576.6454
     170    1551.2731
     171    1525.1825
     172    1513.8013
     173    1527.1662
     174    1565.8067
     175    1619.9702
     176    1672.6714
     177    1705.6054
     178    1705.7906
     179    1670.4327
     180    1608.1257
     181    1535.8734
     182    1473.0030
     183    1434.2686
     184    1424.7772
     185    1438.6386
     186    1461.7265
     187    1477.3704
     188    1472.7679
     189    1443.7191
     190    1395.9927
     191    1342.9606
     192    1300.5509
     193    1281.4930
     194    1290.9898
     195    1325.3164
     196    1373.6781
     197    1422.4281
     198    1459.8877
     199    1479.9242
     200    1483.0793
     201    1475.1207
     202    1463.8955
     203    1455.9357
     204    1454.1653
     205    1457.4599
     206    1461.9840
     207    1463.5844
     208    1460.1860
     209    1453.1305
     210    1446.7832
     211    1446.4022
     212    1455.2428
     213    1472.5717
     214    1493.8638
     215    1512.9766
     216    1524.8412
     217    1527.2434
     218    1521.0985
     219    1509.4258
     220    1495.6835
     221    1482.2479
     222    1469.6425
     223    1456.7306
     224    1441.6613
     225    1423.0920
     226    1401.1588
     227    1377.8274
     228    1356.5569
     229    1341.4701
     230    1336.2983
     231    1343.3461
     232    1362.7315
     233    1392.1756
     234    1427.4540
     235    1463.2781
     236    1494.2256
     237    1515.4940
     238    1523.5250
     239    1516.5833
     240    1495.2460
     241    1462.5561
     242    1423.5681
     243    1384.2423
     244    1350.0339
     245    1324.8758
     246    1310.9859
     247    1308.8946
     248    1316.8909
     249    1331.1945
     250    1348.3276
     251    1367.5995
     252    1391.2585
     253    1422.5490
     254    1463.0600
     255    1510.6670
     256    1559.0394
     257    1599.0742
     258    1621.7422
     259    1621.1816
     260    1596.7899
     261    1553.5536
     262    1500.5480
     263    1448.1719
     264    1405.0385
     265    1375.5062
     266    1358.6931
     267    1349.6172
     268    1342.3709
     269    1333.8244
     270    1325.6255
     271    1323.3419
     272    1333.5162
     273    1360.3746
     274    1403.6519
     275    1458.1771
     276    1515.2155
     277    1565.0667
     278    1599.9682
     279    1616.1932
     280    1614.5834
     281    1599.4572
     282    1576.5289
     283    1550.8233
     284    1525.4330
     285    1501.4818
     286    1479.0562
     287    1458.4203
     288    1440.7514
     289    1427.9756
     290    1421.8446
     291    1422.8412
     292    1429.5743
     293    1439.0476
     294    1447.7454
     295    1453.1261
     296    1454.8720
     297    1455.2390
     298    1458.1714
     299    1467.4122
     300    1484.4144
     301    1507.0833
     302    1530.0946
     303    1546.7386
     304    1551.4637
     305    1541.9988
     306    1520.2336
     307    1491.5965
     308    1463.2255
     309    1441.6018
     310    1430.4696
     311    1429.7436
     312    1435.7351
     313    1442.5612
     314    1444.2116
     315    1436.5841
     316    1418.8499
     317    1393.7596
     318    1366.8324
     319    1344.6950
     320    1333.0967
     321    1335.1830
     322    1350.5359
     323    1375.2377
     324    1402.9115
     325    1426.4195
     326    1439.7870
     327    1439.9038
     328    1427.5651
     329    1407.4991
     330    1387.2218
     331    1374.9038
     332    1376.8068
     333    1395.1133
     334    1426.9606
     335    1465.0873
     336    1499.8823
     337    1522.2297
     338    1526.4933
     339    1512.7648
     340    1487.2121
     341    1459.9590
     342    1441.2247
     343    1437.3103
     344    1448.0705
     345    1466.8997
     346    1483.2845
     347    1486.9195
     348    1471.7619
     349    1438.4314
     350    1394.0519
     351    1349.6507
     352    1316.1627
     353    1300.5754
     354    1303.6546
     355    1320.0336
     356    1340.5484
     357    1355.8657
     358    1360.0039
     359    1352.4100
     360    1337.8539
     361    1324.3069
     362    1319.7626
     363    1329.3209
     364    1353.5960
     365    1388.8628
     366    1428.6032
     367    1465.6761
     368    1494.2669
     369    1511.0518
     370    1515.4159
     371    1508.9268
     372    1494.4604
     373    1475.3471
     374    1454.7641
     375    1435.3989
     376    1419.2880
     377    1407.6639
     378    1400.7264
     379    1397.4054
     380    1395.3558
     381    1391.4079
     382    1382.4899
     383    1366.7316
     384    1344.2951
     385    1317.5481
     386    1290.4423
     387    1267.3394
     388    1251.7421
     389    1245.4278
     390    1248.2365
     391    1258.4422
     392    1273.4129
     393    1290.3547
     394    1307.0521
     395    1322.4086
     396    1336.4502
     397    1349.7236
     398    1362.4884
     399    1374.2502
     400    1383.8923
     401    1390.2704
     402    1392.8484
     403    1391.9662
     404    1388.5828
     405    1383.6580
     406    1377.5382
     407    1369.6892
     408    1358.9802
     409    1344.4803
     410    1326.4459
     411    1307.0205
     412    1290.1819
     413    1280.7273
     414    1282.5238
     415    1296.7784
     416    1321.3019
     417    1351.1999
     418    1380.5612
     419    1404.3096
     420    1419.5370
     421    1425.9251
     422    1425.2198
     423    1420.0800
     424    1412.8644
     425    1404.8893
     426    1396.4165
     427    1387.2427
     428    1377.4650
     429    1367.9411
     430    1360.1484
     431    1355.4821
     432    1354.3678
     433    1355.7409
     434    1357.3243
     435    1356.7306
     436    1352.8992
     437    1347.0932
     438    1342.8008
     439    1344.3935
     440    1355.0303
     441    1374.7259
     442    1399.5220
     443    1422.2966
     444    1435.0393
     445    1431.7730
     446    1410.9983
     447    1376.6803
     448    1337.3259
     449    1303.3843
     450    1283.7929
     451    1282.8918
     452    1298.9162
     453    1324.8076
     454    1351.1486
     455    1370.0288
     456    1378.1864
     457    1378.1004
     458    1376.6053
     459    1381.6277
     460    1398.4663
     461    1427.2698
     462    1462.8384
     463    1496.7147
     464    1520.4594
     465    1528.6046
     466    1520.1789
     467    1498.4560
     468    1469.3307
     469    1439.1669
     470    1413.0083
     471    1393.6803
     472    1381.7937
     473    1376.2842
     474    1375.1056
     475    1375.9090
     476    1376.6164
     477    1375.7533
     478    1372.5071
     479    1366.6520
     480    1358.5207
     481    1349.0527
     482    1339.8020
     483    1332.7280
     484    1329.7024
     485    1331.8551
     486    1339.0317
     487    1349.6709
     488    1361.2398
     489    1371.1184
     490    1377.5692
     491    1380.3474
     492    1380.6406
     493    1380.3414
     494    1381.0076
     495    1383.0199
     496    1385.3794
     497    1386.2528
     498    1383.9915
     499    1378.1182
     500    1369.7878
     501    1361.4930
     502    1356.1288
     503    1355.7936
     504    1360.8384
     505    1369.6077
     506    1379.0810
     507    1386.2031
     508    1389.3313
     509    1389.0995
     510    1388.2178
     511    1390.1956
     512    1397.5097
     513    1410.0507
     514    1424.6392
     515    1435.9645
     516    1438.6478
     517    1429.5727
     518    1409.4427
     519    1382.8376
     520    1356.6477
     521    1337.4678
     522    1329.0236
     523    1330.7800
     524    1338.3907
     525    1345.7978
     526    1347.9886
     527    1343.1598
     528    1333.3870
     529    1323.5763
     530    1319.2270
     531    1323.9866
     532    1338.0336
     533    1357.9518
     534    1378.1164
     535    1392.9458
     536    1399.0245
     537    1396.1952
     538    1387.2048
     539    1376.1747
     540    1366.6997
     541    1360.5273
     542    1357.4105
     543    1356.0792
     544    1355.6382
     545    1356.5040
     546    1360.3289
     547    1368.9521
     548    1382.9699
     549    1400.7320
     550    1418.3823
     551    1431.0612
     552    1434.8167
     553    1428.3545
     554    1413.7622
     555    1395.7616
     556    1379.7219
     557    1369.3097
     558    1364.8752
     559    1363.3532
     560    1359.6898
     561    1349.0942
     562    1329.1896
     563    1301.3337
     564    1270.5988
     565    1244.2032
     566    1228.9035
     567    1228.4584
     568    1242.2503
     569    1265.5476
     570    1291.1782
     571    1311.8984
     572    1322.5739
     573    1321.4845
     574    1310.4423
     575    1293.8567
     576    1277.1763
     577    1265.2301
     578    1260.9056
     579    1264.4368
     580    1273.4554
     581    1283.8105
     582    1290.9453
     583    1291.4028
     584    1283.9691
     585    1270.1074
     586    1253.5633
     587    1239.2788
     588    1231.9417
     589    1234.5808
     590    1247.5677
     591    1268.2719
     592    1291.5062
     593    1310.7717
     594    1320.0905
     595    1315.9722
     596    1298.8801
     597    1273.5753
     598    1248.0288
     599    1231.0789
     600    1229.5401
     601    1245.7590
     602    1276.5349
     603    1313.9223
     604    1347.7807
     605    1369.2272
     606    1373.7099
     607    1362.4855
     608    1341.8759
     609    1320.5985
     610    1306.2730
     611    1302.5428
     612    1307.9695
     613    1317.0728
     614    1322.9723
     615    1320.4373
     616    1308.0282
     617    1288.4798
     618    1267.3464
     619    1250.7275
     620    1243.1509
     621    1246.3620
     622    1259.2620
     623    1278.7943
     624    1301.2597
     625    1323.4510
     626    1343.1480
     627    1358.9003
     628    1369.4102
     629    1373.0454
     630    1367.9225
     631    1352.6690
     632    1327.5208
     633    1295.1599
     634    1260.7162
     635    1230.6998
     636    1211.1343
     637    1205.5783
     638    1213.8435
     639    1231.9875
     640    1253.6320
     641    1272.1078
     642    1282.5951
     643    1283.4532
     644    1276.3276
     645    1265.1613
     646    1254.6597
     647    1248.8029
     648    1249.7131
     649    1256.9265
     650    1267.3487
     651    1276.3346
     652    1279.6239
     653    1275.0442
     654    1263.2439
     655    1247.4732
     656    1232.7226
     657    1224.4856
     658    1227.3837
     659    1243.8830
     660    1273.3837
     661    1311.9430
     662    1352.8395
     663    1388.0204
     664    1410.1801
     665    1414.9310
     666    1402.3452
     667    1377.2250
     668    1347.8053
     669    1323.1270
     670    1309.8657
     671    1309.7563
     672    1318.7160
     673    1328.2427
     674    1328.7671
     675    1313.7452
     676    1282.8561
     677    1242.9572
     678    1206.2297
     679    1186.0139
     680    1191.7419
     681    1224.8559
     682    1277.4191
     683    1334.2219
     684    1377.8882
     685    1395.2700
     686    1382.7225
     687    1347.7921
     688    1305.8915
     689    1273.3906
     690    1261.1431
     691    1271.3107
     692    1297.7608
     693    1329.1434
     694    1353.3406
     695    1361.8007
     696    1352.3775
     697    1329.7367
     698    1303.2438
     699    1283.1764
     700    1276.7645
     701    1285.6047
     702    1305.4306
     703    1328.1842
     704    1345.3739
     705    1351.2673
     706    1344.6727
     707    1328.7673
     708    1309.2594
     709    1291.8207
     710    1279.9129
     711    1273.8455
     712    1271.2733
     713    1268.7188
     714    1263.3471
     715    1254.2607
     716    1242.8346
     717    1231.9827
     718    1224.6388
     719    1222.2110
     720    1223.9290
     721    1227.4867
     722    1230.4372
     723    1231.3888
     724    1230.4360
     725    1228.8603
     726    1228.4722
     727    1230.9697
     728    1237.4708
     729    1248.1632
     730    1261.9982
     731    1276.5900
     732    1288.5782
     733    1294.4702
     734    1291.6562
     735    1279.2832
     736    1258.7801
     737    1233.8421
     738    1209.6943
     739    1191.6537
     740    1183.3473
     741    1185.2316
     742    1194.0939
     743    1203.9278
     744    1208.0890
     745    1202.0700
     746    1185.8365
     747    1164.6775
     748    1148.0046
     749    1146.3117
     750    1167.2541
     751    1212.2661
     752    1275.0892
     753    1343.0070
     754    1400.5950
     755    1434.7630
     756    1439.2630
     757    1416.9045
     758    1378.5497
     759    1339.1472
     760    1312.2245
     761    1304.9050
     762    1315.3663
     763    1333.7532
     764    1346.2250
     765    1340.5992
     766    1311.4063
     767    1262.3879
     768    1205.4216
     769    1156.2823
     770    1128.9450
     771    1130.6711
     772    1159.7040
     773    1206.2632
     774    1256.2755
     775    1296.3407
     776    1318.0877
     777    1320.4067
     778    1308.9297
     779    1293.1356
     780    1282.3186
     781    1282.0424
     782    1292.4888
     783    1309.2640
     784    1326.0189
     785    1337.4350
     786    1341.1863
     787    1338.2281
     788    1331.6754
     789    1325.0819
     790    1321.0221
     791    1320.4841
     792    1323.0944
     793    1327.8105
     794    1333.6076
     795    1339.8067
     796    1345.9754
     797    1351.5882
     798    1355.7477
     799    1357.2139
     800    1354.7951
     801    1347.9421
     802    1337.2378
     803    1324.4850
     804    1312.2746
     805    1303.1663
     806    1298.8446
     807    1299.6327
     808    1304.5355
     809    1311.7063
     810    1319.0793
     811    1324.8649
     812    1327.7776
     813    1327.0792
     814    1322.5913
     815    1314.7812
     816    1304.8600
     817    1294.7235
     818    1286.5573
     819    1282.0841
     820    1281.6946
     821    1283.8908
     822    1285.4431
     823    1282.4264
     824    1271.9301
     825    1253.8101
     826    1231.6139
     827    1212.0048
     828    1202.6546
     829    1209.2710
     830    1232.8497
     831    1268.2989
     832    1305.2704
     833    1331.2554
     834    1336.0486
     835    1315.9002
     836    1275.5348
     837    1226.8590
     838    1184.6032
     839    1160.7065
     840    1159.8483
     841    1177.8161
     842    1203.1988
     843    1221.8087
     844    1222.3018
     845    1200.8968
     846    1163.3289
     847    1123.1579
     848    1096.9688
     849    1098.2193
     850    1132.0954
     851    1193.3529
     852    1267.9662
     853    1337.9081
     854    1387.2101
     855    1407.0743
     856    1398.3132
     857    1370.4126
     858    1337.6743
     859    1313.8664
     860    1307.3460
     861    1318.4455
     862    1340.0410
     863    1360.8977
     864    1370.2449
     865    1361.6711
     866    1334.9813
     867    1295.6851
     868    1252.6837
     869    1215.2081
     870    1190.1126
     871    1180.3259
     872    1184.7469
     873    1199.2997
     874    1218.5137
     875    1236.9913
     876    1250.4040
     877    1256.0165
     878    1252.9247
     879    1242.1481
     880    1226.5480
     881    1210.4261
     882    1198.6718
     883    1195.5085
     884    1203.1225
     885    1220.6682
     886    1244.1378
     887    1267.3733
     888    1284.0551
     889    1290.0132
     890    1284.9162
     891    1272.5753
     892    1259.6590
     893    1253.2883
     894    1258.4395
     895    1276.1300
     896    1303.0422
     897    1332.6600
     898    1357.4284
     899    1371.1145
     900    1370.5786
     901    1356.4605
     902    1332.7055
     903    1305.2385
     904    1280.2932
     905    1262.9309
     906    1256.0991
     907    1260.3143
     908    1273.8384
     909    1293.1834
     910    1313.8563
     911    1331.3065
     912    1341.9029
     913    1343.6381
     914    1336.4107
     915    1322.0965
     916    1304.4403
     917    1288.3407
     918    1278.2943
     919    1276.5522
     920    1281.9416
     921    1290.0103
     922    1294.5617
     923    1290.0386
     924    1273.8626
     925    1247.8084
     926    1217.7968
     927    1192.0530
     928    1178.2309
     929    1180.5617
     930    1198.1767
     931    1225.2779
     932    1253.0907
     933    1272.8703
     934    1279.1198
     935    1272.5136
     936    1261.1110
     937    1255.4120
     938    1258.4563
     939    1265.0416
     940    1269.3522
     941    1268.2714
     942    1261.0303
     943    1249.0494
     944    1235.9091
     945    1226.5403
     946    1225.5289
     947    1235.1744
     948    1254.2391
     949    1278.0774
     950    1300.2680
     951    1315.1514
     952    1320.2133
     953    1317.2475
     954    1311.7002
     955    1310.3628
     956    1318.3119
     957    1336.3620
     958    1360.1652
     959    1381.4410
     960    1390.9464
     961    1382.0475
     962    1353.4425
     963    1309.9343
     964    1260.9575
     965    1217.4761
     966    1188.4558
     967    1178.2002
     968    1185.3974
     969    1204.0275
     970    1225.6412
     971    1242.1136
     972    1247.9678
     973    1241.6298
     974    1225.4116
     975    1204.4379
     976    1184.9935
     977    1172.8050
     978    1171.6710
     979    1182.6841
     980    1204.1317
     981    1232.0053
     982    1260.9566
     983    1285.5027
     984    1301.2950
     985    1306.2544
     986    1301.2858
     987    1290.2646
     988    1279.0891
     989    1273.9068
     990    1278.9781
     991    1294.9241
     992    1318.0557
     993    1341.1886
     994    1355.8157
     995    1354.9931
     996    1335.9202
     997    1301.2272
     998    1258.4047
     999    1217.4852
    1000    1187.7638
    1001    1174.6877
    1002    1178.1843
    1003    1192.9858
    1004    1210.9531
    1005    1224.3835
    1006    1228.9267
    1007    1224.9287
    1008    1216.7913
    1009    1210.7518
    1010    1212.0942
    1011    1222.9787
    1012    1241.7279
    1013    1263.7540
    1014    1283.6012
    1015    1297.1400
    1016    1302.9408
    1017    1302.2870
    1018    1297.9471
    1019    1292.4585
    1020    1286.8964
    1021    1280.7733
    1022    1272.8939
    1023    1262.3157
    1024    1248.8597
    1025    1233.4775
    1026    1218.4665
    1027    1206.7243
    1028    1200.0211
    1029    1197.4587
    1030    1195.3058
    1031    1188.4877
    1032    1173.0649
    1033    1148.5136
    1034    1118.6809
    1035    1090.8682
    1036    1073.3065
    1037    1072.0153
    1038    1088.3430
    1039    1118.2621
    1040    1153.7695
    1041    1185.8587
    1042    1207.8697
    1043    1217.8696
    1044    1219.1054
    1045    1218.3947
    1046    1223.1496
    1047    1238.2699
    1048    1264.1332
    1049    1296.4100
    1050    1327.7031
    1051    1350.2968
    1052    1358.9201
    1053    1352.4744
    1054    1334.1523
    1055    1310.0142
    1056    1286.6937
    1057    1269.2037
    1058    1259.6308
    1059    1257.0184
    1060    1258.2456
    1061    1259.4710
    1062    1257.6394
    1063    1251.5853
    1064    1242.3683
    1065    1232.7257
    1066    1225.8745
    1067    1224.1707
    1068    1228.1741
    1069    1236.4434
    1070    1246.0358
    1071    1253.4648
    1072    1255.7833
    1073    1251.5009
    1074    1241.0763
    1075    1226.8325
    1076    1212.2789
    1077    1200.9926
    1078    1195.3559
    1079    1195.5570
    1080    1199.2690
    1081    1202.2602
    1082    1199.8700
    1083    1188.9081
    1084    1169.2913
    1085    1144.7220
    1086    1121.9773
    1087    1108.8674
    1088    1111.4698
    1089    1131.6466
    1090    1165.8716
    1091    1205.9848
    1092    1241.7712
    1093    1264.4937
    1094    1270.0575
    1095    1260.5377
    1096    1243.3747
    1097    1228.4501
    1098    1224.1483
    1099    1233.9681
    1100    1255.0700
    1101    1279.3737
    1102    1296.7949
    1103    1299.3499
    1104    1284.4928
    1105    1256.3525
    1106    1224.3687
    1107    1199.8457
    1108    1191.7629
    1109    1203.4419
    1110    1231.3377
    1111    1266.4416
    1112    1297.8327
    1113    1316.9470
    1114    1320.7120
    1115    1312.2037
    1116    1298.6863
    1117    1288.0563
    1118    1285.2783
    1119    1290.3124
    1120    1298.3409
    1121    1302.1566
    1122    1295.6102
    1123    1276.5521
    1124    1247.9437
    1125    1216.6842
    1126    1190.7257
    1127    1175.8136
    1128    1173.3209
    1129    1180.0956
    1130    1190.2640
    1131    1198.0165
    1132    1200.0689
    1133    1196.8108
    1134    1191.8383
    1135    1190.1608
    1136    1195.8038
    1137    1209.7938
    1138    1229.4233
    1139    1249.1795
    1140    1262.9560
    1141    1266.5667
    1142    1259.4672
    1143    1244.9477
    1144    1228.7627
    1145    1216.8006
    1146    1212.7839
    1147    1216.9587
    1148    1226.2942
    1149    1236.0475
    1150    1241.9494
    1151    1242.0048
    1152    1237.1360
    1153    1230.4804
    1154    1225.7975
    1155    1225.7908
    1156    1231.0894
    1157    1240.1881
    1158    1250.1978
    1159    1257.9428
    1160    1260.8970
    1161    1257.6448
    1162    1247.8939
    1163    1232.3182
    1164    1212.4480
    1165    1190.5585
    1166    1169.4013
    1167    1151.7244
    1168    1139.6785
    1169    1134.2914
    1170    1135.2175
    1171    1140.8977
    1172    1149.1123
    1173    1157.7482
    1174    1165.5140
    1175    1172.3396
    1176    1179.2816
    1177    1187.9092
    1178    1199.3482
    1179    1213.3384
    1180    1227.7560
    1181    1238.9369
    1182    1242.8111
    1183    1236.4604
    1184    1219.4847
    1185    1194.5650
    1186    1166.8919
    1187    1142.5811
    1188    1126.6336
    1189    1121.2273
    1190    1125.0112
    1191    1133.7376
    1192    1142.1119
    1193    1146.2902
    1194    1145.9382
    1195    1144.4208
    1196    1146.4855
    1197    1155.2403
    1198    1170.9134
    1199    1191.2681
    1200    1212.4381
    1201    1230.0943
    1202    1240.9965
    1203    1244.3317
    1204    1242.0680
    1205    1238.0281
    1206    1236.0261
    1207    1237.8997
    1208    1242.3727
    1209    1245.3849
    1210    1241.9031
    1211    1228.5024
    1212    1205.5497
    1213    1177.8925
    1214    1153.5500
    1215    1140.7812
    1216    1144.6773
    1217    1164.7569
    1218    1194.7145
    1219    1224.5695
    1220    1244.4343
    1221    1248.3946
    1222    1236.9020
    1223    1216.6421
    1224    1197.8570
    1225    1190.1317
    1226    1198.3202
    1227    1220.2730
    1228    1247.3148
    1229    1267.3700
    1230    1269.5706
    1231    1248.5948
    1232    1207.0399
    1233    1154.8648
    1234    1106.0780
    1235    1073.9292
    1236    1066.4259
    1237    1083.8368
    1238    1119.0016
    1239    1160.1931
    1240    1195.3536
    1241    1216.1367
    1242    1220.3768
    1243    1212.2744
    1244    1200.4241
    1245    1194.5027
    1246    1201.7833
    1247    1224.6079
    1248    1259.5924
    1249    1298.7270
    1250    1331.8923
    1251    1349.8874
    1252    1347.0836
    1253    1323.0337
    1254    1282.6897
    1255    1235.1324
    1256    1191.0538
    1257    1159.6483
    1258    1145.9496
    1259    1149.5949
    1260    1165.3300
    1261    1184.9030
    1262    1199.7182
    1263    1203.5467
    1264    1194.4988
    1265    1175.5745
    1266    1153.5503
    1267    1136.5299
    1268    1130.9864
    1269    1139.3417
    1270    1158.9940
    1271    1183.2228
    1272    1203.7112
    1273    1213.7699
    1274    1210.9649
    1275    1198.0058
    1276    1181.5015
    1277    1169.2092
    1278    1167.0250
    1279    1176.8315
    1280    1195.8718
    1281    1217.8508
    1282    1235.3879
    1283    1242.8761
    1284    1238.5579
    1285    1224.9482
    1286    1207.4726
    1287    1191.9649
    1288    1182.1615
    1289    1178.2877
    1290    1177.3367
    1291    1174.8896
    1292    1167.6229
    1293    1155.3219
    1294    1141.4273
    1295    1131.8092
    1296    1132.2946
    1297    1146.0503
    1298    1171.9803
    1299    1204.8578
    1300    1237.1642
    1301    1261.9125
    1302    1275.2790
    1303    1277.9205
    1304    1274.3801
    1305    1270.8478
    1306    1272.2705
    1307    1280.1058
    1308    1291.7225
    1309    1301.6769
    1310    1304.2437
    1311    1296.0412
    1312    1277.5597
    1313    1252.9475
    1314    1228.1746
    1315    1208.4399
    1316    1195.9975
    1317    1189.3623
    1318    1184.1984
    1319    1175.4468
    1320    1159.7262
    1321    1136.9667
    1322    1110.6116
    1323    1086.3725
    1324    1070.1317
    1325    1065.8945
    1326    1074.5637
    1327    1093.8785
    1328    1119.3727
    1329    1145.8974
    1330    1169.1707
    1331    1186.8695
    1332    1198.9450
    1333    1207.1119
    1334    1213.7729
    1335    1220.8912
    1336    1229.3136
    1337    1238.7259
    1338    1248.0200
    1339    1255.6958
    1340    1260.0834
    1341    1259.4832
    1342    1252.4951
    1343    1238.6423
    1344    1219.0533
    1345    1196.7694
    1346    1176.3589
    1347    1162.7760
    1348    1159.7415
    1349    1168.2190
    1350    1185.6559
    1351    1206.4791
    1352    1223.8555
    1353    1232.1766
    1354    1229.3060
    1355    1217.5825
    1356    1202.9994
    1357    1192.7409
    1358    1192.0373
    1359    1201.6796
    1360    1217.3393
    1361    1231.1040
    1362    1234.6939
    1363    1223.0700
    1364    1196.9159
    1365    1162.8960
    1366    1131.4861
    1367    1113.1692
    1368    1114.4777
    1369    1135.4790
    1370    1169.7186
    1371    1206.6588
    1372    1235.6228
    1373    1249.6599
    1374    1247.8150
    1375    1234.9339
    1376    1219.1122
    1377    1207.8525
    1378    1204.6522
    1379    1207.6599
    1380    1211.0111
    1381    1208.0113
    1382    1194.5153
    1383    1171.0019
    1384    1142.5647
    1385    1116.9498
    1386    1101.5354
    1387    1100.5338
    1388    1113.5393
    1389    1135.9503
    1390    1161.0023
    1391    1182.4805
    1392    1196.9421
    1393    1204.5456
    1394    1208.2418
    1395    1211.8420
    1396    1217.9313
    1397    1226.5966
    1398    1235.5029
    1399    1241.2121
    1400    1241.0516
    1401    1234.5972
    1402    1224.0465
    1403    1213.3660
    1404    1206.6895
    1405    1206.7140
    1406    1213.7519
    1407    1225.7389
    1408    1239.1246
    1409    1250.2129
    1410    1256.3899
    1411    1256.7678
    1412    1252.0872
    1413    1244.0591
    1414    1234.5645
    1415    1225.1012
    1416    1216.6358
    1417    1209.7507
    1418    1204.8267
    1419    1202.0690
    1420    1201.3415
    1421    1201.9215
    1422    1202.3825
    1423    1200.8395
    1424    1195.6676
    1425    1186.5065
    1426    1175.0417
    1427    1164.9983
    1428    1161.0645
    1429    1167.0093
    1430    1183.7242
    1431    1208.1115
    1432    1233.4633
    1433    1251.4165
    1434    1254.8574
    1435    1240.6918
    1436    1211.3502
    1437    1174.3391
    1438    1139.9174
    1439    1117.7412
    1440    1113.7439
    1441    1128.3815
    1442    1156.8026
    1443    1190.7758
    1444    1221.6016
    1445    1242.9232
    1446    1252.4510
    1447    1252.0789
    1448    1246.5087
    1449    1241.0429
    1450    1239.4497
    1451    1242.6886
    1452    1248.8671
    1453    1254.2894
    1454    1255.0379
    1455    1248.4062
    1456    1233.6832
    1457    1212.1606
    1458    1186.5868
    1459    1160.4660
    1460    1137.5274
    1461    1121.4460
    1462    1115.6444
    1463    1122.9045
    1464    1144.6480
    1465    1180.0315
    1466    1225.2742
    1467    1273.7036
    1468    1316.8042
    1469    1346.1578
    1470    1355.7286
    1471    1343.7131
    1472    1313.2312
    1473    1271.5016
    1474    1227.7235
    1475    1190.3780
    1476    1164.8776
    1477    1152.3501
    1478    1149.9175
    1479    1152.2974
    1480    1154.1013
    1481    1151.9596
    1482    1145.6849
    1483    1138.0962
    1484    1133.6657
    1485    1136.6200
    1486    1149.2557
    1487    1171.0412
    1488    1198.6959
    1489    1227.0790
    1490    1250.5085
    1491    1264.1013
    1492    1264.8491
    1493    1252.2789
    1494    1228.6403
    1495    1198.5804
    1496    1168.2994
    1497    1144.2850
    1498    1131.8109
    1499    1133.4857
    1500    1148.2549
    1501    1171.3223
    1502    1195.2751
    1503    1212.3005
    1504    1216.8537
    1505    1207.8077
    1506    1189.1688
    1507    1168.8952
    1508    1156.0627
    1509    1157.3379
    1510    1174.1129
    1511    1201.5219
    1512    1229.8746
    1513    1248.1108
    1514    1248.0188
    1515    1227.5694
    1516    1191.9945
    1517    1152.0531
    1518    1120.0594
    1519    1105.1817
    1520    1109.8999
    1521    1129.0781
    1522    1152.0736
    1523    1167.0660
    1524    1165.8895
    1525    1147.4259
    1526    1118.1843
    1527    1089.8263
    1528    1074.6190
    1529    1080.6412
    1530    1108.6400
    1531    1151.7559
    1532    1198.1587
    1533    1235.4886
    1534    1255.3131
    1535    1255.8822
    1536    1242.2110
    1537    1223.6063
    1538    1209.7544
    1539    1206.9918
    1540    1216.1812
    1541    1232.8760
    1542    1249.4954
    1543    1258.4639
    1544    1255.0103
    1545    1238.6153
    1546    1212.7279
    1547    1183.1122
    1548    1155.6833
    1549    1134.7851
    1550    1122.5015
    1551    1118.9938
    1552    1123.3486
    1553    1134.2901
    1554    1150.3374
    1555    1169.4743
    1556    1188.7530
    1557    1204.3480
    1558    1212.3209
    1559    1209.9271
    1560    1196.9223
    1561    1176.1981
    1562    1153.2763
    1563    1134.6534
    1564    1125.5232
    1565    1127.7496
    1566    1138.9595
    1567    1153.2431
    1568    1163.3293
    1569    1163.4779
    1570    1151.9828
    1571    1132.2285
    1572    1111.7616
    1573    1099.6258
    1574    1102.9395
    1575    1124.0197
    1576    1159.1566
    1577    1199.5110
    1578    1233.8352
    1579    1252.0665
    1580    1248.5636
    1581    1223.9159
    1582    1184.7709
    1583    1141.7926
    1584    1106.4251
    1585    1087.4637
    1586    1088.4865
    1587    1106.9445
    1588    1135.1798
    1589    1162.9827
    1590    1180.8216
    1591    1182.7127
    1592    1167.9217
    1593    1141.1146
    1594    1110.9919
    1595    1087.7845
    1596    1080.2275
    1597    1092.8057
    1598    1124.0935
    1599    1166.8164
    1600    1209.7657
    1601    1241.0956
    1602    1252.0291
    1603    1239.7995
    1604    1208.8180
    1605    1169.5284
    1606    1135.1533
    1607    1117.2612
    1608    1121.6431
    1609    1146.0039
    1610    1180.4282
    1611    1210.6087
    1612    1222.8027
    1613    1208.8253
    1614    1169.2986
    1615    1113.9098
    1616    1058.4576
    1617    1019.6032
    1618    1009.1362
    1619    1029.7980
    1620    1074.2166
    1621    1127.4035
    1622    1171.9804
    1623    1194.2830
    1624    1189.1388
    1625    1161.5705
    1626    1124.8000
    1627    1095.2989
    1628    1086.7428
    1629    1105.1198
    1630    1146.7505
    1631    1199.8307
    1632    1248.7754
    1633    1279.6719
    1634    1284.8322
    1635    1264.8658
    1636    1227.7490
    1637    1185.5252
    1638    1150.0411
    1639    1129.2538
    1640    1125.2398
    1641    1134.3416
    1642    1149.1618
    1643    1161.4947
    1644    1165.0759
    1645    1157.2118
    1646    1138.9192
    1647    1113.8585
    1648    1086.7619
    1649    1062.0643
    1650    1043.1209
    1651    1031.9840
    1652    1029.4600
    1653    1035.1910
    1654    1047.6935
    1655    1064.4479
    1656    1082.1827
    1657    1097.4465
    1658    1107.4334
    1659    1110.8556
    1660    1108.5217
    1661    1103.3152
    1662    1099.4275
    1663    1100.9686
    1664    1110.3660
    1665    1127.1725
    1666    1147.8601
    1667    1166.8471
    1668    1178.4897
    1669    1179.2668
    1670    1169.2067
    1671    1151.8969
    1672    1133.1351
    1673    1118.9353
    1674    1113.6732
    1675    1118.8475
    1676    1132.7326
    1677    1151.0261
    1678    1168.2843
    1679    1179.6173
    1680    1182.0497
    1681    1175.1679
    1682    1160.9889
    1683    1143.2374
    1684    1126.3178
    1685    1114.2542
    1686    1109.8163
    1687    1113.9520
    1688    1125.5464
    1689    1141.5298
    1690    1157.3851
    1691    1168.1003
    1692    1169.4757
    1693    1159.4824
    1694    1139.1908
    1695    1112.8135
    1696    1086.6370
    1697    1067.0627
    1698    1058.3750
    1699    1061.0850
    1700    1071.5782
    1701    1083.3532
    1702    1089.5000
    1703    1085.4905
    1704    1071.1483
    1705    1050.9592
    1706    1032.5293
    1707    1023.7225
    1708    1029.5362
    1709    1049.9562
    1710    1079.7307
    1711    1110.2782
    1712    1133.0283
    1713    1142.8555
    1714    1140.1584
    1715    1130.6699
    1716    1123.0250
    1717    1125.0747
    1718    1140.4880
    1719    1167.0858
    1720    1197.6176
    1721    1222.6501
    1722    1234.3282
    1723    1229.4273
    1724    1210.4681
    1725    1184.5067
    1726    1160.1678
    1727    1144.1720
    1728    1138.8114
    1729    1141.4163
    1730    1145.9901
    1731    1146.2213
    1732    1138.5172
    1733    1123.7605
    1734    1107.0759
    1735    1095.7475
    1736    1096.1776
    1737    1111.1542
    1738    1138.5401
    1739    1171.9007
    1740    1202.7870
    1741    1223.7442
    1742    1230.8722
    1743    1224.9855
    1744    1210.9965
    1745    1195.8379
    1746    1185.7568
    1747    1184.0349
    1748    1189.9970
    1749    1199.6284
    1750    1207.4078
    1751    1208.4924
    1752    1200.3827
    1753    1183.5733
    1754    1161.1656
    1755    1137.7680
    1756    1118.1464
    1757    1106.0393
    1758    1103.3865
    1759    1110.0435
    1760    1123.9378
    1761    1141.5799
    1762    1158.8470
    1763    1171.9281
    1764    1178.2615
    1765    1177.2373
    1766    1170.4180
    1767    1161.1229
    1768    1153.3919
    1769    1150.6042
    1770    1154.2090
    1771    1163.0677
    1772    1173.7330
    1773    1181.6584
    1774    1182.9419
    1775    1175.9184
    1776    1161.9172
    1777    1144.8117
    1778    1129.4984
    1779    1119.9307
    1780    1117.5593
    1781    1120.8839
    1782    1126.3160
    1783    1129.9750
    1784    1129.6311
    1785    1125.9349
    1786    1122.3610
    1787    1123.7986
    1788    1134.3159
    1789    1155.0670
    1790    1183.2900
    1791    1212.8978
    1792    1236.4644
    1793    1247.8090
    1794    1244.1216
    1795    1226.7543
    1796    1200.3726
    1797    1170.8988
    1798    1143.2025
    1799    1119.5629
    1800    1099.5200
    1801    1081.0798
    1802    1062.6198
    1803    1044.5210
    1804    1029.6729
    1805    1022.5660
    1806    1027.3728
    1807    1045.8820
    1808    1076.2146
    1809    1112.9508
    1810    1148.7390
    1811    1176.7928
    1812    1193.2275
    1813    1198.1960
    1814    1195.3165
    1815    1189.6562
    1816    1185.1821
    1817    1182.8239
    1818    1180.0289
    1819    1172.0768
    1820    1154.6248
    1821    1126.3296
    1822    1090.2916
    1823    1053.6069
    1824    1025.1645
    1825    1012.5945
    1826    1019.5919
    1827    1044.6582
    1828    1081.7197
    1829    1122.3365
    1830    1158.5922
    1831    1185.5272
    1832    1202.2359
    1833    1211.3276
    1834    1217.1216
    1835    1223.3957
    1836    1231.6258
    1837    1240.3832
    1838    1246.0539
    1839    1244.4767
    1840    1232.7026
    1841    1210.1001
    1842    1178.5172
    1843    1141.7847
    1844    1104.9789
    1845    1073.5625
    1846    1052.3855
    1847    1044.6509
    1848    1051.0783
    1849    1069.5265
    1850    1095.2778
    1851    1122.0503
    1852    1143.5883
    1853    1155.4219
    1854    1156.2361
    1855    1148.3239
    1856    1136.8263
    1857    1127.8905
    1858    1126.2937
    1859    1133.4098
    1860    1146.4063
    1861    1159.1646
    1862    1164.7065
    1863    1158.2126
    1864    1139.3728
    1865    1113.0284
    1866    1087.7665
    1867    1072.9463
    1868    1075.2795
    1869    1096.2067
    1870    1131.0110
    1871    1170.0542
    1872    1201.8525
    1873    1216.9772
    1874    1211.2576
    1875    1186.9554
    1876    1151.5036
    1877    1114.4855
    1878    1084.1783
    1879    1065.0334
    1880    1056.9291
    1881    1056.2296
    1882    1057.9671
    1883    1058.1187
    1884    1055.0826
    1885    1049.9105
    1886    1045.3999
    1887    1044.5899
    1888    1049.3768
    1889    1059.8268
    1890    1074.3785
    1891    1090.6660
    1892    1106.4204
    1893    1119.9680
    1894    1130.1626
    1895    1136.0063
    1896    1136.3913
    1897    1130.3031
    1898    1117.4838
    1899    1099.2264
    1900    1078.7708
    1901    1060.8364
    1902    1050.2034
    1903    1049.8522
    1904    1059.5311
    1905    1075.4946
    1906    1091.6499
    1907    1101.7864
    1908    1102.0899
    1909    1092.8968
    1910    1078.8231
    1911    1067.0599
    1912    1064.4920
    1913    1074.8165
    1914    1096.8181
    1915    1124.4694
    1916    1148.8884
    1917    1161.5011
    1918    1157.2683
    1919    1136.7595
    1920    1106.2415
    1921    1075.6946
    1922    1055.4510
    1923    1052.6621
    1924    1068.8413
    1925    1099.3410
    1926    1134.9001
    1927    1164.6913
    1928    1179.7916
    1929    1175.8990
    1930    1154.4340
    1931    1121.7982
    1932    1087.1709
    1933    1059.6754
    1934    1045.8058
    1935    1047.7735
    1936    1063.0579
    1937    1085.1569
    1938    1105.3958
    1939    1115.4900
    1940    1110.2249
    1941    1089.3552
    1942    1058.0200
    1943    1025.4714
    1944    1002.4398
    1945     997.8536
    1946    1015.8809
    1947    1054.2497
    1948    1104.4960
    1949    1154.2146
    1950    1190.7459
    1951    1205.1826
    1952    1195.3616
    1953    1166.7178
    1954    1130.5289
    1955    1099.9902
    1956    1085.4834
    1957    1090.8629
    1958    1112.2003
    1959    1139.3530
    1960    1159.6589
    1961    1162.4907
    1962    1143.1963
    1963    1104.9652
    1964    1057.7463
    1965    1014.5883
    1966     986.9230
    1967     980.7206
    1968     994.9521
    1969    1022.7524
    1970    1054.5674
    1971    1081.8532
    1972    1099.8441
    1973    1108.4403
    1974    1111.1309
    1975    1112.6825
    1976    1116.7404
    1977    1124.3778
    1978    1134.0262
    1979    1142.5528
    1980    1146.8529
    1981    1145.2255
    1982    1137.9801
    1983    1127.1090
    1984    1115.2772
    1985    1104.6730
    1986    1096.2510
    1987    1089.6668
    1988    1083.8591
    1989    1077.9327
    1990    1071.8592
    1991    1066.6283
    1992    1063.7927
    1993    1064.6945
    1994    1069.8032
    1995    1078.4914
    1996    1089.3372
    1997    1100.7686
    1998    1111.6967
    1999    1121.7922
    2000    1131.2606
