#Frame              T
       1    2991.4801
       2    2869.5138
       3    2664.6943
       4    2421.8896
       5    2186.8371
       6    1993.8543
       7    1858.3401
       8    1775.8818
       9    1727.5625
      10    1689.1372
      11    1640.8048
      12    1574.4653
      13    1496.4332
      14    1425.0769
      15    1384.3297
      16    1395.1789
      17    1467.8452
      18    1597.1384
      19    1762.4229
      20    1932.1620
      21    2071.6648
      22    2151.8608
      23    2156.7133
      24    2087.2796
      25    1961.2414
      26    1807.9509
      27    1660.3250
      28    1545.9873
      29    1480.3834
      30    1463.9504
      31    1484.0005
      32    1520.4089
      33    1553.0403
      34    1568.4062
      35    1563.4764
      36    1545.6682
      37    1529.3443
      38    1530.2089
      39    1559.4931
      40    1619.7618
      41    1703.6065
      42    1795.5843
      43    1876.7271
      44    1930.1205
      45    1945.7265
      46    1922.9894
      47    1870.6165
      48    1803.8645
      49    1740.2976
      50    1695.1728
      51    1677.5570
      52    1688.1922
      53    1719.7865
      54    1759.5557
      55    1792.9567
      56    1807.4771
      57    1795.7585
      58    1757.6102
      59    1700.4329
      60    1637.6918
      61    1585.5088
      62    1558.0907
      63    1563.3114
      64    1599.9116
      65    1657.3755
      66    1718.7014
      67    1765.3344
      68    1782.8623
      69    1765.7381
      70    1719.4513
      71    1659.1752
      72    1604.9495
      73    1574.7642
      74    1578.0677
      75    1612.3407
      76    1664.0105
      77    1713.1640
      78    1740.2719
      79    1732.6341
      80    1688.4518
      81    1617.2884
      82    1536.8829
      83    1467.4500
      84    1425.3902
      85    1418.5115
      86    1444.3078
      87    1491.6174
      88    1544.7875
      89    1588.8220
      90    1613.8762
      91    1617.7780
      92    1605.9291
      93    1588.8326
      94    1578.2163
      95    1583.0192
      96    1606.3683
      97    1644.3458
      98    1686.9542
      99    1721.1531
     100    1735.1373
     101    1722.4804
     102    1684.6616
     103    1630.9469
     104    1575.5598
     105    1533.1204
     106    1513.9832
     107    1521.0108
     108    1548.7715
     109    1585.4271
     110    1616.7556
     111    1631.0155
     112    1622.9943
     113    1595.8338
     114    1559.9924
     115    1529.6313
     116    1517.5678
     117    1530.4692
     118    1566.0623
     119    1613.5892
     120    1657.5022
     121    1683.0416
     122    1681.6043
     123    1653.8984
     124    1609.6609
     125    1564.0057
     126    1531.7120
     127    1521.5929
     128    1533.1407
     129    1556.8352
     130    1578.0130
     131    1582.6822
     132    1562.9459
     133    1520.0136
     134    1463.8026
     135    1409.3761
     136    1371.4989
     137    1359.2872
     138    1373.0578
     139    1404.7360
     140    1441.6267
     141    1471.6703
     142    1487.6141
     143    1488.5845
     144    1479.5282
     145    1469.2385
     146    1467.0040
     147    1478.7483
     148    1504.4394
     149    1537.9895
     150    1569.5763
     151    1589.3600
     152    1591.1841
     153    1574.9412
     154    1546.7789
     155    1516.9641
     156    1496.0498
     157    1490.8871
     158    1502.3804
     159    1525.8562
     160    1553.3797
     161    1576.7553
     162    1590.1879
     163    1591.8544
     164    1583.9686
     165    1571.4564
     166    1559.8884
     167    1553.4934
     168    1553.9005
     169    1559.9054
     170    1568.1733
     171    1574.6253
     172    1576.1991
     173    1572.4170
     174    1565.9387
     175    1561.5610
     176    1564.0376
     177    1575.8399
     178    1595.8745
     179    1619.5714
     180    1640.2122
     181    1651.0087
     182    1647.2599
     183    1627.9254
     184    1596.1083
     185    1558.2118
     186    1521.9823
     187    1494.1610
     188    1478.6359
     189    1475.7512
     190    1482.9158
     191    1496.1488
     192    1511.8484
     193    1528.0305
     194    1544.5167
     195    1562.0258
     196    1580.6693
     197    1598.6960
     198    1612.2541
     199    1616.4408
     200    1607.2660
     201    1583.6626
     202    1548.5954
     203    1508.6400
     204    1472.0342
     205    1445.9061
     206    1433.7793
     207    1434.3554
     208    1442.0724
     209    1449.4393
     210    1450.5005
     211    1443.9720
     212    1434.3870
     213    1430.4731
     214    1441.2338
     215    1471.3812
     216    1518.3906
     217    1572.7007
     218    1620.7853
     219    1649.6381
     220    1651.0502
     221    1624.3166
     222    1576.4694
     223    1519.9430
     224    1468.4893
     225    1432.7772
     226    1417.2259
     227    1419.1849
     228    1430.7245
     229    1442.3009
     230    1446.8676
     231    1442.8844
     232    1435.0540
     233    1432.3564
     234    1444.0440
     235    1475.4172
     236    1525.4013
     237    1586.6755
     238    1647.7635
     239    1696.1670
     240    1721.7326
     241    1719.4103
     242    1690.6018
     243    1642.6508
     244    1586.6085
     245    1534.0019
     246    1493.6636
     247    1469.5959
     248    1460.4604
     249    1460.7761
     250    1463.4033
     251    1462.4502
     252    1455.5806
     253    1444.9039
     254    1436.1024
     255    1436.0443
     256    1449.7412
     257    1477.8498
     258    1515.7487
     259    1554.6014
     260    1584.0728
     261    1595.7850
     262    1586.3234
     263    1558.6695
     264    1521.3810
     265    1485.6500
     266    1461.2731
     267    1453.0806
     268    1459.3030
     269    1472.5758
     270    1483.2117
     271    1483.3995
     272    1470.5607
     273    1448.4473
     274    1425.5158
     275    1411.3000
     276    1412.3419
     277    1429.3198
     278    1456.4122
     279    1483.2017
     280    1498.8098
     281    1496.7616
     282    1478.0992
     283    1451.2192
     284    1428.6959
     285    1422.3059
     286    1438.0679
     287    1473.4355
     288    1518.0467
     289    1557.8565
     290    1580.8247
     291    1581.5214
     292    1562.7267
     293    1533.9295
     294    1507.7006
     295    1495.0143
     296    1500.9935
     297    1522.8164
     298    1550.6728
     299    1571.3870
     300    1573.3547
     301    1550.9797
     302    1506.8818
     303    1450.8459
     304    1395.8162
     305    1353.0304
     306    1328.9399
     307    1324.7673
     308    1337.6786
     309    1362.5205
     310    1393.5605
     311    1425.7789
     312    1455.4569
     313    1480.1705
     314    1498.5981
     315    1510.4462
     316    1516.4984
     317    1518.5257
     318    1518.8474
     319    1519.5762
     320    1521.8180
     321    1525.1676
     322    1527.7409
     323    1526.7876
     324    1519.7458
     325    1505.4199
     326    1484.8211
     327    1461.2588
     328    1439.5607
     329    1424.6934
     330    1420.3045
     331    1427.7000
     332    1445.5901
     333    1470.6147
     334    1498.3860
     335    1524.6545
     336    1546.1870
     337    1561.0578
     338    1568.3336
     339    1567.5420
     340    1558.5020
     341    1541.7501
     342    1519.1553
     343    1494.0648
     344    1470.6396
     345    1452.6010
     346    1441.9626
     347    1438.3316
     348    1439.1154
     349    1440.5803
     350    1439.4192
     351    1434.2505
     352    1426.3984
     353    1419.5146
     354    1418.1076
     355    1425.6015
     356    1442.7475
     357    1467.0628
     358    1493.4553
     359    1515.6607
     360    1527.9655
     361    1526.9580
     362    1512.8588
     363    1489.5913
     364    1463.2873
     365    1439.9842
     366    1423.6627
     367    1415.4001
     368    1413.7794
     369    1416.1103
     370    1419.7861
     371    1423.1897
     372    1425.9038
     373    1428.3350
     374    1431.1345
     375    1434.7919
     376    1439.5555
     377    1445.5378
     378    1452.7397
     379    1460.8261
     380    1468.7674
     381    1474.6338
     382    1475.8136
     383    1469.7483
     384    1455.0109
     385    1432.3371
     386    1405.1277
     387    1379.0234
     388    1360.4549
     389    1354.5220
     390    1362.9976
     391    1383.3701
     392    1409.5002
     393    1433.7919
     394    1450.0647
     395    1455.9882
     396    1454.0236
     397    1450.4009
     398    1452.4399
     399    1465.2782
     400    1489.3758
     401    1519.8754
     402    1548.1099
     403    1564.6695
     404    1562.8218
     405    1540.9540
     406    1503.1415
     407    1457.7241
     408    1414.5538
     409    1382.0324
     410    1365.0088
     411    1364.1621
     412    1376.8287
     413    1398.6978
     414    1425.5151
     415    1454.0994
     416    1482.4241
     417    1509.0281
     418    1532.3277
     419    1550.3480
     420    1561.0722
     421    1563.2048
     422    1556.8344
     423    1543.4919
     424    1525.3878
     425    1504.1397
     426    1479.6978
     427    1450.2101
     428    1413.1586
     429    1367.4262
     430    1315.3161
     431    1263.2767
     432    1220.6558
     433    1197.0595
     434    1199.4237
     435    1229.5792
     436    1282.9797
     437    1349.2999
     438    1415.0338
     439    1467.3636
     440    1497.9774
     441    1505.4261
     442    1495.0843
     443    1476.6653
     444    1460.3066
     445    1452.8525
     446    1455.7911
     447    1465.4668
     448    1475.2348
     449    1478.5293
     450    1471.5944
     451    1454.8857
     452    1432.7209
     453    1411.4846
     454    1397.1982
     455    1393.4170
     456    1400.1873
     457    1414.3087
     458    1430.6346
     459    1443.7905
     460    1449.6356
     461    1446.0486
     462    1433.0176
     463    1412.3101
     464    1387.0407
     465    1361.2513
     466    1339.4080
     467    1325.7041
     468    1323.2201
     469    1333.1707
     470    1354.5569
     471    1384.4093
     472    1418.5923
     473    1452.8793
     474    1483.9056
     475    1509.6517
     476    1529.3109
     477    1542.6830
     478    1549.4286
     479    1548.5945
     480    1538.6944
     481    1518.4067
     482    1487.5930
     483    1448.1256
     484    1404.0197
     485    1360.6848
     486    1323.5075
     487    1296.3202
     488    1280.4011
     489    1274.4610
     490    1275.6646
     491    1281.2425
     492    1289.9785
     493    1302.8647
     494    1322.5701
     495    1351.8865
     496    1391.8125
     497    1440.1109
     498    1491.0168
     499    1536.3203
     500    1567.4850
     501    1578.0845
     502    1565.7015
     503    1532.6422
     504    1485.2311
     505    1432.0040
     506    1381.5102
     507    1340.4681
     508    1312.7487
     509    1299.2653
     510    1298.5482
     511    1307.6490
     512    1323.0168
     513    1341.1462
     514    1359.0204
     515    1374.4996
     516    1386.7577
     517    1396.6547
     518    1406.7253
     519    1420.4676
     520    1440.9227
     521    1468.9948
     522    1502.2401
     523    1534.7385
     524    1558.3084
     525    1564.8139
     526    1548.9460
     527    1510.6177
     528    1456.0721
     529    1397.0737
     530    1348.0620
     531    1321.8538
     532    1325.2191
     533    1356.1333
     534    1404.0978
     535    1453.5621
     536    1489.1161
     537    1500.5171
     538    1485.8375
     539    1451.7667
     540    1411.1548
     541    1378.7555
     542    1366.5321
     543    1379.8881
     544    1415.9911
     545    1464.8809
     546    1513.0198
     547    1547.8304
     548    1561.4487
     549    1552.5837
     550    1526.2533
     551    1491.8183
     552    1460.0560
     553    1440.1304
     554    1437.2104
     555    1451.2386
     556    1477.0377
     557    1505.7050
     558    1526.9724
     559    1532.0092
     560    1515.9932
     561    1479.7606
     562    1429.9931
     563    1377.6490
     564    1334.8167
     565    1310.8548
     566    1309.2943
     567    1326.7044
     568    1353.7696
     569    1378.1200
     570    1388.2037
     571    1377.1703
     572    1345.4978
     573    1301.3073
     574    1258.0452
     575    1230.1450
     576    1228.0354
     577    1254.2024
     578    1301.8670
     579    1357.0128
     580    1403.1282
     581    1426.8475
     582    1422.4140
     583    1393.4308
     584    1351.3213
     585    1311.0227
     586    1285.4523
     587    1280.9514
     588    1295.6155
     589    1321.0520
     590    1346.4397
     591    1362.9665
     592    1366.9093
     593    1360.4113
     594    1349.9600
     595    1343.4152
     596    1346.8310
     597    1362.2418
     598    1387.1195
     599    1415.5610
     600    1440.6192
     601    1456.8081
     602    1461.8335
     603    1456.9996
     604    1446.3199
     605    1434.8446
     606    1426.8821
     607    1424.6573
     608    1427.7334
     609    1433.3721
     610    1437.7706
     611    1437.6302
     612    1431.3311
     613    1419.3112
     614    1403.7746
     615    1387.9852
     616    1375.2738
     617    1367.8800
     618    1366.1122
     619    1368.2573
     620    1371.1819
     621    1371.2821
     622    1365.5768
     623    1352.7841
     624    1334.0994
     625    1313.3347
     626    1296.2081
     627    1288.8629
     628    1295.9984
     629    1319.1782
     630    1355.9247
     631    1400.0446
     632    1443.2394
     633    1477.5325
     634    1497.6541
     635    1502.4983
     636    1495.1039
     637    1481.1878
     638    1466.8443
     639    1456.3775
     640    1451.0900
     641    1449.3625
     642    1447.8363
     643    1443.1424
     644    1433.4790
     645    1419.4481
     646    1403.8913
     647    1390.8846
     648    1384.3605
     649    1386.8769
     650    1398.9152
     651    1418.8762
     652    1443.7253
     653    1469.9748
     654    1494.4938
     655    1514.7882
     656    1528.8257
     657    1534.8037
     658    1531.2441
     659    1517.5007
     660    1494.4223
     661    1464.7102
     662    1432.6263
     663    1403.0579
     664    1380.3387
     665    1367.2455
     666    1364.1135
     667    1367.9636
     668    1373.0167
     669    1373.7789
     670    1368.4986
     671    1360.1542
     672    1354.8087
     673    1358.6122
     674    1374.7651
     675    1401.5765
     676    1432.4052
     677    1457.6244
     678    1467.9561
     679    1457.9287
     680    1428.1317
     681    1385.3509
     682    1340.4803
     683    1304.9809
     684    1287.1691
     685    1289.6479
     686    1308.7561
     687    1336.1626
     688    1361.9366
     689    1377.9470
     690    1380.4210
     691    1370.8746
     692    1355.2343
     693    1341.5725
     694    1337.3032
     695    1346.7769
     696    1369.9342
     697    1402.2967
     698    1436.2346
     699    1463.1928
     700    1476.2476
     701    1472.2181
     702    1452.6760
     703    1423.5748
     704    1393.6123
     705    1371.7722
     706    1364.6794
     707    1374.5084
     708    1398.1254
     709    1427.8765
     710    1453.9109
     711    1467.3711
     712    1463.4144
     713    1442.9842
     714    1412.6307
     715    1382.3090
     716    1361.8386
     717    1357.2940
     718    1368.7223
     719    1390.1428
     720    1411.8982
     721    1424.4651
     722    1422.2213
     723    1405.6682
     724    1381.1809
     725    1358.3479
     726    1345.9498
     727    1348.2245
     728    1362.9969
     729    1382.4826
     730    1396.4560
     731    1396.4742
     732    1379.4718
     733    1349.2991
     734    1315.6187
     735    1290.5139
     736    1284.0019
     737    1300.1543
     738    1335.4526
     739    1380.1065
     740    1421.7370
     741    1449.8627
     742    1459.4514
     743    1452.3293
     744    1436.0968
     745    1421.0727
     746    1416.3912
     747    1426.5967
     748    1449.8449
     749    1478.2892
     750    1500.5045
     751    1505.1524
     752    1484.7045
     753    1438.0812
     754    1371.4159
     755    1296.6939
     756    1228.5993
     757    1180.4385
     758    1160.3326
     759    1168.8761
     760    1199.0296
     761    1238.3533
     762    1272.9675
     763    1292.0610
     764    1291.5143
     765    1275.3914
     766    1254.6436
     767    1243.2916
     768    1253.2778
     769    1289.7635
     770    1348.5774
     771    1416.8498
     772    1476.7536
     773    1511.1665
     774    1509.3530
     775    1470.7085
     776    1405.2074
     777    1330.3239
     778    1265.4336
     779    1225.6857
     780    1217.5384
     781    1237.4783
     782    1274.1901
     783    1313.1443
     784    1341.8113
     785    1353.6267
     786    1349.4364
     787    1336.1617
     788    1323.4328
     789    1319.6105
     790    1328.7001
     791    1349.1488
     792    1374.6989
     793    1396.7191
     794    1407.1052
     795    1400.9428
     796    1378.2947
     797    1344.1965
     798    1306.2371
     799    1271.5069
     800    1245.6428
     801    1233.1138
     802    1236.6555
     803    1256.2306
     804    1288.6426
     805    1328.0456
     806    1367.1424
     807    1398.8470
     808    1418.1119
     809    1423.4490
     810    1417.5462
     811    1406.5572
     812    1398.0836
     813    1398.4326
     814    1410.0985
     815    1430.4458
     816    1452.2027
     817    1465.7858
     818    1462.8016
     819    1439.5028
     820    1398.7413
     821    1349.4527
     822    1303.7789
     823    1272.9677
     824    1263.6404
     825    1275.7430
     826    1302.7981
     827    1334.2555
     828    1359.0784
     829    1369.3456
     830    1362.7049
     831    1342.9207
     832    1318.3753
     833    1299.0203
     834    1292.8712
     835    1303.4466
     836    1329.0928
     837    1364.0882
     838    1400.6944
     839    1431.3961
     840    1450.8059
     841    1456.8453
     842    1450.9673
     843    1437.4773
     844    1422.2359
     845    1411.0847
     846    1408.3108
     847    1415.4312
     848    1430.5661
     849    1448.6536
     850    1462.6040
     851    1465.2145
     852    1451.4193
     853    1420.2487
     854    1375.7517
     855    1326.3419
     856    1282.5768
     857    1254.0054
     858    1246.1206
     859    1258.4704
     860    1284.6844
     861    1314.5400
     862    1337.4704
     863    1346.3242
     864    1340.0104
     865    1324.0002
     866    1308.3988
     867    1304.2033
     868    1319.0606
     869    1354.0875
     870    1402.9650
     871    1453.6913
     872    1492.3946
     873    1507.8621
     874    1495.2051
     875    1457.4136
     876    1404.3301
     877    1349.4807
     878    1305.9523
     879    1282.7308
     880    1282.6083
     881    1302.1136
     882    1333.2326
     883    1366.1711
     884    1392.2217
     885    1405.9170
     886    1406.0099
     887    1395.2322
     888    1379.0955
     889    1364.1793
     890    1356.3595
     891    1359.3289
     892    1373.6570
     893    1396.5623
     894    1422.5002
     895    1444.5257
     896    1456.1669
     897    1453.3519
     898    1435.8285
     899    1407.5892
     900    1376.0450
     901    1350.0486
     902    1337.2665
     903    1341.7008
     904    1362.2112
     905    1392.6100
     906    1423.3648
     907    1444.4006
     908    1448.1077
     909    1431.6037
     910    1397.5209
     911    1353.0815
     912    1307.8046
     913    1270.6296
     914    1247.3994
     915    1239.4562
     916    1243.7146
     917    1254.1027
     918    1263.8189
     919    1267.6085
     920    1263.3171
     921    1252.3000
     922    1238.6927
     923    1227.9417
     924    1225.1503
     925    1233.7309
     926    1254.6341
     927    1286.2003
     928    1324.5338
     929    1364.2421
     930    1399.4080
     931    1424.6796
     932    1436.3468
     933    1433.2110
     934    1417.0168
     935    1392.2304
     936    1365.0590
     937    1341.8178
     938    1327.0637
     939    1322.1503
     940    1324.8525
     941    1330.3309
     942    1333.0901
     943    1328.9765
     944    1316.3334
     945    1296.4052
     946    1273.4160
     947    1253.8794
     948    1244.6202
     949    1250.1029
     950    1270.4174
     951    1301.0095
     952    1334.2342
     953    1361.8434
     954    1377.3401
     955    1377.4902
     956    1362.7677
     957    1336.8623
     958    1305.5932
     959    1275.6039
     960    1253.1129
     961    1242.8360
     962    1247.1361
     963    1265.5370
     964    1294.8171
     965    1329.7463
     966    1364.2418
     967    1392.6285
     968    1410.7646
     969    1416.8489
     970    1411.7107
     971    1398.4422
     972    1381.3638
     973    1364.5673
     974    1350.5047
     975    1339.1940
     976    1328.4289
     977    1314.9578
     978    1296.1157
     979    1271.1052
     980    1241.3784
     981    1210.5042
     982    1183.9625
     983    1168.3764
     984    1169.6976
     985    1190.9491
     986    1230.6886
     987    1282.9571
     988    1338.7723
     989    1388.6243
     990    1425.0955
     991    1444.7127
     992    1448.4424
     993    1440.7703
     994    1427.8164
     995    1415.2157
     996    1406.4725
     997    1402.2678
     998    1400.8210
     999    1398.9511
    1000    1393.2936
    1001    1381.0132
    1002    1360.8320
    1003    1333.4651
    1004    1302.0115
    1005    1271.6594
    1006    1248.6421
    1007    1238.6304
    1008    1244.9690
    1009    1267.3049
    1010    1301.1212
    1011    1338.4596
    1012    1369.7587
    1013    1386.3678
    1014    1383.0249
    1015    1359.5194
    1016    1320.9504
    1017    1276.4109
    1018    1236.4207
    1019    1209.8898
    1020    1201.5910
    1021    1210.9955
    1022    1232.8273
    1023    1259.0938
    1024    1281.8524
    1025    1295.7760
    1026    1299.6713
    1027    1296.4643
    1028    1291.7364
    1029    1291.3949
    1030    1299.3470
    1031    1316.0071
    1032    1338.1388
    1033    1360.0305
    1034    1375.5065
    1035    1380.0050
    1036    1371.9753
    1037    1353.1606
    1038    1327.7800
    1039    1301.0097
    1040    1277.3679
    1041    1259.5760
    1042    1248.2197
    1043    1242.1947
    1044    1239.6062
    1045    1238.6554
    1046    1238.2010
    1047    1237.9095
    1048    1238.0653
    1049    1239.1706
    1050    1241.5122
    1051    1244.8870
    1052    1248.6098
    1053    1251.7999
    1054    1253.7998
    1055    1254.5378
    1056    1254.6569
    1057    1255.3281
    1058    1257.7925
    1059    1262.7828
    1060    1270.0497
    1061    1278.2000
    1062    1284.9679
    1063    1287.8936
    1064    1285.2332
    1065    1276.8237
    1066    1264.5903
    1067    1252.4135
    1068    1245.2446
    1069    1247.6262
    1070    1262.0117
    1071    1287.4155
    1072    1318.9505
    1073    1348.6435
    1074    1367.5268
    1075    1368.5254
    1076    1349.2246
    1077    1313.4245
    1078    1270.6626
    1079    1233.5983
    1080    1214.0265
    1081    1218.8945
    1082    1247.7868
    1083    1292.8675
    1084    1341.3808
    1085    1379.8773
    1086    1398.6614
    1087    1394.8609
    1088    1373.0152
    1089    1343.0244
    1090    1316.2846
    1091    1301.4973
    1092    1301.7161
    1093    1313.6499
    1094    1329.3229
    1095    1339.3411
    1096    1336.5354
    1097    1318.6643
    1098    1289.1972
    1099    1255.8941
    1100    1227.8275
    1101    1212.1352
    1102    1211.8004
    1103    1225.1503
    1104    1246.9818
    1105    1270.6989
    1106    1290.6611
    1107    1304.0405
    1108    1311.5643
    1109    1316.4615
    1110    1321.6640
    1111    1327.4145
    1112    1331.5569
    1113    1331.6880
    1114    1327.0711
    1115    1319.4091
    1116    1312.3590
    1117    1310.0091
    1118    1314.9015
    1119    1326.4817
    1120    1340.8293
    1121    1352.0137
    1122    1354.6473
    1123    1346.5637
    1124    1330.4124
    1125    1313.3539
    1126    1304.7708
    1127    1312.7085
    1128    1340.3345
    1129    1383.8130
    1130    1432.5622
    1131    1472.0208
    1132    1488.1196
    1133    1471.9801
    1134    1423.2234
    1135    1350.6990
    1136    1270.2873
    1137    1200.3892
    1138    1156.4893
    1139    1146.5186
    1140    1168.5283
    1141    1211.4750
    1142    1258.9058
    1143    1294.3427
    1144    1306.5636
    1145    1293.0077
    1146    1260.2695
    1147    1221.6341
    1148    1192.5743
    1149    1185.6989
    1150    1206.7226
    1151    1252.6489
    1152    1312.6535
    1153    1371.3170
    1154    1413.2014
    1155    1427.4684
    1156    1411.2333
    1157    1370.5825
    1158    1318.7364
    1159    1271.7695
    1160    1243.3020
    1161    1240.0454
    1162    1259.7761
    1163    1292.3654
    1164    1323.4535
    1165    1339.5034
    1166    1332.5677
    1167    1303.1969
    1168    1260.4735
    1169    1219.0449
    1170    1194.0820
    1171    1195.9190
    1172    1226.3382
    1173    1277.8713
    1174    1336.3652
    1175    1385.8760
    1176    1414.0791
    1177    1416.1703
    1178    1395.8395
    1179    1363.1786
    1180    1330.5889
    1181    1308.3598
    1182    1301.4732
    1183    1308.5644
    1184    1323.1470
    1185    1336.4647
    1186    1340.8563
    1187    1332.4071
    1188    1311.9409
    1189    1284.1259
    1190    1255.2896
    1191    1231.0168
    1192    1214.5218
    1193    1206.2901
    1194    1204.8533
    1195    1208.0953
    1196    1214.3308
    1197    1222.6756
    1198    1232.7004
    1199    1243.7687
    1200    1254.5966
    1201    1263.3886
    1202    1268.5439
    1203    1269.5755
    1204    1267.7251
    1205    1265.8568
    1206    1267.5232
    1207    1275.4849
    1208    1290.2534
    1209    1309.3108
    1210    1327.4746
    1211    1338.4462
    1212    1337.0371
    1213    1321.2428
    1214    1293.3557
    1215    1259.6598
    1216    1228.7303
    1217    1208.8389
    1218    1205.3147
    1219    1218.7887
    1220    1244.9545
    1221    1275.9100
    1222    1302.5949
    1223    1317.5168
    1224    1316.9298
    1225    1301.8257
    1226    1277.4914
    1227    1251.7992
    1228    1232.7472
    1229    1225.9545
    1230    1232.8763
    1231    1250.3556
    1232    1271.7240
    1233    1289.0891
    1234    1296.0271
    1235    1289.8094
    1236    1272.4746
    1237    1250.3766
    1238    1232.2761
    1239    1226.5013
    1240    1238.0786
    1241    1266.8249
    1242    1307.1326
    1243    1349.6064
    1244    1384.0475
    1245    1402.7776
    1246    1403.1238
    1247    1388.1616
    1248    1365.4055
    1249    1343.8552
    1250    1330.4146
    1251    1327.0766
    1252    1330.1619
    1253    1332.0678
    1254    1324.7825
    1255    1303.6383
    1256    1269.7514
    1257    1230.1597
    1258    1195.5143
    1259    1176.1323
    1260    1177.9046
    1261    1199.6666
    1262    1233.1434
    1263    1265.6288
    1264    1284.5036
    1265    1281.9517
    1266    1258.0839
    1267    1221.2192
    1268    1185.0918
    1269    1163.8936
    1270    1166.9864
    1271    1195.4081
    1272    1241.5841
    1273    1292.2359
    1274    1333.2380
    1275    1354.5987
    1276    1353.7965
    1277    1336.3277
    1278    1313.3068
    1279    1297.0507
    1280    1296.3277
    1281    1313.0536
    1282    1341.6297
    1283    1371.0800
    1284    1389.1053
    1285    1386.5254
    1286    1360.5246
    1287    1315.6226
    1288    1262.1249
    1289    1212.6918
    1290    1178.2829
    1291    1164.9007
    1292    1172.1868
    1293    1194.2066
    1294    1221.9732
    1295    1246.6697
    1296    1262.3971
    1297    1267.5614
    1298    1264.6155
    1299    1258.4882
    1300    1254.4483
    1301    1256.2004
    1302    1264.7775
    1303    1278.4204
    1304    1293.3190
    1305    1304.8908
    1306    1309.1783
    1307    1303.9652
    1308    1289.3262
    1309    1267.4865
    1310    1242.0812
    1311    1217.1003
    1312    1195.9088
    1313    1180.6623
    1314    1172.2139
    1315    1170.4064
    1316    1174.5269
    1317    1183.6929
    1318    1197.0047
    1319    1213.4387
    1320    1231.5934
    1321    1249.5175
    1322    1264.8359
    1323    1275.2864
    1324    1279.5451
    1325    1278.0152
    1326    1273.1376
    1327    1268.9085
    1328    1269.5904
    1329    1277.9691
    1330    1293.8051
    1331    1313.1960
    1332    1329.3318
    1333    1334.5971
    1334    1323.3991
    1335    1294.7198
    1336    1253.3328
    1337    1208.9914
    1338    1173.5910
    1339    1157.1478
    1340    1164.0390
    1341    1191.0091
    1342    1227.8608
    1343    1260.7515
    1344    1277.0128
    1345    1269.7743
    1346    1240.6725
    1347    1199.5303
    1348    1160.9461
    1349    1138.8904
    1350    1141.3290
    1351    1167.0910
    1352    1206.2972
    1353    1244.0897
    1354    1266.1490
    1355    1263.9834
    1356    1238.0879
    1357    1197.7669
    1358    1157.6464
    1359    1132.2185
    1360    1130.5791
    1361    1153.3959
    1362    1193.1877
    1363    1237.6214
    1364    1274.3548
    1365    1295.4452
    1366    1299.6348
    1367    1291.7919
    1368    1279.9763
    1369    1271.5415
    1370    1269.9843
    1371    1273.7877
    1372    1277.5714
    1373    1274.8840
    1374    1261.3987
    1375    1237.2040
    1376    1207.2644
    1377    1179.8258
    1378    1163.3718
    1379    1163.3899
    1380    1180.3084
    1381    1209.4577
    1382    1242.9933
    1383    1272.9195
    1384    1293.9503
    1385    1305.1083
    1386    1309.5117
    1387    1312.5206
    1388    1319.0199
    1389    1330.9215
    1390    1345.8856
    1391    1357.8258
    1392    1359.0712
    1393    1343.3612
    1394    1308.5086
    1395    1257.7464
    1396    1199.2388
    1397    1143.8825
    1398    1102.1489
    1399    1081.0676
    1400    1082.3739
    1401    1102.4082
    1402    1133.7141
    1403    1167.7183
    1404    1197.5427
    1405    1220.0319
    1406    1236.3681
    1407    1251.1093
    1408    1269.9654
    1409    1297.0237
    1410    1332.4110
    1411    1371.3913
    1412    1405.4313
    1413    1424.8982
    1414    1422.3368
    1415    1395.1195
    1416    1346.6097
    1417    1285.5450
    1418    1223.8813
    1419    1173.7641
    1420    1144.4897
    1421    1140.2998
    1422    1159.5799
    1423    1195.6173
    1424    1238.6303
    1425    1278.4527
    1426    1307.1011
    1427    1320.5007
    1428    1318.9640
    1429    1306.4454
    1430    1288.9671
    1431    1272.7736
    1432    1262.6941
    1433    1260.9884
    1434    1266.8197
    1435    1276.5650
    1436    1285.0632
    1437    1287.4537
    1438    1280.9052
    1439    1265.6228
    1440    1244.8992
    1441    1224.3076
    1442    1210.2709
    1443    1208.3199
    1444    1221.4323
    1445    1248.8869
    1446    1285.9966
    1447    1324.8937
    1448    1356.2819
    1449    1371.7792
    1450    1366.2675
    1451    1339.5710
    1452    1296.8854
    1453    1247.6735
    1454    1203.1886
    1455    1173.2849
    1456    1163.4862
    1457    1173.3010
    1458    1196.4198
    1459    1222.8435
    1460    1242.3223
    1461    1247.9688
    1462    1238.7832
    1463    1220.1326
    1464    1201.8947
    1465    1194.8256
    1466    1206.3970
    1467    1237.6138
    1468    1282.0550
    1469    1327.6234
    1470    1360.5140
    1471    1370.0429
    1472    1352.5809
    1473    1313.1131
    1474    1263.7855
    1475    1219.9282
    1476    1194.9906
    1477    1196.1919
    1478    1222.3716
    1479    1264.6713
    1480    1309.6976
    1481    1343.9864
    1482    1358.2130
    1483    1349.7463
    1484    1322.8018
    1485    1286.3457
    1486    1250.6787
    1487    1223.9856
    1488    1210.0016
    1489    1207.4521
    1490    1211.2461
    1491    1214.8308
    1492    1212.7749
    1493    1202.6880
    1494    1185.8877
    1495    1166.7165
    1496    1150.8609
    1497    1143.3652
    1498    1147.0665
    1499    1161.9161
    1500    1185.2136
    1501    1212.4647
    1502    1238.4809
    1503    1258.4529
    1504    1268.8494
    1505    1268.0603
    1506    1256.7189
    1507    1237.6277
    1508    1215.2393
    1509    1194.7060
    1510    1180.6483
    1511    1175.9391
    1512    1180.8879
    1513    1193.1540
    1514    1208.4963
    1515    1222.1672
    1516    1230.5001
    1517    1232.1323
    1518    1228.4088
    1519    1222.8116
    1520    1219.6291
    1521    1222.3448
    1522    1232.3055
    1523    1248.1273
    1524    1266.0099
    1525    1280.8219
    1526    1287.6083
    1527    1283.0864
    1528    1266.6908
    1529    1240.8259
    1530    1210.2346
    1531    1180.7222
    1532    1157.6962
    1533    1144.9644
    1534    1144.0775
    1535    1154.2630
    1536    1172.8511
    1537    1196.0134
    1538    1219.6438
    1539    1240.2340
    1540    1255.5974
    1541    1265.2927
    1542    1270.6161
    1543    1274.0677
    1544    1278.3510
    1545    1285.1610
    1546    1294.1745
    1547    1302.7069
    1548    1306.3019
    1549    1300.2088
    1550    1281.3122
    1551    1249.8260
    1552    1210.0384
    1553    1169.6934
    1554    1138.0637
    1555    1123.2377
    1556    1129.4676
    1557    1155.4934
    1558    1194.5863
    1559    1236.5595
    1560    1271.1945
    1561    1291.7723
    1562    1297.2592
    1563    1292.3219
    1564    1285.2196
    1565    1284.3971
    1566    1295.0192
    1567    1316.7386
    1568    1343.5910
    1569    1366.0961
    1570    1374.7226
    1571    1363.3451
    1572    1331.4455
    1573    1284.4092
    1574    1231.9498
    1575    1185.1878
    1576    1153.3068
    1577    1140.8685
    1578    1146.6962
    1579    1164.6681
    1580    1186.0834
    1581    1202.7010
    1582    1209.3815
    1583    1205.4713
    1584    1194.5434
    1585    1182.6548
    1586    1175.7899
    1587    1177.4902
    1588    1187.6047
    1589    1202.5353
    1590    1216.6933
    1591    1224.5191
    1592    1222.3848
    1593    1209.8170
    1594    1189.7480
    1595    1167.7965
    1596    1150.8214
    1597    1145.1473
    1598    1154.9120
    1599    1180.9314
    1600    1220.3603
    1601    1267.2525
    1602    1313.9213
    1603    1352.7802
    1604    1378.1821
    1605    1387.7143
    1606    1382.5490
    1607    1366.7184
    1608    1345.5298
    1609    1323.6297
    1610    1303.3845
    1611    1284.1942
    1612    1263.0411
    1613    1236.1586
    1614    1201.2015
    1615    1159.0279
    1616    1114.3021
    1617    1074.5904
    1618    1048.2166
    1619    1041.6346
    1620    1057.2742
    1621    1092.6335
    1622    1140.9844
    1623    1193.4544
    1624    1241.6936
    1625    1280.0637
    1626    1306.5541
    1627    1322.2561
    1628    1329.8865
    1629    1332.1392
    1630    1330.5319
    1631    1325.0887
    1632    1314.8366
    1633    1298.7933
    1634    1276.9634
    1635    1250.8751
    1636    1223.4251
    1637    1198.1393
    1638    1178.2378
    1639    1165.9571
    1640    1162.3545
    1641    1167.5270
    1642    1180.9483
    1643    1201.6445
    1644    1228.0931
    1645    1257.9304
    1646    1287.7137
    1647    1312.9873
    1648    1328.8491
    1649    1331.0018
    1650    1317.0420
    1651    1287.5167
    1652    1246.2768
    1653    1199.8637
    1654    1156.0467
    1655    1121.9426
    1656    1102.3043
    1657    1098.4868
    1658    1108.3951
    1659    1127.4464
    1660    1150.2539
    1661    1172.4410
    1662    1191.9073
    1663    1209.1084
    1664    1226.3262
    1665    1246.2728
    1666    1270.5723
    1667    1298.6700
    1668    1327.5574
    1669    1352.3788
    1670    1367.6704
    1671    1368.8012
    1672    1353.2151
    1673    1321.2158
    1674    1276.1765
    1675    1224.1254
    1676    1172.7013
    1677    1129.5569
    1678    1100.4871
    1679    1087.7799
    1680    1089.4081
    1681    1099.5247
    1682    1110.2829
    1683    1114.4805
    1684    1108.1628
    1685    1092.2501
    1686    1072.5103
    1687    1057.7241
    1688    1056.5527
    1689    1074.1779
    1690    1109.9843
    1691    1157.2327
    1692    1204.9667
    1693    1241.5712
    1694    1258.7671
    1695    1254.5972
    1696    1234.2288
    1697    1208.1888
    1698    1188.5852
    1699    1184.6786
    1700    1199.4482
    1701    1228.4467
    1702    1261.4248
    1703    1286.1397
    1704    1292.9355
    1705    1278.3735
    1706    1246.5352
    1707    1207.5128
    1708    1173.6549
    1709    1154.9922
    1710    1155.6105
    1711    1172.3972
    1712    1196.6439
    1713    1217.7882
    1714    1227.6755
    1715    1223.5742
    1716    1208.8006
    1717    1190.8573
    1718    1177.9986
    1719    1175.7051
    1720    1184.4733
    1721    1199.7282
    1722    1213.7676
    1723    1218.8569
    1724    1210.2065
    1725    1187.6964
    1726    1155.7948
    1727    1121.8619
    1728    1093.5782
    1729    1076.4885
    1730    1072.5043
    1731    1079.8109
    1732    1094.0502
    1733    1110.1835
    1734    1124.2734
    1735    1134.5965
    1736    1141.8267
    1737    1148.3527
    1738    1157.0469
    1739    1169.9527
    1740    1187.3364
    1741    1207.3897
    1742    1226.6115
    1743    1240.6981
    1744    1245.6351
    1745    1238.6944
    1746    1219.1192
    1747    1188.3866
    1748    1150.0548
    1749    1109.2421
    1750    1071.8174
    1751    1043.4183
    1752    1028.4361
    1753    1029.1884
    1754    1045.5159
    1755    1074.9293
    1756    1113.2123
    1757    1155.2500
    1758    1195.8804
    1759    1230.6424
    1760    1256.3704
    1761    1271.5784
    1762    1276.5721
    1763    1273.2506
    1764    1264.6255
    1765    1254.1109
    1766    1244.6602
    1767    1237.8630
    1768    1233.2547
    1769    1228.2215
    1770    1218.7966
    1771    1201.3002
    1772    1174.2874
    1773    1139.9864
    1774    1104.4909
    1775    1076.4132
    1776    1064.3070
    1777    1073.6685
    1778    1104.5555
    1779    1150.7532
    1780    1201.0110
    1781    1242.1882
    1782    1263.3820
    1783    1259.6202
    1784    1233.7148
    1785    1195.4723
    1786    1158.4194
    1787    1135.1649
    1788    1133.0598
    1789    1151.6928
    1790    1183.0978
    1791    1214.5887
    1792    1233.2495
    1793    1230.5399
    1794    1205.4188
    1795    1164.8665
    1796    1121.5555
    1797    1089.4610
    1798    1078.9719
    1799    1093.2936
    1800    1127.4425
    1801    1170.1605
    1802    1208.0046
    1803    1230.1037
    1804    1231.8838
    1805    1216.4209
    1806    1192.9639
    1807    1173.2244
    1808    1166.8880
    1809    1178.0409
    1810    1203.7907
    1811    1235.4581
    1812    1261.7440
    1813    1272.6056
    1814    1262.5085
    1815    1232.1300
    1816    1188.1375
    1817    1141.1935
    1818    1102.8413
    1819    1082.2173
    1820    1083.5448
    1821    1105.0613
    1822    1139.6797
    1823    1177.2415
    1824    1207.6524
    1825    1223.8254
    1826    1223.4893
    1827    1209.4303
    1828    1188.2372
    1829    1168.0093
    1830    1155.7285
    1831    1155.0727
    1832    1165.3268
    1833    1181.7149
    1834    1197.0671
    1835    1204.3107
    1836    1198.9877
    1837    1180.9392
    1838    1154.5384
    1839    1127.3637
    1840    1107.7880
    1841    1102.3029
    1842    1113.4471
    1843    1139.0055
    1844    1172.7619
    1845    1206.5373
    1846    1232.7465
    1847    1246.5100
    1848    1246.5996
    1849    1235.0236
    1850    1215.6376
    1851    1192.5134
    1852    1168.7655
    1853    1146.2089
    1854    1125.7696
    1855    1108.2265
    1856    1094.7699
    1857    1086.9871
    1858    1086.2311
    1859    1092.7345
    1860    1105.0882
    1861    1120.5446
    1862    1136.0945
    1863    1149.8310
    1864    1161.9440
    1865    1174.8154
    1866    1192.0154
    1867    1216.4734
    1868    1248.5014
    1869    1284.4833
    1870    1316.8896
    1871    1336.0274
    1872    1333.4189
    1873    1305.6676
    1874    1256.8489
    1875    1198.0088
    1876    1143.7980
    1877    1107.5406
    1878    1096.6042
    1879    1109.8392
    1880    1138.0946
    1881    1167.6988
    1882    1185.6744
    1883    1184.7668
    1884    1166.3614
    1885    1140.0662
    1886    1119.9487
    1887    1118.7671
    1888    1142.4983
    1889    1187.4288
    1890    1241.0026
    1891    1286.0407
    1892    1306.7094
    1893    1294.0993
    1894    1249.4911
    1895    1184.1828
    1896    1115.9444
    1897    1063.3485
    1898    1039.9512
    1899    1050.3000
    1900    1089.0316
    1901    1143.2079
    1902    1196.9226
    1903    1236.5032
    1904    1254.5587
    1905    1251.6353
    1906    1235.1365
    1907    1216.0969
    1908    1205.0549
    1909    1208.4429
    1910    1226.6105
    1911    1253.9444
    1912    1280.8648
    1913    1296.9509
    1914    1294.2220
    1915    1269.6456
    1916    1226.1961
    1917    1172.2051
    1918    1119.2068
    1919    1078.8777
    1920    1059.9152
    1921    1065.6899
    1922    1093.3003
    1923    1134.2923
    1924    1176.9231
    1925    1209.4162
    1926    1223.2903
    1927    1215.7295
    1928    1190.2244
    1929    1155.2784
    1930    1121.6141
    1931    1098.7944
    1932    1092.3417
    1933    1102.2906
    1934    1123.6211
    1935    1148.3603
    1936    1168.5440
    1937    1178.9413
    1938    1178.5639
    1939    1170.5196
    1940    1160.4690
    1941    1154.4489
    1942    1156.8927
    1943    1169.3565
    1944    1190.1084
    1945    1214.6135
    1946    1236.8300
    1947    1250.9750
    1948    1253.2214
    1949    1242.7677
    1950    1221.9072
    1951    1195.0632
    1952    1167.2480
    1953    1142.7433
    1954    1124.5456
    1955    1114.4430
    1956    1113.2043
    1957    1120.6124
    1958    1135.3994
    1959    1155.2780
    1960    1177.1835
    1961    1197.7390
    1962    1213.8902
    1963    1223.5783
    1964    1226.2094
    1965    1222.6900
    1966    1214.9583
    1967    1205.1864
    1968    1195.0033
    1969    1185.0754
    1970    1175.2128
    1971    1164.8935
    1972    1153.8857
    1973    1142.6297
    1974    1132.2045
    1975    1123.9476
    1976    1118.9641
    1977    1117.8106
    1978    1120.5360
    1979    1127.0286
    1980    1137.4113
    1981    1152.1446
    1982    1171.6381
    1983    1195.4340
    1984    1221.3349
    1985    1245.0516
    1986    1260.8424
    1987    1263.1732
    1988    1248.8383
    1989    1218.6742
    1990    1178.0938
    1991    1136.0655
    1992    1102.6840
    1993    1086.0045
    1994    1089.2121
    1995    1109.2908
    1996    1137.9414
    1997    1164.5731
    1998    1180.2304
    1999    1180.9091
    2000    1169.0126
