       0.000       0.00
       1.000       9.93
       2.000      19.38
       3.000      28.94
       4.000      38.90
       5.000      49.57
       6.000      59.00
       7.000      68.94
       8.000      78.75
       9.000      88.79
      10.000      99.75
      11.000     107.94
      12.000     119.83
      13.000     128.56
      14.000     139.27
      15.000     147.77
      16.000     158.73
      17.000     168.39
      18.000     179.95
      19.000     186.67
      20.000     198.12
      21.000     204.77
      22.000     210.38
      23.000     212.67
      24.000     219.95
      25.000     224.02
      26.000     229.31
      27.000     233.26
      28.000     237.27
      29.000     245.26
      30.000     249.51
      31.000     254.11
      32.000     259.88
      33.000     263.88
      34.000     270.85
      35.000     273.23
      36.000     279.36
      37.000     284.69
      38.000     289.40
      39.000     292.60
      40.000     296.93
      41.000     301.13
      42.000     298.69
      43.000     298.53
      44.000     299.86
      45.000     302.21
      46.000     299.04
      47.000     299.87
      48.000     299.85
      49.000     300.12
      50.000     298.88
      51.000     302.98
      52.000     299.91
      53.000     300.02
      54.000     300.18
      55.000     299.88
      56.000     299.86
      57.000     299.41
      58.000     301.97
      59.000     300.48
      60.000     301.44
      61.000     298.77
      62.000     300.22
      63.000     299.44
      64.000     296.90
      65.000     299.88
      66.000     298.64
      67.000     296.46
      68.000     299.84
      69.000     299.02
      70.000     302.71
      71.000     300.31
      72.000     298.29
      73.000     298.47
      74.000     301.28
      75.000     296.89
      76.000     298.28
      77.000     301.30
      78.000     303.63
      79.000     301.84
      80.000     301.42
      81.000     300.46
      82.000     300.43
      83.000     302.57
      84.000     299.23
      85.000     296.77
      86.000     301.94
      87.000     297.26
      88.000     299.83
      89.000     300.55
      90.000     300.11
      91.000     299.92
      92.000     300.01
      93.000     297.81
      94.000     300.25
      95.000     298.71
      96.000     298.05
      97.000     303.06
      98.000     300.78
      99.000     298.24
     100.000     301.44
     101.000     300.69
     102.000     300.55
     103.000     298.39
     104.000     296.72
     105.000     300.51
     106.000     298.47
     107.000     300.03
     108.000     300.67
     109.000     300.71
     110.000     301.00
     111.000     301.04
     112.000     300.29
     113.000     302.35
     114.000     300.88
     115.000     301.21
     116.000     300.32
     117.000     299.87
     118.000     299.87
     119.000     300.76
     120.000     299.55
     121.000     299.11
     122.000     297.18
     123.000     297.49
     124.000     299.22
     125.000     301.81
     126.000     301.18
     127.000     298.81
     128.000     302.32
     129.000     297.64
     130.000     298.18
     131.000     299.92
     132.000     298.82
     133.000     299.53
     134.000     302.63
     135.000     298.99
     136.000     300.85
     137.000     299.29
     138.000     301.25
     139.000     299.42
     140.000     298.45
